,action,step,s_X0,s_X1,s_X2,s_X3,s_X4
0,-,0,0,0,0,0,0
1,REST_X0,1,10,0,0,0,0
2,[X0_X4_GET_req],2,11,0,0,0,1
3,REST_X4,3,11,0,0,0,2
4,REST_X4,4,11,0,0,0,5
5,[X4_X1_GET_req],5,11,1,0,0,6
6,REST_X1,6,11,2,0,0,6
7,REST_X1,7,11,5,0,0,6
8,[X1_X2_GET_req],8,11,6,1,0,6
9,REST_X2,9,11,6,2,0,6
10,REST_X2,10,11,6,3,0,6
11,[X1_X2_GET_resp_2xx],11,11,3,0,0,6
12,[X4_X1_GET_resp_2xx],12,11,0,0,0,3
13,[X0_X4_GET_resp_2xx],13,0,0,0,0,0
14,REST_X0,14,10,0,0,0,0
15,[X0_X4_GET_req],15,11,0,0,0,1
16,REST_X4,16,11,0,0,0,2
17,REST_X4,17,11,0,0,0,5
18,[X4_X1_GET_req],18,11,1,0,0,6
19,REST_X1,19,11,2,0,0,6
20,REST_X1,20,11,5,0,0,6
21,[X1_X2_GET_req],21,11,6,1,0,6
22,REST_X2,22,11,6,2,0,6
23,REST_X2,23,11,6,4,0,6
24,[X1_X2_GET_resp_5xx],24,11,7,0,0,6
25,[X1_X2_GET_req],25,11,8,1,0,6
26,REST_X2,26,11,8,2,0,6
27,REST_X2,27,11,8,3,0,6
28,[X1_X2_GET_resp_2xx],28,11,3,0,0,6
29,[X4_X1_GET_resp_2xx],29,11,0,0,0,3
30,[X0_X4_GET_resp_2xx],30,0,0,0,0,0
31,REST_X0,31,10,0,0,0,0
32,[X0_X4_GET_req],32,11,0,0,0,1
33,REST_X4,33,11,0,0,0,2
34,REST_X4,34,11,0,0,0,5
35,[X4_X1_GET_req],35,11,1,0,0,6
36,REST_X1,36,11,2,0,0,6
37,REST_X1,37,11,5,0,0,6
38,[X1_X2_GET_req],38,11,6,1,0,6
39,REST_X2,39,11,6,2,0,6
40,REST_X2,40,11,6,3,0,6
41,[X1_X2_GET_resp_2xx],41,11,3,0,0,6
42,[X4_X1_GET_resp_2xx],42,11,0,0,0,3
43,[X0_X4_GET_resp_2xx],43,0,0,0,0,0
44,REST_X0,44,10,0,0,0,0
45,[X0_X4_GET_req],45,11,0,0,0,1
46,REST_X4,46,11,0,0,0,2
47,REST_X4,47,11,0,0,0,5
48,[X4_X1_GET_req],48,11,1,0,0,6
49,REST_X1,49,11,2,0,0,6
50,REST_X1,50,11,5,0,0,6
51,[X1_X2_GET_req],51,11,6,1,0,6
52,REST_X2,52,11,6,2,0,6
53,REST_X2,53,11,6,4,0,6
54,[X1_X2_GET_resp_5xx],54,11,7,0,0,6
55,[X1_X2_GET_req],55,11,8,1,0,6
56,REST_X2,56,11,8,2,0,6
57,REST_X2,57,11,8,3,0,6
58,[X1_X2_GET_resp_2xx],58,11,3,0,0,6
59,[X4_X1_GET_resp_2xx],59,11,0,0,0,3
60,[X0_X4_GET_resp_2xx],60,0,0,0,0,0
61,REST_X0,61,10,0,0,0,0
62,[X0_X4_GET_req],62,11,0,0,0,1
63,REST_X4,63,11,0,0,0,2
64,REST_X4,64,11,0,0,0,5
65,[X4_X1_GET_req],65,11,1,0,0,6
66,REST_X1,66,11,2,0,0,6
67,REST_X1,67,11,5,0,0,6
68,[X1_X2_GET_req],68,11,6,1,0,6
69,REST_X2,69,11,6,2,0,6
70,REST_X2,70,11,6,3,0,6
71,[X1_X2_GET_resp_2xx],71,11,3,0,0,6
72,[X4_X1_GET_resp_2xx],72,11,0,0,0,3
73,[X0_X4_GET_resp_2xx],73,0,0,0,0,0
74,REST_X0,74,2,0,0,0,0
75,[X0_X3_GET_req],75,3,0,0,1,0
76,REST_X3,76,3,0,0,2,0
77,REST_X3,77,3,0,0,3,0
78,[X0_X3_GET_resp_2xx],78,0,0,0,0,0
79,REST_X0,79,10,0,0,0,0
80,[X0_X4_GET_req],80,11,0,0,0,1
81,REST_X4,81,11,0,0,0,2
82,REST_X4,82,11,0,0,0,5
83,[X4_X1_GET_req],83,11,1,0,0,6
84,REST_X1,84,11,2,0,0,6
85,REST_X1,85,11,5,0,0,6
86,[X1_X2_GET_req],86,11,6,1,0,6
87,REST_X2,87,11,6,2,0,6
88,REST_X2,88,11,6,4,0,6
89,[X1_X2_GET_resp_5xx],89,11,7,0,0,6
90,[X1_X2_GET_req],90,11,8,1,0,6
91,REST_X2,91,11,8,2,0,6
92,REST_X2,92,11,8,3,0,6
93,[X1_X2_GET_resp_2xx],93,11,3,0,0,6
94,[X4_X1_GET_resp_2xx],94,11,0,0,0,3
95,[X0_X4_GET_resp_2xx],95,0,0,0,0,0
96,REST_X0,96,10,0,0,0,0
97,[X0_X4_GET_req],97,11,0,0,0,1
98,REST_X4,98,11,0,0,0,2
99,REST_X4,99,11,0,0,0,5
100,[X4_X1_GET_req],100,11,1,0,0,6
101,REST_X1,101,11,2,0,0,6
102,REST_X1,102,11,5,0,0,6
103,[X1_X2_GET_req],103,11,6,1,0,6
104,REST_X2,104,11,6,2,0,6
105,REST_X2,105,11,6,3,0,6
106,[X1_X2_GET_resp_2xx],106,11,3,0,0,6
107,[X4_X1_GET_resp_2xx],107,11,0,0,0,3
108,[X0_X4_GET_resp_2xx],108,0,0,0,0,0
109,REST_X0,109,10,0,0,0,0
110,[X0_X4_GET_req],110,11,0,0,0,1
111,REST_X4,111,11,0,0,0,2
112,REST_X4,112,11,0,0,0,5
113,[X4_X1_GET_req],113,11,1,0,0,6
114,REST_X1,114,11,2,0,0,6
115,REST_X1,115,11,5,0,0,6
116,[X1_X2_GET_req],116,11,6,1,0,6
117,REST_X2,117,11,6,2,0,6
118,REST_X2,118,11,6,3,0,6
119,[X1_X2_GET_resp_2xx],119,11,3,0,0,6
120,[X4_X1_GET_resp_2xx],120,11,0,0,0,3
121,[X0_X4_GET_resp_2xx],121,0,0,0,0,0
122,REST_X0,122,2,0,0,0,0
123,[X0_X3_GET_req],123,3,0,0,1,0
124,REST_X3,124,3,0,0,2,0
125,REST_X3,125,3,0,0,3,0
126,[X0_X3_GET_resp_2xx],126,0,0,0,0,0
127,REST_X0,127,10,0,0,0,0
128,[X0_X4_GET_req],128,11,0,0,0,1
129,REST_X4,129,11,0,0,0,2
130,REST_X4,130,11,0,0,0,5
131,[X4_X1_GET_req],131,11,1,0,0,6
132,REST_X1,132,11,2,0,0,6
133,REST_X1,133,11,5,0,0,6
134,[X1_X2_GET_req],134,11,6,1,0,6
135,REST_X2,135,11,6,2,0,6
136,REST_X2,136,11,6,3,0,6
137,[X1_X2_GET_resp_2xx],137,11,3,0,0,6
138,[X4_X1_GET_resp_2xx],138,11,0,0,0,3
139,[X0_X4_GET_resp_2xx],139,0,0,0,0,0
140,REST_X0,140,2,0,0,0,0
141,[X0_X3_GET_req],141,3,0,0,1,0
142,REST_X3,142,3,0,0,2,0
143,REST_X3,143,3,0,0,3,0
144,[X0_X3_GET_resp_2xx],144,0,0,0,0,0
145,REST_X0,145,10,0,0,0,0
146,[X0_X4_GET_req],146,11,0,0,0,1
147,REST_X4,147,11,0,0,0,2
148,REST_X4,148,11,0,0,0,5
149,[X4_X1_GET_req],149,11,1,0,0,6
150,REST_X1,150,11,2,0,0,6
151,REST_X1,151,11,5,0,0,6
152,[X1_X2_GET_req],152,11,6,1,0,6
153,REST_X2,153,11,6,2,0,6
154,REST_X2,154,11,6,3,0,6
155,[X1_X2_GET_resp_2xx],155,11,3,0,0,6
156,[X4_X1_GET_resp_2xx],156,11,0,0,0,3
157,[X0_X4_GET_resp_2xx],157,0,0,0,0,0
158,REST_X0,158,10,0,0,0,0
159,[X0_X4_GET_req],159,11,0,0,0,1
160,REST_X4,160,11,0,0,0,2
161,REST_X4,161,11,0,0,0,5
162,[X4_X1_GET_req],162,11,1,0,0,6
163,REST_X1,163,11,2,0,0,6
164,REST_X1,164,11,5,0,0,6
165,[X1_X2_GET_req],165,11,6,1,0,6
166,REST_X2,166,11,6,2,0,6
167,REST_X2,167,11,6,3,0,6
168,[X1_X2_GET_resp_2xx],168,11,3,0,0,6
169,[X4_X1_GET_resp_2xx],169,11,0,0,0,3
170,[X0_X4_GET_resp_2xx],170,0,0,0,0,0
171,REST_X0,171,10,0,0,0,0
172,[X0_X4_GET_req],172,11,0,0,0,1
173,REST_X4,173,11,0,0,0,2
174,REST_X4,174,11,0,0,0,5
175,[X4_X1_GET_req],175,11,1,0,0,6
176,REST_X1,176,11,2,0,0,6
177,REST_X1,177,11,5,0,0,6
178,[X1_X2_GET_req],178,11,6,1,0,6
179,REST_X2,179,11,6,2,0,6
180,REST_X2,180,11,6,3,0,6
181,[X1_X2_GET_resp_2xx],181,11,3,0,0,6
182,[X4_X1_GET_resp_2xx],182,11,0,0,0,3
183,[X0_X4_GET_resp_2xx],183,0,0,0,0,0
184,REST_X0,184,2,0,0,0,0
185,[X0_X3_GET_req],185,3,0,0,1,0
186,REST_X3,186,3,0,0,2,0
187,REST_X3,187,3,0,0,3,0
188,[X0_X3_GET_resp_2xx],188,0,0,0,0,0
189,REST_X0,189,10,0,0,0,0
190,[X0_X4_GET_req],190,11,0,0,0,1
191,REST_X4,191,11,0,0,0,2
192,REST_X4,192,11,0,0,0,5
193,[X4_X1_GET_req],193,11,1,0,0,6
194,REST_X1,194,11,2,0,0,6
195,REST_X1,195,11,5,0,0,6
196,[X1_X2_GET_req],196,11,6,1,0,6
197,REST_X2,197,11,6,2,0,6
198,REST_X2,198,11,6,3,0,6
199,[X1_X2_GET_resp_2xx],199,11,3,0,0,6
200,[X4_X1_GET_resp_2xx],200,11,0,0,0,3
201,[X0_X4_GET_resp_2xx],201,0,0,0,0,0
202,REST_X0,202,10,0,0,0,0
203,[X0_X4_GET_req],203,11,0,0,0,1
204,REST_X4,204,11,0,0,0,2
205,REST_X4,205,11,0,0,0,5
206,[X4_X1_GET_req],206,11,1,0,0,6
207,REST_X1,207,11,2,0,0,6
208,REST_X1,208,11,5,0,0,6
209,[X1_X2_GET_req],209,11,6,1,0,6
210,REST_X2,210,11,6,2,0,6
211,REST_X2,211,11,6,3,0,6
212,[X1_X2_GET_resp_2xx],212,11,3,0,0,6
213,[X4_X1_GET_resp_2xx],213,11,0,0,0,3
214,[X0_X4_GET_resp_2xx],214,0,0,0,0,0
215,REST_X0,215,10,0,0,0,0
216,[X0_X4_GET_req],216,11,0,0,0,1
217,REST_X4,217,11,0,0,0,2
218,REST_X4,218,11,0,0,0,5
219,[X4_X1_GET_req],219,11,1,0,0,6
220,REST_X1,220,11,2,0,0,6
221,REST_X1,221,11,5,0,0,6
222,[X1_X2_GET_req],222,11,6,1,0,6
223,REST_X2,223,11,6,2,0,6
224,REST_X2,224,11,6,3,0,6
225,[X1_X2_GET_resp_2xx],225,11,3,0,0,6
226,[X4_X1_GET_resp_2xx],226,11,0,0,0,3
227,[X0_X4_GET_resp_2xx],227,0,0,0,0,0
228,REST_X0,228,10,0,0,0,0
229,[X0_X4_GET_req],229,11,0,0,0,1
230,REST_X4,230,11,0,0,0,2
231,REST_X4,231,11,0,0,0,5
232,[X4_X1_GET_req],232,11,1,0,0,6
233,REST_X1,233,11,2,0,0,6
234,REST_X1,234,11,5,0,0,6
235,[X1_X2_GET_req],235,11,6,1,0,6
236,REST_X2,236,11,6,2,0,6
237,REST_X2,237,11,6,3,0,6
238,[X1_X2_GET_resp_2xx],238,11,3,0,0,6
239,[X4_X1_GET_resp_2xx],239,11,0,0,0,3
240,[X0_X4_GET_resp_2xx],240,0,0,0,0,0
241,REST_X0,241,2,0,0,0,0
242,[X0_X3_GET_req],242,3,0,0,1,0
243,REST_X3,243,3,0,0,2,0
244,REST_X3,244,3,0,0,3,0
245,[X0_X3_GET_resp_2xx],245,0,0,0,0,0
246,REST_X0,246,2,0,0,0,0
247,[X0_X3_GET_req],247,3,0,0,1,0
248,REST_X3,248,3,0,0,2,0
249,REST_X3,249,3,0,0,3,0
250,[X0_X3_GET_resp_2xx],250,0,0,0,0,0
251,REST_X0,251,10,0,0,0,0
252,[X0_X4_GET_req],252,11,0,0,0,1
253,REST_X4,253,11,0,0,0,2
254,REST_X4,254,11,0,0,0,5
255,[X4_X1_GET_req],255,11,1,0,0,6
256,REST_X1,256,11,2,0,0,6
257,REST_X1,257,11,5,0,0,6
258,[X1_X2_GET_req],258,11,6,1,0,6
259,REST_X2,259,11,6,2,0,6
260,REST_X2,260,11,6,3,0,6
261,[X1_X2_GET_resp_2xx],261,11,3,0,0,6
262,[X4_X1_GET_resp_2xx],262,11,0,0,0,3
263,[X0_X4_GET_resp_2xx],263,0,0,0,0,0
264,REST_X0,264,2,0,0,0,0
265,[X0_X3_GET_req],265,3,0,0,1,0
266,REST_X3,266,3,0,0,2,0
267,REST_X3,267,3,0,0,3,0
268,[X0_X3_GET_resp_2xx],268,0,0,0,0,0
269,REST_X0,269,10,0,0,0,0
270,[X0_X4_GET_req],270,11,0,0,0,1
271,REST_X4,271,11,0,0,0,2
272,REST_X4,272,11,0,0,0,5
273,[X4_X1_GET_req],273,11,1,0,0,6
274,REST_X1,274,11,2,0,0,6
275,REST_X1,275,11,5,0,0,6
276,[X1_X2_GET_req],276,11,6,1,0,6
277,REST_X2,277,11,6,2,0,6
278,REST_X2,278,11,6,3,0,6
279,[X1_X2_GET_resp_2xx],279,11,3,0,0,6
280,[X4_X1_GET_resp_2xx],280,11,0,0,0,3
281,[X0_X4_GET_resp_2xx],281,0,0,0,0,0
282,REST_X0,282,2,0,0,0,0
283,[X0_X3_GET_req],283,3,0,0,1,0
284,REST_X3,284,3,0,0,2,0
285,REST_X3,285,3,0,0,3,0
286,[X0_X3_GET_resp_2xx],286,0,0,0,0,0
287,REST_X0,287,2,0,0,0,0
288,[X0_X3_GET_req],288,3,0,0,1,0
289,REST_X3,289,3,0,0,2,0
290,REST_X3,290,3,0,0,4,0
291,[X0_X3_GET_resp_5xx],291,4,0,0,0,0
292,[X0_X3_GET_req],292,5,0,0,1,0
293,REST_X3,293,5,0,0,2,0
294,REST_X3,294,5,0,0,4,0
295,[X0_X3_GET_resp_5xx],295,6,0,0,0,0
296,[X0_X3_GET_req],296,7,0,0,1,0
297,REST_X3,297,7,0,0,2,0
298,REST_X3,298,7,0,0,3,0
299,[X0_X3_GET_resp_2xx],299,0,0,0,0,0
300,REST_X0,300,2,0,0,0,0
301,[X0_X3_GET_req],301,3,0,0,1,0
302,REST_X3,302,3,0,0,2,0
303,REST_X3,303,3,0,0,3,0
304,[X0_X3_GET_resp_2xx],304,0,0,0,0,0
305,REST_X0,305,10,0,0,0,0
306,[X0_X4_GET_req],306,11,0,0,0,1
307,REST_X4,307,11,0,0,0,2
308,REST_X4,308,11,0,0,0,5
309,[X4_X1_GET_req],309,11,1,0,0,6
310,REST_X1,310,11,2,0,0,6
311,REST_X1,311,11,5,0,0,6
312,[X1_X2_GET_req],312,11,6,1,0,6
313,REST_X2,313,11,6,2,0,6
314,REST_X2,314,11,6,3,0,6
315,[X1_X2_GET_resp_2xx],315,11,3,0,0,6
316,[X4_X1_GET_resp_2xx],316,11,0,0,0,3
317,[X0_X4_GET_resp_2xx],317,0,0,0,0,0
318,REST_X0,318,2,0,0,0,0
319,[X0_X3_GET_req],319,3,0,0,1,0
320,REST_X3,320,3,0,0,2,0
321,REST_X3,321,3,0,0,3,0
322,[X0_X3_GET_resp_2xx],322,0,0,0,0,0
323,REST_X0,323,10,0,0,0,0
324,[X0_X4_GET_req],324,11,0,0,0,1
325,REST_X4,325,11,0,0,0,2
326,REST_X4,326,11,0,0,0,5
327,[X4_X1_GET_req],327,11,1,0,0,6
328,REST_X1,328,11,2,0,0,6
329,REST_X1,329,11,5,0,0,6
330,[X1_X2_GET_req],330,11,6,1,0,6
331,REST_X2,331,11,6,2,0,6
332,REST_X2,332,11,6,3,0,6
333,[X1_X2_GET_resp_2xx],333,11,3,0,0,6
334,[X4_X1_GET_resp_2xx],334,11,0,0,0,3
335,[X0_X4_GET_resp_2xx],335,0,0,0,0,0
336,REST_X0,336,2,0,0,0,0
337,[X0_X3_GET_req],337,3,0,0,1,0
338,REST_X3,338,3,0,0,2,0
339,REST_X3,339,3,0,0,3,0
340,[X0_X3_GET_resp_2xx],340,0,0,0,0,0
341,REST_X0,341,2,0,0,0,0
342,[X0_X3_GET_req],342,3,0,0,1,0
343,REST_X3,343,3,0,0,2,0
344,REST_X3,344,3,0,0,3,0
345,[X0_X3_GET_resp_2xx],345,0,0,0,0,0
346,REST_X0,346,2,0,0,0,0
347,[X0_X3_GET_req],347,3,0,0,1,0
348,REST_X3,348,3,0,0,2,0
349,REST_X3,349,3,0,0,3,0
350,[X0_X3_GET_resp_2xx],350,0,0,0,0,0
351,REST_X0,351,2,0,0,0,0
352,[X0_X3_GET_req],352,3,0,0,1,0
353,REST_X3,353,3,0,0,2,0
354,REST_X3,354,3,0,0,3,0
355,[X0_X3_GET_resp_2xx],355,0,0,0,0,0
356,REST_X0,356,2,0,0,0,0
357,[X0_X3_GET_req],357,3,0,0,1,0
358,REST_X3,358,3,0,0,2,0
359,REST_X3,359,3,0,0,3,0
360,[X0_X3_GET_resp_2xx],360,0,0,0,0,0
361,REST_X0,361,10,0,0,0,0
362,[X0_X4_GET_req],362,11,0,0,0,1
363,REST_X4,363,11,0,0,0,2
364,REST_X4,364,11,0,0,0,5
365,[X4_X1_GET_req],365,11,1,0,0,6
366,REST_X1,366,11,2,0,0,6
367,REST_X1,367,11,5,0,0,6
368,[X1_X2_GET_req],368,11,6,1,0,6
369,REST_X2,369,11,6,2,0,6
370,REST_X2,370,11,6,3,0,6
371,[X1_X2_GET_resp_2xx],371,11,3,0,0,6
372,[X4_X1_GET_resp_2xx],372,11,0,0,0,3
373,[X0_X4_GET_resp_2xx],373,0,0,0,0,0
374,REST_X0,374,2,0,0,0,0
375,[X0_X3_GET_req],375,3,0,0,1,0
376,REST_X3,376,3,0,0,2,0
377,REST_X3,377,3,0,0,3,0
378,[X0_X3_GET_resp_2xx],378,0,0,0,0,0
379,REST_X0,379,2,0,0,0,0
380,[X0_X3_GET_req],380,3,0,0,1,0
381,REST_X3,381,3,0,0,2,0
382,REST_X3,382,3,0,0,3,0
383,[X0_X3_GET_resp_2xx],383,0,0,0,0,0
384,REST_X0,384,2,0,0,0,0
385,[X0_X3_GET_req],385,3,0,0,1,0
386,REST_X3,386,3,0,0,2,0
387,REST_X3,387,3,0,0,3,0
388,[X0_X3_GET_resp_2xx],388,0,0,0,0,0
389,REST_X0,389,2,0,0,0,0
390,[X0_X3_GET_req],390,3,0,0,1,0
391,REST_X3,391,3,0,0,2,0
392,REST_X3,392,3,0,0,3,0
393,[X0_X3_GET_resp_2xx],393,0,0,0,0,0
394,REST_X0,394,2,0,0,0,0
395,[X0_X3_GET_req],395,3,0,0,1,0
396,REST_X3,396,3,0,0,2,0
397,REST_X3,397,3,0,0,3,0
398,[X0_X3_GET_resp_2xx],398,0,0,0,0,0
399,REST_X0,399,10,0,0,0,0
400,[X0_X4_GET_req],400,11,0,0,0,1
401,REST_X4,401,11,0,0,0,2
402,REST_X4,402,11,0,0,0,5
403,[X4_X1_GET_req],403,11,1,0,0,6
404,REST_X1,404,11,2,0,0,6
405,REST_X1,405,11,5,0,0,6
406,[X1_X2_GET_req],406,11,6,1,0,6
407,REST_X2,407,11,6,2,0,6
408,REST_X2,408,11,6,3,0,6
409,[X1_X2_GET_resp_2xx],409,11,3,0,0,6
410,[X4_X1_GET_resp_2xx],410,11,0,0,0,3
411,[X0_X4_GET_resp_2xx],411,0,0,0,0,0
412,REST_X0,412,2,0,0,0,0
413,[X0_X3_GET_req],413,3,0,0,1,0
414,REST_X3,414,3,0,0,2,0
415,REST_X3,415,3,0,0,3,0
416,[X0_X3_GET_resp_2xx],416,0,0,0,0,0
417,REST_X0,417,10,0,0,0,0
418,[X0_X4_GET_req],418,11,0,0,0,1
419,REST_X4,419,11,0,0,0,2
420,REST_X4,420,11,0,0,0,5
421,[X4_X1_GET_req],421,11,1,0,0,6
422,REST_X1,422,11,2,0,0,6
423,REST_X1,423,11,5,0,0,6
424,[X1_X2_GET_req],424,11,6,1,0,6
425,REST_X2,425,11,6,2,0,6
426,REST_X2,426,11,6,3,0,6
427,[X1_X2_GET_resp_2xx],427,11,3,0,0,6
428,[X4_X1_GET_resp_2xx],428,11,0,0,0,3
429,[X0_X4_GET_resp_2xx],429,0,0,0,0,0
430,REST_X0,430,10,0,0,0,0
431,[X0_X4_GET_req],431,11,0,0,0,1
432,REST_X4,432,11,0,0,0,2
433,REST_X4,433,11,0,0,0,5
434,[X4_X1_GET_req],434,11,1,0,0,6
435,REST_X1,435,11,2,0,0,6
436,REST_X1,436,11,5,0,0,6
437,[X1_X2_GET_req],437,11,6,1,0,6
438,REST_X2,438,11,6,2,0,6
439,REST_X2,439,11,6,3,0,6
440,[X1_X2_GET_resp_2xx],440,11,3,0,0,6
441,[X4_X1_GET_resp_2xx],441,11,0,0,0,3
442,[X0_X4_GET_resp_2xx],442,0,0,0,0,0
443,REST_X0,443,10,0,0,0,0
444,[X0_X4_GET_req],444,11,0,0,0,1
445,REST_X4,445,11,0,0,0,2
446,REST_X4,446,11,0,0,0,5
447,[X4_X1_GET_req],447,11,1,0,0,6
448,REST_X1,448,11,2,0,0,6
449,REST_X1,449,11,5,0,0,6
450,[X1_X2_GET_req],450,11,6,1,0,6
451,REST_X2,451,11,6,2,0,6
452,REST_X2,452,11,6,3,0,6
453,[X1_X2_GET_resp_2xx],453,11,3,0,0,6
454,[X4_X1_GET_resp_2xx],454,11,0,0,0,3
455,[X0_X4_GET_resp_2xx],455,0,0,0,0,0
456,REST_X0,456,10,0,0,0,0
457,[X0_X4_GET_req],457,11,0,0,0,1
458,REST_X4,458,11,0,0,0,2
459,REST_X4,459,11,0,0,0,5
460,[X4_X1_GET_req],460,11,1,0,0,6
461,REST_X1,461,11,2,0,0,6
462,REST_X1,462,11,5,0,0,6
463,[X1_X2_GET_req],463,11,6,1,0,6
464,REST_X2,464,11,6,2,0,6
465,REST_X2,465,11,6,3,0,6
466,[X1_X2_GET_resp_2xx],466,11,3,0,0,6
467,[X4_X1_GET_resp_2xx],467,11,0,0,0,3
468,[X0_X4_GET_resp_2xx],468,0,0,0,0,0
469,REST_X0,469,10,0,0,0,0
470,[X0_X4_GET_req],470,11,0,0,0,1
471,REST_X4,471,11,0,0,0,2
472,REST_X4,472,11,0,0,0,5
473,[X4_X1_GET_req],473,11,1,0,0,6
474,REST_X1,474,11,2,0,0,6
475,REST_X1,475,11,5,0,0,6
476,[X1_X2_GET_req],476,11,6,1,0,6
477,REST_X2,477,11,6,2,0,6
478,REST_X2,478,11,6,3,0,6
479,[X1_X2_GET_resp_2xx],479,11,3,0,0,6
480,[X4_X1_GET_resp_2xx],480,11,0,0,0,3
481,[X0_X4_GET_resp_2xx],481,0,0,0,0,0
482,REST_X0,482,2,0,0,0,0
483,[X0_X3_GET_req],483,3,0,0,1,0
484,REST_X3,484,3,0,0,2,0
485,REST_X3,485,3,0,0,3,0
486,[X0_X3_GET_resp_2xx],486,0,0,0,0,0
487,REST_X0,487,2,0,0,0,0
488,[X0_X3_GET_req],488,3,0,0,1,0
489,REST_X3,489,3,0,0,2,0
490,REST_X3,490,3,0,0,3,0
491,[X0_X3_GET_resp_2xx],491,0,0,0,0,0
492,REST_X0,492,2,0,0,0,0
493,[X0_X3_GET_req],493,3,0,0,1,0
494,REST_X3,494,3,0,0,2,0
495,REST_X3,495,3,0,0,3,0
496,[X0_X3_GET_resp_2xx],496,0,0,0,0,0
497,REST_X0,497,2,0,0,0,0
498,[X0_X3_GET_req],498,3,0,0,1,0
499,REST_X3,499,3,0,0,2,0
500,REST_X3,500,3,0,0,4,0
