,action,step,s_X0,s_X1,s_X2,s_X3,s_X4,s_X5,s_X6,s_X7,s_X8,s_X9,s_X10,s_X11,s_X12,s_X13,s_X14
0,-,0,0,0,0,0,0,0,0,0,0,0,0,0,0,0,0
1,REST_X0,1,2,0,0,0,0,0,0,0,0,0,0,0,0,0,0
2,[X0_X1_GET_req],2,3,1,0,0,0,0,0,0,0,0,0,0,0,0,0
3,REST_X1,3,3,2,0,0,0,0,0,0,0,0,0,0,0,0,0
4,REST_X1,4,3,9,0,0,0,0,0,0,0,0,0,0,0,0,0
5,[X1_X14_GET_req],5,3,10,0,0,0,0,0,0,0,0,0,0,0,0,1
6,REST_X14,6,3,10,0,0,0,0,0,0,0,0,0,0,0,0,2
7,REST_X14,7,3,10,0,0,0,0,0,0,0,0,0,0,0,0,5
8,[X14_X6_GET_req],8,3,10,0,0,0,0,1,0,0,0,0,0,0,0,6
9,REST_X6,9,3,10,0,0,0,0,2,0,0,0,0,0,0,0,6
10,REST_X6,10,3,10,0,0,0,0,5,0,0,0,0,0,0,0,6
11,[X6_X5_GET_req],11,3,10,0,0,0,1,6,0,0,0,0,0,0,0,6
12,REST_X5,12,3,10,0,0,0,2,6,0,0,0,0,0,0,0,6
13,REST_X5,13,3,10,0,0,0,3,6,0,0,0,0,0,0,0,6
14,[X6_X5_GET_resp_2xx],14,3,10,0,0,0,0,3,0,0,0,0,0,0,0,6
15,[X14_X6_GET_resp_2xx],15,3,10,0,0,0,0,0,0,0,0,0,0,0,0,3
16,[X1_X14_GET_resp_2xx],16,3,3,0,0,0,0,0,0,0,0,0,0,0,0,0
17,[X0_X1_GET_resp_2xx],17,0,0,0,0,0,0,0,0,0,0,0,0,0,0,0
18,REST_X0,18,2,0,0,0,0,0,0,0,0,0,0,0,0,0,0
19,[X0_X1_GET_req],19,3,1,0,0,0,0,0,0,0,0,0,0,0,0,0
20,REST_X1,20,3,2,0,0,0,0,0,0,0,0,0,0,0,0,0
21,REST_X1,21,3,5,0,0,0,0,0,0,0,0,0,0,0,0,0
22,[X1_X8_GET_req],22,3,6,0,0,0,0,0,0,1,0,0,0,0,0,0
23,REST_X8,23,3,6,0,0,0,0,0,0,2,0,0,0,0,0,0
24,REST_X8,24,3,6,0,0,0,0,0,0,5,0,0,0,0,0,0
25,[X8_X12_GET_req],25,3,6,0,0,0,0,0,0,6,0,0,0,1,0,0
26,REST_X12,26,3,6,0,0,0,0,0,0,6,0,0,0,2,0,0
27,REST_X12,27,3,6,0,0,0,0,0,0,6,0,0,0,5,0,0
28,[X12_X3_GET_req],28,3,6,0,1,0,0,0,0,6,0,0,0,6,0,0
29,REST_X3,29,3,6,0,2,0,0,0,0,6,0,0,0,6,0,0
30,REST_X3,30,3,6,0,5,0,0,0,0,6,0,0,0,6,0,0
31,[X3_X9_GET_req],31,3,6,0,6,0,0,0,0,6,1,0,0,6,0,0
32,REST_X9,32,3,6,0,6,0,0,0,0,6,2,0,0,6,0,0
33,REST_X9,33,3,6,0,6,0,0,0,0,6,3,0,0,6,0,0
34,[X3_X9_GET_resp_2xx],34,3,6,0,3,0,0,0,0,6,0,0,0,6,0,0
35,[X12_X3_GET_resp_2xx],35,3,6,0,0,0,0,0,0,6,0,0,0,3,0,0
36,[X8_X12_GET_resp_2xx],36,3,6,0,0,0,0,0,0,3,0,0,0,0,0,0
37,[X1_X8_GET_resp_2xx],37,3,3,0,0,0,0,0,0,0,0,0,0,0,0,0
38,[X0_X1_GET_resp_2xx],38,0,0,0,0,0,0,0,0,0,0,0,0,0,0,0
39,REST_X0,39,2,0,0,0,0,0,0,0,0,0,0,0,0,0,0
40,[X0_X1_GET_req],40,3,1,0,0,0,0,0,0,0,0,0,0,0,0,0
41,REST_X1,41,3,2,0,0,0,0,0,0,0,0,0,0,0,0,0
42,REST_X1,42,3,9,0,0,0,0,0,0,0,0,0,0,0,0,0
43,[X1_X14_GET_req],43,3,10,0,0,0,0,0,0,0,0,0,0,0,0,1
44,REST_X14,44,3,10,0,0,0,0,0,0,0,0,0,0,0,0,2
45,REST_X14,45,3,10,0,0,0,0,0,0,0,0,0,0,0,0,5
46,[X14_X6_GET_req],46,3,10,0,0,0,0,1,0,0,0,0,0,0,0,6
47,REST_X6,47,3,10,0,0,0,0,2,0,0,0,0,0,0,0,6
48,REST_X6,48,3,10,0,0,0,0,5,0,0,0,0,0,0,0,6
49,[X6_X5_GET_req],49,3,10,0,0,0,1,6,0,0,0,0,0,0,0,6
50,REST_X5,50,3,10,0,0,0,2,6,0,0,0,0,0,0,0,6
51,REST_X5,51,3,10,0,0,0,3,6,0,0,0,0,0,0,0,6
52,[X6_X5_GET_resp_2xx],52,3,10,0,0,0,0,3,0,0,0,0,0,0,0,6
53,[X14_X6_GET_resp_2xx],53,3,10,0,0,0,0,0,0,0,0,0,0,0,0,3
54,[X1_X14_GET_resp_2xx],54,3,3,0,0,0,0,0,0,0,0,0,0,0,0,0
55,[X0_X1_GET_resp_2xx],55,0,0,0,0,0,0,0,0,0,0,0,0,0,0,0
56,REST_X0,56,2,0,0,0,0,0,0,0,0,0,0,0,0,0,0
57,[X0_X1_GET_req],57,3,1,0,0,0,0,0,0,0,0,0,0,0,0,0
58,REST_X1,58,3,2,0,0,0,0,0,0,0,0,0,0,0,0,0
59,REST_X1,59,3,9,0,0,0,0,0,0,0,0,0,0,0,0,0
60,[X1_X14_GET_req],60,3,10,0,0,0,0,0,0,0,0,0,0,0,0,1
61,REST_X14,61,3,10,0,0,0,0,0,0,0,0,0,0,0,0,2
62,REST_X14,62,3,10,0,0,0,0,0,0,0,0,0,0,0,0,5
63,[X14_X6_GET_req],63,3,10,0,0,0,0,1,0,0,0,0,0,0,0,6
64,REST_X6,64,3,10,0,0,0,0,2,0,0,0,0,0,0,0,6
65,REST_X6,65,3,10,0,0,0,0,5,0,0,0,0,0,0,0,6
66,[X6_X5_GET_req],66,3,10,0,0,0,1,6,0,0,0,0,0,0,0,6
67,REST_X5,67,3,10,0,0,0,2,6,0,0,0,0,0,0,0,6
68,REST_X5,68,3,10,0,0,0,3,6,0,0,0,0,0,0,0,6
69,[X6_X5_GET_resp_2xx],69,3,10,0,0,0,0,3,0,0,0,0,0,0,0,6
70,[X14_X6_GET_resp_2xx],70,3,10,0,0,0,0,0,0,0,0,0,0,0,0,3
71,[X1_X14_GET_resp_2xx],71,3,3,0,0,0,0,0,0,0,0,0,0,0,0,0
72,[X0_X1_GET_resp_2xx],72,0,0,0,0,0,0,0,0,0,0,0,0,0,0,0
73,REST_X0,73,2,0,0,0,0,0,0,0,0,0,0,0,0,0,0
74,[X0_X1_GET_req],74,3,1,0,0,0,0,0,0,0,0,0,0,0,0,0
75,REST_X1,75,3,2,0,0,0,0,0,0,0,0,0,0,0,0,0
76,REST_X1,76,3,5,0,0,0,0,0,0,0,0,0,0,0,0,0
77,[X1_X8_GET_req],77,3,6,0,0,0,0,0,0,1,0,0,0,0,0,0
78,REST_X8,78,3,6,0,0,0,0,0,0,2,0,0,0,0,0,0
79,REST_X8,79,3,6,0,0,0,0,0,0,5,0,0,0,0,0,0
80,[X8_X12_GET_req],80,3,6,0,0,0,0,0,0,6,0,0,0,1,0,0
81,REST_X12,81,3,6,0,0,0,0,0,0,6,0,0,0,2,0,0
82,REST_X12,82,3,6,0,0,0,0,0,0,6,0,0,0,9,0,0
83,[X12_X13_GET_req],83,3,6,0,0,0,0,0,0,6,0,0,0,10,1,0
84,REST_X13,84,3,6,0,0,0,0,0,0,6,0,0,0,10,2,0
85,REST_X13,85,3,6,0,0,0,0,0,0,6,0,0,0,10,5,0
86,[X13_X4_GET_req],86,3,6,0,0,1,0,0,0,6,0,0,0,10,6,0
87,REST_X4,87,3,6,0,0,2,0,0,0,6,0,0,0,10,6,0
88,REST_X4,88,3,6,0,0,9,0,0,0,6,0,0,0,10,6,0
89,[X4_X7_GET_req],89,3,6,0,0,10,0,0,1,6,0,0,0,10,6,0
90,REST_X7,90,3,6,0,0,10,0,0,2,6,0,0,0,10,6,0
91,REST_X7,91,3,6,0,0,10,0,0,5,6,0,0,0,10,6,0
92,[X7_X10_GET_req],92,3,6,0,0,10,0,0,6,6,0,1,0,10,6,0
93,REST_X10,93,3,6,0,0,10,0,0,6,6,0,2,0,10,6,0
94,REST_X10,94,3,6,0,0,10,0,0,6,6,0,3,0,10,6,0
95,[X7_X10_GET_resp_2xx],95,3,6,0,0,10,0,0,3,6,0,0,0,10,6,0
96,[X4_X7_GET_resp_2xx],96,3,6,0,0,3,0,0,0,6,0,0,0,10,6,0
97,[X13_X4_GET_resp_2xx],97,3,6,0,0,0,0,0,0,6,0,0,0,10,3,0
98,[X12_X13_GET_resp_2xx],98,3,6,0,0,0,0,0,0,6,0,0,0,3,0,0
99,[X8_X12_GET_resp_2xx],99,3,6,0,0,0,0,0,0,3,0,0,0,0,0,0
100,[X1_X8_GET_resp_2xx],100,3,3,0,0,0,0,0,0,0,0,0,0,0,0,0
101,[X0_X1_GET_resp_2xx],101,0,0,0,0,0,0,0,0,0,0,0,0,0,0,0
102,REST_X0,102,2,0,0,0,0,0,0,0,0,0,0,0,0,0,0
103,[X0_X1_GET_req],103,3,1,0,0,0,0,0,0,0,0,0,0,0,0,0
104,REST_X1,104,3,2,0,0,0,0,0,0,0,0,0,0,0,0,0
105,REST_X1,105,3,5,0,0,0,0,0,0,0,0,0,0,0,0,0
106,[X1_X8_GET_req],106,3,6,0,0,0,0,0,0,1,0,0,0,0,0,0
107,REST_X8,107,3,6,0,0,0,0,0,0,2,0,0,0,0,0,0
108,REST_X8,108,3,6,0,0,0,0,0,0,5,0,0,0,0,0,0
109,[X8_X12_GET_req],109,3,6,0,0,0,0,0,0,6,0,0,0,1,0,0
110,REST_X12,110,3,6,0,0,0,0,0,0,6,0,0,0,2,0,0
111,REST_X12,111,3,6,0,0,0,0,0,0,6,0,0,0,5,0,0
112,[X12_X3_GET_req],112,3,6,0,1,0,0,0,0,6,0,0,0,6,0,0
113,REST_X3,113,3,6,0,2,0,0,0,0,6,0,0,0,6,0,0
114,REST_X3,114,3,6,0,5,0,0,0,0,6,0,0,0,6,0,0
115,[X3_X9_GET_req],115,3,6,0,6,0,0,0,0,6,1,0,0,6,0,0
116,REST_X9,116,3,6,0,6,0,0,0,0,6,2,0,0,6,0,0
117,REST_X9,117,3,6,0,6,0,0,0,0,6,3,0,0,6,0,0
118,[X3_X9_GET_resp_2xx],118,3,6,0,3,0,0,0,0,6,0,0,0,6,0,0
119,[X12_X3_GET_resp_2xx],119,3,6,0,0,0,0,0,0,6,0,0,0,3,0,0
120,[X8_X12_GET_resp_2xx],120,3,6,0,0,0,0,0,0,3,0,0,0,0,0,0
121,[X1_X8_GET_resp_2xx],121,3,3,0,0,0,0,0,0,0,0,0,0,0,0,0
122,[X0_X1_GET_resp_2xx],122,0,0,0,0,0,0,0,0,0,0,0,0,0,0,0
123,REST_X0,123,2,0,0,0,0,0,0,0,0,0,0,0,0,0,0
124,[X0_X1_GET_req],124,3,1,0,0,0,0,0,0,0,0,0,0,0,0,0
125,REST_X1,125,3,2,0,0,0,0,0,0,0,0,0,0,0,0,0
126,REST_X1,126,3,5,0,0,0,0,0,0,0,0,0,0,0,0,0
127,[X1_X8_GET_req],127,3,6,0,0,0,0,0,0,1,0,0,0,0,0,0
128,REST_X8,128,3,6,0,0,0,0,0,0,2,0,0,0,0,0,0
129,REST_X8,129,3,6,0,0,0,0,0,0,5,0,0,0,0,0,0
130,[X8_X12_GET_req],130,3,6,0,0,0,0,0,0,6,0,0,0,1,0,0
131,REST_X12,131,3,6,0,0,0,0,0,0,6,0,0,0,2,0,0
132,REST_X12,132,3,6,0,0,0,0,0,0,6,0,0,0,9,0,0
133,[X12_X13_GET_req],133,3,6,0,0,0,0,0,0,6,0,0,0,10,1,0
134,REST_X13,134,3,6,0,0,0,0,0,0,6,0,0,0,10,2,0
135,REST_X13,135,3,6,0,0,0,0,0,0,6,0,0,0,10,5,0
136,[X13_X4_GET_req],136,3,6,0,0,1,0,0,0,6,0,0,0,10,6,0
137,REST_X4,137,3,6,0,0,2,0,0,0,6,0,0,0,10,6,0
138,REST_X4,138,3,6,0,0,5,0,0,0,6,0,0,0,10,6,0
139,[X4_X2_GET_req],139,3,6,1,0,6,0,0,0,6,0,0,0,10,6,0
140,REST_X2,140,3,6,2,0,6,0,0,0,6,0,0,0,10,6,0
141,REST_X2,141,3,6,3,0,6,0,0,0,6,0,0,0,10,6,0
142,[X4_X2_GET_resp_2xx],142,3,6,0,0,3,0,0,0,6,0,0,0,10,6,0
143,[X13_X4_GET_resp_2xx],143,3,6,0,0,0,0,0,0,6,0,0,0,10,3,0
144,[X12_X13_GET_resp_2xx],144,3,6,0,0,0,0,0,0,6,0,0,0,3,0,0
145,[X8_X12_GET_resp_2xx],145,3,6,0,0,0,0,0,0,3,0,0,0,0,0,0
146,[X1_X8_GET_resp_2xx],146,3,3,0,0,0,0,0,0,0,0,0,0,0,0,0
147,[X0_X1_GET_resp_2xx],147,0,0,0,0,0,0,0,0,0,0,0,0,0,0,0
148,REST_X0,148,2,0,0,0,0,0,0,0,0,0,0,0,0,0,0
149,[X0_X1_GET_req],149,3,1,0,0,0,0,0,0,0,0,0,0,0,0,0
150,REST_X1,150,3,2,0,0,0,0,0,0,0,0,0,0,0,0,0
151,REST_X1,151,3,5,0,0,0,0,0,0,0,0,0,0,0,0,0
152,[X1_X8_GET_req],152,3,6,0,0,0,0,0,0,1,0,0,0,0,0,0
153,REST_X8,153,3,6,0,0,0,0,0,0,2,0,0,0,0,0,0
154,REST_X8,154,3,6,0,0,0,0,0,0,5,0,0,0,0,0,0
155,[X8_X12_GET_req],155,3,6,0,0,0,0,0,0,6,0,0,0,1,0,0
156,REST_X12,156,3,6,0,0,0,0,0,0,6,0,0,0,2,0,0
157,REST_X12,157,3,6,0,0,0,0,0,0,6,0,0,0,9,0,0
158,[X12_X13_GET_req],158,3,6,0,0,0,0,0,0,6,0,0,0,10,1,0
159,REST_X13,159,3,6,0,0,0,0,0,0,6,0,0,0,10,2,0
160,REST_X13,160,3,6,0,0,0,0,0,0,6,0,0,0,10,5,0
161,[X13_X4_GET_req],161,3,6,0,0,1,0,0,0,6,0,0,0,10,6,0
162,REST_X4,162,3,6,0,0,2,0,0,0,6,0,0,0,10,6,0
163,REST_X4,163,3,6,0,0,9,0,0,0,6,0,0,0,10,6,0
164,[X4_X7_GET_req],164,3,6,0,0,10,0,0,1,6,0,0,0,10,6,0
165,REST_X7,165,3,6,0,0,10,0,0,2,6,0,0,0,10,6,0
166,REST_X7,166,3,6,0,0,10,0,0,5,6,0,0,0,10,6,0
167,[X7_X10_GET_req],167,3,6,0,0,10,0,0,6,6,0,1,0,10,6,0
168,REST_X10,168,3,6,0,0,10,0,0,6,6,0,2,0,10,6,0
169,REST_X10,169,3,6,0,0,10,0,0,6,6,0,3,0,10,6,0
170,[X7_X10_GET_resp_2xx],170,3,6,0,0,10,0,0,3,6,0,0,0,10,6,0
171,[X4_X7_GET_resp_2xx],171,3,6,0,0,3,0,0,0,6,0,0,0,10,6,0
172,[X13_X4_GET_resp_2xx],172,3,6,0,0,0,0,0,0,6,0,0,0,10,3,0
173,[X12_X13_GET_resp_2xx],173,3,6,0,0,0,0,0,0,6,0,0,0,3,0,0
174,[X8_X12_GET_resp_2xx],174,3,6,0,0,0,0,0,0,3,0,0,0,0,0,0
175,[X1_X8_GET_resp_2xx],175,3,3,0,0,0,0,0,0,0,0,0,0,0,0,0
176,[X0_X1_GET_resp_2xx],176,0,0,0,0,0,0,0,0,0,0,0,0,0,0,0
177,REST_X0,177,2,0,0,0,0,0,0,0,0,0,0,0,0,0,0
178,[X0_X1_GET_req],178,3,1,0,0,0,0,0,0,0,0,0,0,0,0,0
179,REST_X1,179,3,2,0,0,0,0,0,0,0,0,0,0,0,0,0
180,REST_X1,180,3,9,0,0,0,0,0,0,0,0,0,0,0,0,0
181,[X1_X14_GET_req],181,3,10,0,0,0,0,0,0,0,0,0,0,0,0,1
182,REST_X14,182,3,10,0,0,0,0,0,0,0,0,0,0,0,0,2
183,REST_X14,183,3,10,0,0,0,0,0,0,0,0,0,0,0,0,5
184,[X14_X6_GET_req],184,3,10,0,0,0,0,1,0,0,0,0,0,0,0,6
185,REST_X6,185,3,10,0,0,0,0,2,0,0,0,0,0,0,0,6
186,REST_X6,186,3,10,0,0,0,0,5,0,0,0,0,0,0,0,6
187,[X6_X5_GET_req],187,3,10,0,0,0,1,6,0,0,0,0,0,0,0,6
188,REST_X5,188,3,10,0,0,0,2,6,0,0,0,0,0,0,0,6
189,REST_X5,189,3,10,0,0,0,3,6,0,0,0,0,0,0,0,6
190,[X6_X5_GET_resp_2xx],190,3,10,0,0,0,0,3,0,0,0,0,0,0,0,6
191,[X14_X6_GET_resp_2xx],191,3,10,0,0,0,0,0,0,0,0,0,0,0,0,3
192,[X1_X14_GET_resp_2xx],192,3,3,0,0,0,0,0,0,0,0,0,0,0,0,0
193,[X0_X1_GET_resp_2xx],193,0,0,0,0,0,0,0,0,0,0,0,0,0,0,0
194,REST_X0,194,2,0,0,0,0,0,0,0,0,0,0,0,0,0,0
195,[X0_X1_GET_req],195,3,1,0,0,0,0,0,0,0,0,0,0,0,0,0
196,REST_X1,196,3,2,0,0,0,0,0,0,0,0,0,0,0,0,0
197,REST_X1,197,3,9,0,0,0,0,0,0,0,0,0,0,0,0,0
198,[X1_X14_GET_req],198,3,10,0,0,0,0,0,0,0,0,0,0,0,0,1
199,REST_X14,199,3,10,0,0,0,0,0,0,0,0,0,0,0,0,2
200,REST_X14,200,3,10,0,0,0,0,0,0,0,0,0,0,0,0,5
201,[X14_X6_GET_req],201,3,10,0,0,0,0,1,0,0,0,0,0,0,0,6
202,REST_X6,202,3,10,0,0,0,0,2,0,0,0,0,0,0,0,6
203,REST_X6,203,3,10,0,0,0,0,5,0,0,0,0,0,0,0,6
204,[X6_X5_GET_req],204,3,10,0,0,0,1,6,0,0,0,0,0,0,0,6
205,REST_X5,205,3,10,0,0,0,2,6,0,0,0,0,0,0,0,6
206,REST_X5,206,3,10,0,0,0,3,6,0,0,0,0,0,0,0,6
207,[X6_X5_GET_resp_2xx],207,3,10,0,0,0,0,3,0,0,0,0,0,0,0,6
208,[X14_X6_GET_resp_2xx],208,3,10,0,0,0,0,0,0,0,0,0,0,0,0,3
209,[X1_X14_GET_resp_2xx],209,3,3,0,0,0,0,0,0,0,0,0,0,0,0,0
210,[X0_X1_GET_resp_2xx],210,0,0,0,0,0,0,0,0,0,0,0,0,0,0,0
211,REST_X0,211,2,0,0,0,0,0,0,0,0,0,0,0,0,0,0
212,[X0_X1_GET_req],212,3,1,0,0,0,0,0,0,0,0,0,0,0,0,0
213,REST_X1,213,3,2,0,0,0,0,0,0,0,0,0,0,0,0,0
214,REST_X1,214,3,5,0,0,0,0,0,0,0,0,0,0,0,0,0
215,[X1_X8_GET_req],215,3,6,0,0,0,0,0,0,1,0,0,0,0,0,0
216,REST_X8,216,3,6,0,0,0,0,0,0,2,0,0,0,0,0,0
217,REST_X8,217,3,6,0,0,0,0,0,0,5,0,0,0,0,0,0
218,[X8_X12_GET_req],218,3,6,0,0,0,0,0,0,6,0,0,0,1,0,0
219,REST_X12,219,3,6,0,0,0,0,0,0,6,0,0,0,2,0,0
220,REST_X12,220,3,6,0,0,0,0,0,0,6,0,0,0,9,0,0
221,[X12_X13_GET_req],221,3,6,0,0,0,0,0,0,6,0,0,0,10,1,0
222,REST_X13,222,3,6,0,0,0,0,0,0,6,0,0,0,10,2,0
223,REST_X13,223,3,6,0,0,0,0,0,0,6,0,0,0,10,5,0
224,[X13_X4_GET_req],224,3,6,0,0,1,0,0,0,6,0,0,0,10,6,0
225,REST_X4,225,3,6,0,0,2,0,0,0,6,0,0,0,10,6,0
226,REST_X4,226,3,6,0,0,5,0,0,0,6,0,0,0,10,6,0
227,[X4_X2_GET_req],227,3,6,1,0,6,0,0,0,6,0,0,0,10,6,0
228,REST_X2,228,3,6,2,0,6,0,0,0,6,0,0,0,10,6,0
229,REST_X2,229,3,6,3,0,6,0,0,0,6,0,0,0,10,6,0
230,[X4_X2_GET_resp_2xx],230,3,6,0,0,3,0,0,0,6,0,0,0,10,6,0
231,[X13_X4_GET_resp_2xx],231,3,6,0,0,0,0,0,0,6,0,0,0,10,3,0
232,[X12_X13_GET_resp_2xx],232,3,6,0,0,0,0,0,0,6,0,0,0,3,0,0
233,[X8_X12_GET_resp_2xx],233,3,6,0,0,0,0,0,0,3,0,0,0,0,0,0
234,[X1_X8_GET_resp_2xx],234,3,3,0,0,0,0,0,0,0,0,0,0,0,0,0
235,[X0_X1_GET_resp_2xx],235,0,0,0,0,0,0,0,0,0,0,0,0,0,0,0
236,REST_X0,236,2,0,0,0,0,0,0,0,0,0,0,0,0,0,0
237,[X0_X1_GET_req],237,3,1,0,0,0,0,0,0,0,0,0,0,0,0,0
238,REST_X1,238,3,2,0,0,0,0,0,0,0,0,0,0,0,0,0
239,REST_X1,239,3,9,0,0,0,0,0,0,0,0,0,0,0,0,0
240,[X1_X14_GET_req],240,3,10,0,0,0,0,0,0,0,0,0,0,0,0,1
241,REST_X14,241,3,10,0,0,0,0,0,0,0,0,0,0,0,0,2
242,REST_X14,242,3,10,0,0,0,0,0,0,0,0,0,0,0,0,5
243,[X14_X6_GET_req],243,3,10,0,0,0,0,1,0,0,0,0,0,0,0,6
244,REST_X6,244,3,10,0,0,0,0,2,0,0,0,0,0,0,0,6
245,REST_X6,245,3,10,0,0,0,0,5,0,0,0,0,0,0,0,6
246,[X6_X5_GET_req],246,3,10,0,0,0,1,6,0,0,0,0,0,0,0,6
247,REST_X5,247,3,10,0,0,0,2,6,0,0,0,0,0,0,0,6
248,REST_X5,248,3,10,0,0,0,3,6,0,0,0,0,0,0,0,6
249,[X6_X5_GET_resp_2xx],249,3,10,0,0,0,0,3,0,0,0,0,0,0,0,6
250,[X14_X6_GET_resp_2xx],250,3,10,0,0,0,0,0,0,0,0,0,0,0,0,3
251,[X1_X14_GET_resp_2xx],251,3,3,0,0,0,0,0,0,0,0,0,0,0,0,0
252,[X0_X1_GET_resp_2xx],252,0,0,0,0,0,0,0,0,0,0,0,0,0,0,0
253,REST_X0,253,2,0,0,0,0,0,0,0,0,0,0,0,0,0,0
254,[X0_X1_GET_req],254,3,1,0,0,0,0,0,0,0,0,0,0,0,0,0
255,REST_X1,255,3,2,0,0,0,0,0,0,0,0,0,0,0,0,0
256,REST_X1,256,3,9,0,0,0,0,0,0,0,0,0,0,0,0,0
257,[X1_X14_GET_req],257,3,10,0,0,0,0,0,0,0,0,0,0,0,0,1
258,REST_X14,258,3,10,0,0,0,0,0,0,0,0,0,0,0,0,2
259,REST_X14,259,3,10,0,0,0,0,0,0,0,0,0,0,0,0,5
260,[X14_X6_GET_req],260,3,10,0,0,0,0,1,0,0,0,0,0,0,0,6
261,REST_X6,261,3,10,0,0,0,0,2,0,0,0,0,0,0,0,6
262,REST_X6,262,3,10,0,0,0,0,5,0,0,0,0,0,0,0,6
263,[X6_X5_GET_req],263,3,10,0,0,0,1,6,0,0,0,0,0,0,0,6
264,REST_X5,264,3,10,0,0,0,2,6,0,0,0,0,0,0,0,6
265,REST_X5,265,3,10,0,0,0,3,6,0,0,0,0,0,0,0,6
266,[X6_X5_GET_resp_2xx],266,3,10,0,0,0,0,3,0,0,0,0,0,0,0,6
267,[X14_X6_GET_resp_2xx],267,3,10,0,0,0,0,0,0,0,0,0,0,0,0,3
268,[X1_X14_GET_resp_2xx],268,3,3,0,0,0,0,0,0,0,0,0,0,0,0,0
269,[X0_X1_GET_resp_2xx],269,0,0,0,0,0,0,0,0,0,0,0,0,0,0,0
270,REST_X0,270,2,0,0,0,0,0,0,0,0,0,0,0,0,0,0
271,[X0_X1_GET_req],271,3,1,0,0,0,0,0,0,0,0,0,0,0,0,0
272,REST_X1,272,3,2,0,0,0,0,0,0,0,0,0,0,0,0,0
273,REST_X1,273,3,9,0,0,0,0,0,0,0,0,0,0,0,0,0
274,[X1_X14_GET_req],274,3,10,0,0,0,0,0,0,0,0,0,0,0,0,1
275,REST_X14,275,3,10,0,0,0,0,0,0,0,0,0,0,0,0,2
276,REST_X14,276,3,10,0,0,0,0,0,0,0,0,0,0,0,0,5
277,[X14_X6_GET_req],277,3,10,0,0,0,0,1,0,0,0,0,0,0,0,6
278,REST_X6,278,3,10,0,0,0,0,2,0,0,0,0,0,0,0,6
279,REST_X6,279,3,10,0,0,0,0,5,0,0,0,0,0,0,0,6
280,[X6_X5_GET_req],280,3,10,0,0,0,1,6,0,0,0,0,0,0,0,6
281,REST_X5,281,3,10,0,0,0,2,6,0,0,0,0,0,0,0,6
282,REST_X5,282,3,10,0,0,0,3,6,0,0,0,0,0,0,0,6
283,[X6_X5_GET_resp_2xx],283,3,10,0,0,0,0,3,0,0,0,0,0,0,0,6
284,[X14_X6_GET_resp_2xx],284,3,10,0,0,0,0,0,0,0,0,0,0,0,0,3
285,[X1_X14_GET_resp_2xx],285,3,3,0,0,0,0,0,0,0,0,0,0,0,0,0
286,[X0_X1_GET_resp_2xx],286,0,0,0,0,0,0,0,0,0,0,0,0,0,0,0
287,REST_X0,287,2,0,0,0,0,0,0,0,0,0,0,0,0,0,0
288,[X0_X1_GET_req],288,3,1,0,0,0,0,0,0,0,0,0,0,0,0,0
289,REST_X1,289,3,2,0,0,0,0,0,0,0,0,0,0,0,0,0
290,REST_X1,290,3,5,0,0,0,0,0,0,0,0,0,0,0,0,0
291,[X1_X8_GET_req],291,3,6,0,0,0,0,0,0,1,0,0,0,0,0,0
292,REST_X8,292,3,6,0,0,0,0,0,0,2,0,0,0,0,0,0
293,REST_X8,293,3,6,0,0,0,0,0,0,5,0,0,0,0,0,0
294,[X8_X12_GET_req],294,3,6,0,0,0,0,0,0,6,0,0,0,1,0,0
295,REST_X12,295,3,6,0,0,0,0,0,0,6,0,0,0,2,0,0
296,REST_X12,296,3,6,0,0,0,0,0,0,6,0,0,0,9,0,0
297,[X12_X13_GET_req],297,3,6,0,0,0,0,0,0,6,0,0,0,10,1,0
298,REST_X13,298,3,6,0,0,0,0,0,0,6,0,0,0,10,2,0
299,REST_X13,299,3,6,0,0,0,0,0,0,6,0,0,0,10,5,0
300,[X13_X4_GET_req],300,3,6,0,0,1,0,0,0,6,0,0,0,10,6,0
301,REST_X4,301,3,6,0,0,2,0,0,0,6,0,0,0,10,6,0
302,REST_X4,302,3,6,0,0,9,0,0,0,6,0,0,0,10,6,0
303,[X4_X7_GET_req],303,3,6,0,0,10,0,0,1,6,0,0,0,10,6,0
304,REST_X7,304,3,6,0,0,10,0,0,2,6,0,0,0,10,6,0
305,REST_X7,305,3,6,0,0,10,0,0,5,6,0,0,0,10,6,0
306,[X7_X10_GET_req],306,3,6,0,0,10,0,0,6,6,0,1,0,10,6,0
307,REST_X10,307,3,6,0,0,10,0,0,6,6,0,2,0,10,6,0
308,REST_X10,308,3,6,0,0,10,0,0,6,6,0,3,0,10,6,0
309,[X7_X10_GET_resp_2xx],309,3,6,0,0,10,0,0,3,6,0,0,0,10,6,0
310,[X4_X7_GET_resp_2xx],310,3,6,0,0,3,0,0,0,6,0,0,0,10,6,0
311,[X13_X4_GET_resp_2xx],311,3,6,0,0,0,0,0,0,6,0,0,0,10,3,0
312,[X12_X13_GET_resp_2xx],312,3,6,0,0,0,0,0,0,6,0,0,0,3,0,0
313,[X8_X12_GET_resp_2xx],313,3,6,0,0,0,0,0,0,3,0,0,0,0,0,0
314,[X1_X8_GET_resp_2xx],314,3,3,0,0,0,0,0,0,0,0,0,0,0,0,0
315,[X0_X1_GET_resp_2xx],315,0,0,0,0,0,0,0,0,0,0,0,0,0,0,0
316,REST_X0,316,2,0,0,0,0,0,0,0,0,0,0,0,0,0,0
317,[X0_X1_GET_req],317,3,1,0,0,0,0,0,0,0,0,0,0,0,0,0
318,REST_X1,318,3,2,0,0,0,0,0,0,0,0,0,0,0,0,0
319,REST_X1,319,3,9,0,0,0,0,0,0,0,0,0,0,0,0,0
320,[X1_X14_GET_req],320,3,10,0,0,0,0,0,0,0,0,0,0,0,0,1
321,REST_X14,321,3,10,0,0,0,0,0,0,0,0,0,0,0,0,2
322,REST_X14,322,3,10,0,0,0,0,0,0,0,0,0,0,0,0,5
323,[X14_X6_GET_req],323,3,10,0,0,0,0,1,0,0,0,0,0,0,0,6
324,REST_X6,324,3,10,0,0,0,0,2,0,0,0,0,0,0,0,6
325,REST_X6,325,3,10,0,0,0,0,5,0,0,0,0,0,0,0,6
326,[X6_X5_GET_req],326,3,10,0,0,0,1,6,0,0,0,0,0,0,0,6
327,REST_X5,327,3,10,0,0,0,2,6,0,0,0,0,0,0,0,6
328,REST_X5,328,3,10,0,0,0,3,6,0,0,0,0,0,0,0,6
329,[X6_X5_GET_resp_2xx],329,3,10,0,0,0,0,3,0,0,0,0,0,0,0,6
330,[X14_X6_GET_resp_2xx],330,3,10,0,0,0,0,0,0,0,0,0,0,0,0,3
331,[X1_X14_GET_resp_2xx],331,3,3,0,0,0,0,0,0,0,0,0,0,0,0,0
332,[X0_X1_GET_resp_2xx],332,0,0,0,0,0,0,0,0,0,0,0,0,0,0,0
333,REST_X0,333,2,0,0,0,0,0,0,0,0,0,0,0,0,0,0
334,[X0_X1_GET_req],334,3,1,0,0,0,0,0,0,0,0,0,0,0,0,0
335,REST_X1,335,3,2,0,0,0,0,0,0,0,0,0,0,0,0,0
336,REST_X1,336,3,5,0,0,0,0,0,0,0,0,0,0,0,0,0
337,[X1_X8_GET_req],337,3,6,0,0,0,0,0,0,1,0,0,0,0,0,0
338,REST_X8,338,3,6,0,0,0,0,0,0,2,0,0,0,0,0,0
339,REST_X8,339,3,6,0,0,0,0,0,0,5,0,0,0,0,0,0
340,[X8_X12_GET_req],340,3,6,0,0,0,0,0,0,6,0,0,0,1,0,0
341,REST_X12,341,3,6,0,0,0,0,0,0,6,0,0,0,2,0,0
342,REST_X12,342,3,6,0,0,0,0,0,0,6,0,0,0,9,0,0
343,[X12_X13_GET_req],343,3,6,0,0,0,0,0,0,6,0,0,0,10,1,0
344,REST_X13,344,3,6,0,0,0,0,0,0,6,0,0,0,10,2,0
345,REST_X13,345,3,6,0,0,0,0,0,0,6,0,0,0,10,5,0
346,[X13_X4_GET_req],346,3,6,0,0,1,0,0,0,6,0,0,0,10,6,0
347,REST_X4,347,3,6,0,0,2,0,0,0,6,0,0,0,10,6,0
348,REST_X4,348,3,6,0,0,5,0,0,0,6,0,0,0,10,6,0
349,[X4_X2_GET_req],349,3,6,1,0,6,0,0,0,6,0,0,0,10,6,0
350,REST_X2,350,3,6,2,0,6,0,0,0,6,0,0,0,10,6,0
351,REST_X2,351,3,6,3,0,6,0,0,0,6,0,0,0,10,6,0
352,[X4_X2_GET_resp_2xx],352,3,6,0,0,3,0,0,0,6,0,0,0,10,6,0
353,[X13_X4_GET_resp_2xx],353,3,6,0,0,0,0,0,0,6,0,0,0,10,3,0
354,[X12_X13_GET_resp_2xx],354,3,6,0,0,0,0,0,0,6,0,0,0,3,0,0
355,[X8_X12_GET_resp_2xx],355,3,6,0,0,0,0,0,0,3,0,0,0,0,0,0
356,[X1_X8_GET_resp_2xx],356,3,3,0,0,0,0,0,0,0,0,0,0,0,0,0
357,[X0_X1_GET_resp_2xx],357,0,0,0,0,0,0,0,0,0,0,0,0,0,0,0
358,REST_X0,358,2,0,0,0,0,0,0,0,0,0,0,0,0,0,0
359,[X0_X1_GET_req],359,3,1,0,0,0,0,0,0,0,0,0,0,0,0,0
360,REST_X1,360,3,2,0,0,0,0,0,0,0,0,0,0,0,0,0
361,REST_X1,361,3,5,0,0,0,0,0,0,0,0,0,0,0,0,0
362,[X1_X8_GET_req],362,3,6,0,0,0,0,0,0,1,0,0,0,0,0,0
363,REST_X8,363,3,6,0,0,0,0,0,0,2,0,0,0,0,0,0
364,REST_X8,364,3,6,0,0,0,0,0,0,5,0,0,0,0,0,0
365,[X8_X12_GET_req],365,3,6,0,0,0,0,0,0,6,0,0,0,1,0,0
366,REST_X12,366,3,6,0,0,0,0,0,0,6,0,0,0,2,0,0
367,REST_X12,367,3,6,0,0,0,0,0,0,6,0,0,0,5,0,0
368,[X12_X3_GET_req],368,3,6,0,1,0,0,0,0,6,0,0,0,6,0,0
369,REST_X3,369,3,6,0,2,0,0,0,0,6,0,0,0,6,0,0
370,REST_X3,370,3,6,0,5,0,0,0,0,6,0,0,0,6,0,0
371,[X3_X9_GET_req],371,3,6,0,6,0,0,0,0,6,1,0,0,6,0,0
372,REST_X9,372,3,6,0,6,0,0,0,0,6,2,0,0,6,0,0
373,REST_X9,373,3,6,0,6,0,0,0,0,6,3,0,0,6,0,0
374,[X3_X9_GET_resp_2xx],374,3,6,0,3,0,0,0,0,6,0,0,0,6,0,0
375,[X12_X3_GET_resp_2xx],375,3,6,0,0,0,0,0,0,6,0,0,0,3,0,0
376,[X8_X12_GET_resp_2xx],376,3,6,0,0,0,0,0,0,3,0,0,0,0,0,0
377,[X1_X8_GET_resp_2xx],377,3,3,0,0,0,0,0,0,0,0,0,0,0,0,0
378,[X0_X1_GET_resp_2xx],378,0,0,0,0,0,0,0,0,0,0,0,0,0,0,0
379,REST_X0,379,2,0,0,0,0,0,0,0,0,0,0,0,0,0,0
380,[X0_X1_GET_req],380,3,1,0,0,0,0,0,0,0,0,0,0,0,0,0
381,REST_X1,381,3,2,0,0,0,0,0,0,0,0,0,0,0,0,0
382,REST_X1,382,3,5,0,0,0,0,0,0,0,0,0,0,0,0,0
383,[X1_X8_GET_req],383,3,6,0,0,0,0,0,0,1,0,0,0,0,0,0
384,REST_X8,384,3,6,0,0,0,0,0,0,2,0,0,0,0,0,0
385,REST_X8,385,3,6,0,0,0,0,0,0,5,0,0,0,0,0,0
386,[X8_X12_GET_req],386,3,6,0,0,0,0,0,0,6,0,0,0,1,0,0
387,REST_X12,387,3,6,0,0,0,0,0,0,6,0,0,0,2,0,0
388,REST_X12,388,3,6,0,0,0,0,0,0,6,0,0,0,5,0,0
389,[X12_X3_GET_req],389,3,6,0,1,0,0,0,0,6,0,0,0,6,0,0
390,REST_X3,390,3,6,0,2,0,0,0,0,6,0,0,0,6,0,0
391,REST_X3,391,3,6,0,5,0,0,0,0,6,0,0,0,6,0,0
392,[X3_X9_GET_req],392,3,6,0,6,0,0,0,0,6,1,0,0,6,0,0
393,REST_X9,393,3,6,0,6,0,0,0,0,6,2,0,0,6,0,0
394,REST_X9,394,3,6,0,6,0,0,0,0,6,3,0,0,6,0,0
395,[X3_X9_GET_resp_2xx],395,3,6,0,3,0,0,0,0,6,0,0,0,6,0,0
396,[X12_X3_GET_resp_2xx],396,3,6,0,0,0,0,0,0,6,0,0,0,3,0,0
397,[X8_X12_GET_resp_2xx],397,3,6,0,0,0,0,0,0,3,0,0,0,0,0,0
398,[X1_X8_GET_resp_2xx],398,3,3,0,0,0,0,0,0,0,0,0,0,0,0,0
399,[X0_X1_GET_resp_2xx],399,0,0,0,0,0,0,0,0,0,0,0,0,0,0,0
400,REST_X0,400,2,0,0,0,0,0,0,0,0,0,0,0,0,0,0
401,[X0_X1_GET_req],401,3,1,0,0,0,0,0,0,0,0,0,0,0,0,0
402,REST_X1,402,3,2,0,0,0,0,0,0,0,0,0,0,0,0,0
403,REST_X1,403,3,5,0,0,0,0,0,0,0,0,0,0,0,0,0
404,[X1_X8_GET_req],404,3,6,0,0,0,0,0,0,1,0,0,0,0,0,0
405,REST_X8,405,3,6,0,0,0,0,0,0,2,0,0,0,0,0,0
406,REST_X8,406,3,6,0,0,0,0,0,0,5,0,0,0,0,0,0
407,[X8_X12_GET_req],407,3,6,0,0,0,0,0,0,6,0,0,0,1,0,0
408,REST_X12,408,3,6,0,0,0,0,0,0,6,0,0,0,2,0,0
409,REST_X12,409,3,6,0,0,0,0,0,0,6,0,0,0,9,0,0
410,[X12_X13_GET_req],410,3,6,0,0,0,0,0,0,6,0,0,0,10,1,0
411,REST_X13,411,3,6,0,0,0,0,0,0,6,0,0,0,10,2,0
412,REST_X13,412,3,6,0,0,0,0,0,0,6,0,0,0,10,5,0
413,[X13_X4_GET_req],413,3,6,0,0,1,0,0,0,6,0,0,0,10,6,0
414,REST_X4,414,3,6,0,0,2,0,0,0,6,0,0,0,10,6,0
415,REST_X4,415,3,6,0,0,5,0,0,0,6,0,0,0,10,6,0
416,[X4_X2_GET_req],416,3,6,1,0,6,0,0,0,6,0,0,0,10,6,0
417,REST_X2,417,3,6,2,0,6,0,0,0,6,0,0,0,10,6,0
418,REST_X2,418,3,6,3,0,6,0,0,0,6,0,0,0,10,6,0
419,[X4_X2_GET_resp_2xx],419,3,6,0,0,3,0,0,0,6,0,0,0,10,6,0
420,[X13_X4_GET_resp_2xx],420,3,6,0,0,0,0,0,0,6,0,0,0,10,3,0
421,[X12_X13_GET_resp_2xx],421,3,6,0,0,0,0,0,0,6,0,0,0,3,0,0
422,[X8_X12_GET_resp_2xx],422,3,6,0,0,0,0,0,0,3,0,0,0,0,0,0
423,[X1_X8_GET_resp_2xx],423,3,3,0,0,0,0,0,0,0,0,0,0,0,0,0
424,[X0_X1_GET_resp_2xx],424,0,0,0,0,0,0,0,0,0,0,0,0,0,0,0
425,REST_X0,425,2,0,0,0,0,0,0,0,0,0,0,0,0,0,0
426,[X0_X1_GET_req],426,3,1,0,0,0,0,0,0,0,0,0,0,0,0,0
427,REST_X1,427,3,2,0,0,0,0,0,0,0,0,0,0,0,0,0
428,REST_X1,428,3,5,0,0,0,0,0,0,0,0,0,0,0,0,0
429,[X1_X8_GET_req],429,3,6,0,0,0,0,0,0,1,0,0,0,0,0,0
430,REST_X8,430,3,6,0,0,0,0,0,0,2,0,0,0,0,0,0
431,REST_X8,431,3,6,0,0,0,0,0,0,5,0,0,0,0,0,0
432,[X8_X12_GET_req],432,3,6,0,0,0,0,0,0,6,0,0,0,1,0,0
433,REST_X12,433,3,6,0,0,0,0,0,0,6,0,0,0,2,0,0
434,REST_X12,434,3,6,0,0,0,0,0,0,6,0,0,0,9,0,0
435,[X12_X13_GET_req],435,3,6,0,0,0,0,0,0,6,0,0,0,10,1,0
436,REST_X13,436,3,6,0,0,0,0,0,0,6,0,0,0,10,2,0
437,REST_X13,437,3,6,0,0,0,0,0,0,6,0,0,0,10,5,0
438,[X13_X4_GET_req],438,3,6,0,0,1,0,0,0,6,0,0,0,10,6,0
439,REST_X4,439,3,6,0,0,2,0,0,0,6,0,0,0,10,6,0
440,REST_X4,440,3,6,0,0,9,0,0,0,6,0,0,0,10,6,0
441,[X4_X7_GET_req],441,3,6,0,0,10,0,0,1,6,0,0,0,10,6,0
442,REST_X7,442,3,6,0,0,10,0,0,2,6,0,0,0,10,6,0
443,REST_X7,443,3,6,0,0,10,0,0,5,6,0,0,0,10,6,0
444,[X7_X10_GET_req],444,3,6,0,0,10,0,0,6,6,0,1,0,10,6,0
445,REST_X10,445,3,6,0,0,10,0,0,6,6,0,2,0,10,6,0
446,REST_X10,446,3,6,0,0,10,0,0,6,6,0,4,0,10,6,0
447,[X7_X10_GET_resp_5xx],447,3,6,0,0,10,0,0,7,6,0,0,0,10,6,0
448,[X7_X10_GET_req],448,3,6,0,0,10,0,0,8,6,0,1,0,10,6,0
449,REST_X10,449,3,6,0,0,10,0,0,8,6,0,2,0,10,6,0
450,REST_X10,450,3,6,0,0,10,0,0,8,6,0,3,0,10,6,0
451,[X7_X10_GET_resp_2xx],451,3,6,0,0,10,0,0,3,6,0,0,0,10,6,0
452,[X4_X7_GET_resp_2xx],452,3,6,0,0,3,0,0,0,6,0,0,0,10,6,0
453,[X13_X4_GET_resp_2xx],453,3,6,0,0,0,0,0,0,6,0,0,0,10,3,0
454,[X12_X13_GET_resp_2xx],454,3,6,0,0,0,0,0,0,6,0,0,0,3,0,0
455,[X8_X12_GET_resp_2xx],455,3,6,0,0,0,0,0,0,3,0,0,0,0,0,0
456,[X1_X8_GET_resp_2xx],456,3,3,0,0,0,0,0,0,0,0,0,0,0,0,0
457,[X0_X1_GET_resp_2xx],457,0,0,0,0,0,0,0,0,0,0,0,0,0,0,0
458,REST_X0,458,2,0,0,0,0,0,0,0,0,0,0,0,0,0,0
459,[X0_X1_GET_req],459,3,1,0,0,0,0,0,0,0,0,0,0,0,0,0
460,REST_X1,460,3,2,0,0,0,0,0,0,0,0,0,0,0,0,0
461,REST_X1,461,3,5,0,0,0,0,0,0,0,0,0,0,0,0,0
462,[X1_X8_GET_req],462,3,6,0,0,0,0,0,0,1,0,0,0,0,0,0
463,REST_X8,463,3,6,0,0,0,0,0,0,2,0,0,0,0,0,0
464,REST_X8,464,3,6,0,0,0,0,0,0,5,0,0,0,0,0,0
465,[X8_X12_GET_req],465,3,6,0,0,0,0,0,0,6,0,0,0,1,0,0
466,REST_X12,466,3,6,0,0,0,0,0,0,6,0,0,0,2,0,0
467,REST_X12,467,3,6,0,0,0,0,0,0,6,0,0,0,9,0,0
468,[X12_X13_GET_req],468,3,6,0,0,0,0,0,0,6,0,0,0,10,1,0
469,REST_X13,469,3,6,0,0,0,0,0,0,6,0,0,0,10,2,0
470,REST_X13,470,3,6,0,0,0,0,0,0,6,0,0,0,10,5,0
471,[X13_X4_GET_req],471,3,6,0,0,1,0,0,0,6,0,0,0,10,6,0
472,REST_X4,472,3,6,0,0,2,0,0,0,6,0,0,0,10,6,0
473,REST_X4,473,3,6,0,0,5,0,0,0,6,0,0,0,10,6,0
474,[X4_X2_GET_req],474,3,6,1,0,6,0,0,0,6,0,0,0,10,6,0
475,REST_X2,475,3,6,2,0,6,0,0,0,6,0,0,0,10,6,0
476,REST_X2,476,3,6,3,0,6,0,0,0,6,0,0,0,10,6,0
477,[X4_X2_GET_resp_2xx],477,3,6,0,0,3,0,0,0,6,0,0,0,10,6,0
478,[X13_X4_GET_resp_2xx],478,3,6,0,0,0,0,0,0,6,0,0,0,10,3,0
479,[X12_X13_GET_resp_2xx],479,3,6,0,0,0,0,0,0,6,0,0,0,3,0,0
480,[X8_X12_GET_resp_2xx],480,3,6,0,0,0,0,0,0,3,0,0,0,0,0,0
481,[X1_X8_GET_resp_2xx],481,3,3,0,0,0,0,0,0,0,0,0,0,0,0,0
482,[X0_X1_GET_resp_2xx],482,0,0,0,0,0,0,0,0,0,0,0,0,0,0,0
483,REST_X0,483,2,0,0,0,0,0,0,0,0,0,0,0,0,0,0
484,[X0_X1_GET_req],484,3,1,0,0,0,0,0,0,0,0,0,0,0,0,0
485,REST_X1,485,3,2,0,0,0,0,0,0,0,0,0,0,0,0,0
486,REST_X1,486,3,5,0,0,0,0,0,0,0,0,0,0,0,0,0
487,[X1_X8_GET_req],487,3,6,0,0,0,0,0,0,1,0,0,0,0,0,0
488,REST_X8,488,3,6,0,0,0,0,0,0,2,0,0,0,0,0,0
489,REST_X8,489,3,6,0,0,0,0,0,0,5,0,0,0,0,0,0
490,[X8_X12_GET_req],490,3,6,0,0,0,0,0,0,6,0,0,0,1,0,0
491,REST_X12,491,3,6,0,0,0,0,0,0,6,0,0,0,2,0,0
492,REST_X12,492,3,6,0,0,0,0,0,0,6,0,0,0,9,0,0
493,[X12_X13_GET_req],493,3,6,0,0,0,0,0,0,6,0,0,0,10,1,0
494,REST_X13,494,3,6,0,0,0,0,0,0,6,0,0,0,10,2,0
495,REST_X13,495,3,6,0,0,0,0,0,0,6,0,0,0,10,5,0
496,[X13_X4_GET_req],496,3,6,0,0,1,0,0,0,6,0,0,0,10,6,0
497,REST_X4,497,3,6,0,0,2,0,0,0,6,0,0,0,10,6,0
498,REST_X4,498,3,6,0,0,9,0,0,0,6,0,0,0,10,6,0
499,[X4_X7_GET_req],499,3,6,0,0,10,0,0,1,6,0,0,0,10,6,0
500,REST_X7,500,3,6,0,0,10,0,0,2,6,0,0,0,10,6,0
501,REST_X7,501,3,6,0,0,10,0,0,5,6,0,0,0,10,6,0
502,[X7_X10_GET_req],502,3,6,0,0,10,0,0,6,6,0,1,0,10,6,0
503,REST_X10,503,3,6,0,0,10,0,0,6,6,0,2,0,10,6,0
504,REST_X10,504,3,6,0,0,10,0,0,6,6,0,3,0,10,6,0
505,[X7_X10_GET_resp_2xx],505,3,6,0,0,10,0,0,3,6,0,0,0,10,6,0
506,[X4_X7_GET_resp_2xx],506,3,6,0,0,3,0,0,0,6,0,0,0,10,6,0
507,[X13_X4_GET_resp_2xx],507,3,6,0,0,0,0,0,0,6,0,0,0,10,3,0
508,[X12_X13_GET_resp_2xx],508,3,6,0,0,0,0,0,0,6,0,0,0,3,0,0
509,[X8_X12_GET_resp_2xx],509,3,6,0,0,0,0,0,0,3,0,0,0,0,0,0
510,[X1_X8_GET_resp_2xx],510,3,3,0,0,0,0,0,0,0,0,0,0,0,0,0
511,[X0_X1_GET_resp_2xx],511,0,0,0,0,0,0,0,0,0,0,0,0,0,0,0
512,REST_X0,512,2,0,0,0,0,0,0,0,0,0,0,0,0,0,0
513,[X0_X1_GET_req],513,3,1,0,0,0,0,0,0,0,0,0,0,0,0,0
514,REST_X1,514,3,2,0,0,0,0,0,0,0,0,0,0,0,0,0
515,REST_X1,515,3,9,0,0,0,0,0,0,0,0,0,0,0,0,0
516,[X1_X14_GET_req],516,3,10,0,0,0,0,0,0,0,0,0,0,0,0,1
517,REST_X14,517,3,10,0,0,0,0,0,0,0,0,0,0,0,0,2
518,REST_X14,518,3,10,0,0,0,0,0,0,0,0,0,0,0,0,5
519,[X14_X6_GET_req],519,3,10,0,0,0,0,1,0,0,0,0,0,0,0,6
520,REST_X6,520,3,10,0,0,0,0,2,0,0,0,0,0,0,0,6
521,REST_X6,521,3,10,0,0,0,0,5,0,0,0,0,0,0,0,6
522,[X6_X5_GET_req],522,3,10,0,0,0,1,6,0,0,0,0,0,0,0,6
523,REST_X5,523,3,10,0,0,0,2,6,0,0,0,0,0,0,0,6
524,REST_X5,524,3,10,0,0,0,3,6,0,0,0,0,0,0,0,6
525,[X6_X5_GET_resp_2xx],525,3,10,0,0,0,0,3,0,0,0,0,0,0,0,6
526,[X14_X6_GET_resp_2xx],526,3,10,0,0,0,0,0,0,0,0,0,0,0,0,3
527,[X1_X14_GET_resp_2xx],527,3,3,0,0,0,0,0,0,0,0,0,0,0,0,0
528,[X0_X1_GET_resp_2xx],528,0,0,0,0,0,0,0,0,0,0,0,0,0,0,0
529,REST_X0,529,2,0,0,0,0,0,0,0,0,0,0,0,0,0,0
530,[X0_X1_GET_req],530,3,1,0,0,0,0,0,0,0,0,0,0,0,0,0
531,REST_X1,531,3,2,0,0,0,0,0,0,0,0,0,0,0,0,0
532,REST_X1,532,3,5,0,0,0,0,0,0,0,0,0,0,0,0,0
533,[X1_X8_GET_req],533,3,6,0,0,0,0,0,0,1,0,0,0,0,0,0
534,REST_X8,534,3,6,0,0,0,0,0,0,2,0,0,0,0,0,0
535,REST_X8,535,3,6,0,0,0,0,0,0,5,0,0,0,0,0,0
536,[X8_X12_GET_req],536,3,6,0,0,0,0,0,0,6,0,0,0,1,0,0
537,REST_X12,537,3,6,0,0,0,0,0,0,6,0,0,0,2,0,0
538,REST_X12,538,3,6,0,0,0,0,0,0,6,0,0,0,9,0,0
539,[X12_X13_GET_req],539,3,6,0,0,0,0,0,0,6,0,0,0,10,1,0
540,REST_X13,540,3,6,0,0,0,0,0,0,6,0,0,0,10,2,0
541,REST_X13,541,3,6,0,0,0,0,0,0,6,0,0,0,10,5,0
542,[X13_X4_GET_req],542,3,6,0,0,1,0,0,0,6,0,0,0,10,6,0
543,REST_X4,543,3,6,0,0,2,0,0,0,6,0,0,0,10,6,0
544,REST_X4,544,3,6,0,0,5,0,0,0,6,0,0,0,10,6,0
545,[X4_X2_GET_req],545,3,6,1,0,6,0,0,0,6,0,0,0,10,6,0
546,REST_X2,546,3,6,2,0,6,0,0,0,6,0,0,0,10,6,0
547,REST_X2,547,3,6,3,0,6,0,0,0,6,0,0,0,10,6,0
548,[X4_X2_GET_resp_2xx],548,3,6,0,0,3,0,0,0,6,0,0,0,10,6,0
549,[X13_X4_GET_resp_2xx],549,3,6,0,0,0,0,0,0,6,0,0,0,10,3,0
550,[X12_X13_GET_resp_2xx],550,3,6,0,0,0,0,0,0,6,0,0,0,3,0,0
551,[X8_X12_GET_resp_2xx],551,3,6,0,0,0,0,0,0,3,0,0,0,0,0,0
552,[X1_X8_GET_resp_2xx],552,3,3,0,0,0,0,0,0,0,0,0,0,0,0,0
553,[X0_X1_GET_resp_2xx],553,0,0,0,0,0,0,0,0,0,0,0,0,0,0,0
554,REST_X0,554,2,0,0,0,0,0,0,0,0,0,0,0,0,0,0
555,[X0_X1_GET_req],555,3,1,0,0,0,0,0,0,0,0,0,0,0,0,0
556,REST_X1,556,3,2,0,0,0,0,0,0,0,0,0,0,0,0,0
557,REST_X1,557,3,9,0,0,0,0,0,0,0,0,0,0,0,0,0
558,[X1_X14_GET_req],558,3,10,0,0,0,0,0,0,0,0,0,0,0,0,1
559,REST_X14,559,3,10,0,0,0,0,0,0,0,0,0,0,0,0,2
560,REST_X14,560,3,10,0,0,0,0,0,0,0,0,0,0,0,0,5
561,[X14_X6_GET_req],561,3,10,0,0,0,0,1,0,0,0,0,0,0,0,6
562,REST_X6,562,3,10,0,0,0,0,2,0,0,0,0,0,0,0,6
563,REST_X6,563,3,10,0,0,0,0,5,0,0,0,0,0,0,0,6
564,[X6_X5_GET_req],564,3,10,0,0,0,1,6,0,0,0,0,0,0,0,6
565,REST_X5,565,3,10,0,0,0,2,6,0,0,0,0,0,0,0,6
566,REST_X5,566,3,10,0,0,0,3,6,0,0,0,0,0,0,0,6
567,[X6_X5_GET_resp_2xx],567,3,10,0,0,0,0,3,0,0,0,0,0,0,0,6
568,[X14_X6_GET_resp_2xx],568,3,10,0,0,0,0,0,0,0,0,0,0,0,0,3
569,[X1_X14_GET_resp_2xx],569,3,3,0,0,0,0,0,0,0,0,0,0,0,0,0
570,[X0_X1_GET_resp_2xx],570,0,0,0,0,0,0,0,0,0,0,0,0,0,0,0
571,REST_X0,571,2,0,0,0,0,0,0,0,0,0,0,0,0,0,0
572,[X0_X1_GET_req],572,3,1,0,0,0,0,0,0,0,0,0,0,0,0,0
573,REST_X1,573,3,2,0,0,0,0,0,0,0,0,0,0,0,0,0
574,REST_X1,574,3,9,0,0,0,0,0,0,0,0,0,0,0,0,0
575,[X1_X14_GET_req],575,3,10,0,0,0,0,0,0,0,0,0,0,0,0,1
576,REST_X14,576,3,10,0,0,0,0,0,0,0,0,0,0,0,0,2
577,REST_X14,577,3,10,0,0,0,0,0,0,0,0,0,0,0,0,5
578,[X14_X6_GET_req],578,3,10,0,0,0,0,1,0,0,0,0,0,0,0,6
579,REST_X6,579,3,10,0,0,0,0,2,0,0,0,0,0,0,0,6
580,REST_X6,580,3,10,0,0,0,0,5,0,0,0,0,0,0,0,6
581,[X6_X5_GET_req],581,3,10,0,0,0,1,6,0,0,0,0,0,0,0,6
582,REST_X5,582,3,10,0,0,0,2,6,0,0,0,0,0,0,0,6
583,REST_X5,583,3,10,0,0,0,3,6,0,0,0,0,0,0,0,6
584,[X6_X5_GET_resp_2xx],584,3,10,0,0,0,0,3,0,0,0,0,0,0,0,6
585,[X14_X6_GET_resp_2xx],585,3,10,0,0,0,0,0,0,0,0,0,0,0,0,3
586,[X1_X14_GET_resp_2xx],586,3,3,0,0,0,0,0,0,0,0,0,0,0,0,0
587,[X0_X1_GET_resp_2xx],587,0,0,0,0,0,0,0,0,0,0,0,0,0,0,0
588,REST_X0,588,2,0,0,0,0,0,0,0,0,0,0,0,0,0,0
589,[X0_X1_GET_req],589,3,1,0,0,0,0,0,0,0,0,0,0,0,0,0
590,REST_X1,590,3,2,0,0,0,0,0,0,0,0,0,0,0,0,0
591,REST_X1,591,3,5,0,0,0,0,0,0,0,0,0,0,0,0,0
592,[X1_X8_GET_req],592,3,6,0,0,0,0,0,0,1,0,0,0,0,0,0
593,REST_X8,593,3,6,0,0,0,0,0,0,2,0,0,0,0,0,0
594,REST_X8,594,3,6,0,0,0,0,0,0,5,0,0,0,0,0,0
595,[X8_X12_GET_req],595,3,6,0,0,0,0,0,0,6,0,0,0,1,0,0
596,REST_X12,596,3,6,0,0,0,0,0,0,6,0,0,0,2,0,0
597,REST_X12,597,3,6,0,0,0,0,0,0,6,0,0,0,5,0,0
598,[X12_X3_GET_req],598,3,6,0,1,0,0,0,0,6,0,0,0,6,0,0
599,REST_X3,599,3,6,0,2,0,0,0,0,6,0,0,0,6,0,0
600,REST_X3,600,3,6,0,5,0,0,0,0,6,0,0,0,6,0,0
601,[X3_X9_GET_req],601,3,6,0,6,0,0,0,0,6,1,0,0,6,0,0
602,REST_X9,602,3,6,0,6,0,0,0,0,6,2,0,0,6,0,0
603,REST_X9,603,3,6,0,6,0,0,0,0,6,3,0,0,6,0,0
604,[X3_X9_GET_resp_2xx],604,3,6,0,3,0,0,0,0,6,0,0,0,6,0,0
605,[X12_X3_GET_resp_2xx],605,3,6,0,0,0,0,0,0,6,0,0,0,3,0,0
606,[X8_X12_GET_resp_2xx],606,3,6,0,0,0,0,0,0,3,0,0,0,0,0,0
607,[X1_X8_GET_resp_2xx],607,3,3,0,0,0,0,0,0,0,0,0,0,0,0,0
608,[X0_X1_GET_resp_2xx],608,0,0,0,0,0,0,0,0,0,0,0,0,0,0,0
609,REST_X0,609,2,0,0,0,0,0,0,0,0,0,0,0,0,0,0
610,[X0_X1_GET_req],610,3,1,0,0,0,0,0,0,0,0,0,0,0,0,0
611,REST_X1,611,3,2,0,0,0,0,0,0,0,0,0,0,0,0,0
612,REST_X1,612,3,9,0,0,0,0,0,0,0,0,0,0,0,0,0
613,[X1_X14_GET_req],613,3,10,0,0,0,0,0,0,0,0,0,0,0,0,1
614,REST_X14,614,3,10,0,0,0,0,0,0,0,0,0,0,0,0,2
615,REST_X14,615,3,10,0,0,0,0,0,0,0,0,0,0,0,0,5
616,[X14_X6_GET_req],616,3,10,0,0,0,0,1,0,0,0,0,0,0,0,6
617,REST_X6,617,3,10,0,0,0,0,2,0,0,0,0,0,0,0,6
618,REST_X6,618,3,10,0,0,0,0,5,0,0,0,0,0,0,0,6
619,[X6_X5_GET_req],619,3,10,0,0,0,1,6,0,0,0,0,0,0,0,6
620,REST_X5,620,3,10,0,0,0,2,6,0,0,0,0,0,0,0,6
621,REST_X5,621,3,10,0,0,0,3,6,0,0,0,0,0,0,0,6
622,[X6_X5_GET_resp_2xx],622,3,10,0,0,0,0,3,0,0,0,0,0,0,0,6
623,[X14_X6_GET_resp_2xx],623,3,10,0,0,0,0,0,0,0,0,0,0,0,0,3
624,[X1_X14_GET_resp_2xx],624,3,3,0,0,0,0,0,0,0,0,0,0,0,0,0
625,[X0_X1_GET_resp_2xx],625,0,0,0,0,0,0,0,0,0,0,0,0,0,0,0
626,REST_X0,626,2,0,0,0,0,0,0,0,0,0,0,0,0,0,0
627,[X0_X1_GET_req],627,3,1,0,0,0,0,0,0,0,0,0,0,0,0,0
628,REST_X1,628,3,2,0,0,0,0,0,0,0,0,0,0,0,0,0
629,REST_X1,629,3,9,0,0,0,0,0,0,0,0,0,0,0,0,0
630,[X1_X14_GET_req],630,3,10,0,0,0,0,0,0,0,0,0,0,0,0,1
631,REST_X14,631,3,10,0,0,0,0,0,0,0,0,0,0,0,0,2
632,REST_X14,632,3,10,0,0,0,0,0,0,0,0,0,0,0,0,5
633,[X14_X6_GET_req],633,3,10,0,0,0,0,1,0,0,0,0,0,0,0,6
634,REST_X6,634,3,10,0,0,0,0,2,0,0,0,0,0,0,0,6
635,REST_X6,635,3,10,0,0,0,0,5,0,0,0,0,0,0,0,6
636,[X6_X5_GET_req],636,3,10,0,0,0,1,6,0,0,0,0,0,0,0,6
637,REST_X5,637,3,10,0,0,0,2,6,0,0,0,0,0,0,0,6
638,REST_X5,638,3,10,0,0,0,3,6,0,0,0,0,0,0,0,6
639,[X6_X5_GET_resp_2xx],639,3,10,0,0,0,0,3,0,0,0,0,0,0,0,6
640,[X14_X6_GET_resp_2xx],640,3,10,0,0,0,0,0,0,0,0,0,0,0,0,3
641,[X1_X14_GET_resp_2xx],641,3,3,0,0,0,0,0,0,0,0,0,0,0,0,0
642,[X0_X1_GET_resp_2xx],642,0,0,0,0,0,0,0,0,0,0,0,0,0,0,0
643,REST_X0,643,2,0,0,0,0,0,0,0,0,0,0,0,0,0,0
644,[X0_X1_GET_req],644,3,1,0,0,0,0,0,0,0,0,0,0,0,0,0
645,REST_X1,645,3,2,0,0,0,0,0,0,0,0,0,0,0,0,0
646,REST_X1,646,3,5,0,0,0,0,0,0,0,0,0,0,0,0,0
647,[X1_X8_GET_req],647,3,6,0,0,0,0,0,0,1,0,0,0,0,0,0
648,REST_X8,648,3,6,0,0,0,0,0,0,2,0,0,0,0,0,0
649,REST_X8,649,3,6,0,0,0,0,0,0,5,0,0,0,0,0,0
650,[X8_X12_GET_req],650,3,6,0,0,0,0,0,0,6,0,0,0,1,0,0
651,REST_X12,651,3,6,0,0,0,0,0,0,6,0,0,0,2,0,0
652,REST_X12,652,3,6,0,0,0,0,0,0,6,0,0,0,9,0,0
653,[X12_X13_GET_req],653,3,6,0,0,0,0,0,0,6,0,0,0,10,1,0
654,REST_X13,654,3,6,0,0,0,0,0,0,6,0,0,0,10,2,0
655,REST_X13,655,3,6,0,0,0,0,0,0,6,0,0,0,10,5,0
656,[X13_X4_GET_req],656,3,6,0,0,1,0,0,0,6,0,0,0,10,6,0
657,REST_X4,657,3,6,0,0,2,0,0,0,6,0,0,0,10,6,0
658,REST_X4,658,3,6,0,0,13,0,0,0,6,0,0,0,10,6,0
659,[X4_X11_GET_req],659,3,6,0,0,14,0,0,0,6,0,0,1,10,6,0
660,REST_X11,660,3,6,0,0,14,0,0,0,6,0,0,2,10,6,0
661,REST_X11,661,3,6,0,0,14,0,0,0,6,0,0,3,10,6,0
662,[X4_X11_GET_resp_2xx],662,3,6,0,0,3,0,0,0,6,0,0,0,10,6,0
663,[X13_X4_GET_resp_2xx],663,3,6,0,0,0,0,0,0,6,0,0,0,10,3,0
664,[X12_X13_GET_resp_2xx],664,3,6,0,0,0,0,0,0,6,0,0,0,3,0,0
665,[X8_X12_GET_resp_2xx],665,3,6,0,0,0,0,0,0,3,0,0,0,0,0,0
666,[X1_X8_GET_resp_2xx],666,3,3,0,0,0,0,0,0,0,0,0,0,0,0,0
667,[X0_X1_GET_resp_2xx],667,0,0,0,0,0,0,0,0,0,0,0,0,0,0,0
668,REST_X0,668,2,0,0,0,0,0,0,0,0,0,0,0,0,0,0
669,[X0_X1_GET_req],669,3,1,0,0,0,0,0,0,0,0,0,0,0,0,0
670,REST_X1,670,3,2,0,0,0,0,0,0,0,0,0,0,0,0,0
671,REST_X1,671,3,5,0,0,0,0,0,0,0,0,0,0,0,0,0
672,[X1_X8_GET_req],672,3,6,0,0,0,0,0,0,1,0,0,0,0,0,0
673,REST_X8,673,3,6,0,0,0,0,0,0,2,0,0,0,0,0,0
674,REST_X8,674,3,6,0,0,0,0,0,0,5,0,0,0,0,0,0
675,[X8_X12_GET_req],675,3,6,0,0,0,0,0,0,6,0,0,0,1,0,0
676,REST_X12,676,3,6,0,0,0,0,0,0,6,0,0,0,2,0,0
677,REST_X12,677,3,6,0,0,0,0,0,0,6,0,0,0,9,0,0
678,[X12_X13_GET_req],678,3,6,0,0,0,0,0,0,6,0,0,0,10,1,0
679,REST_X13,679,3,6,0,0,0,0,0,0,6,0,0,0,10,2,0
680,REST_X13,680,3,6,0,0,0,0,0,0,6,0,0,0,10,5,0
681,[X13_X4_GET_req],681,3,6,0,0,1,0,0,0,6,0,0,0,10,6,0
682,REST_X4,682,3,6,0,0,2,0,0,0,6,0,0,0,10,6,0
683,REST_X4,683,3,6,0,0,9,0,0,0,6,0,0,0,10,6,0
684,[X4_X7_GET_req],684,3,6,0,0,10,0,0,1,6,0,0,0,10,6,0
685,REST_X7,685,3,6,0,0,10,0,0,2,6,0,0,0,10,6,0
686,REST_X7,686,3,6,0,0,10,0,0,5,6,0,0,0,10,6,0
687,[X7_X10_GET_req],687,3,6,0,0,10,0,0,6,6,0,1,0,10,6,0
688,REST_X10,688,3,6,0,0,10,0,0,6,6,0,2,0,10,6,0
689,REST_X10,689,3,6,0,0,10,0,0,6,6,0,3,0,10,6,0
690,[X7_X10_GET_resp_2xx],690,3,6,0,0,10,0,0,3,6,0,0,0,10,6,0
691,[X4_X7_GET_resp_2xx],691,3,6,0,0,3,0,0,0,6,0,0,0,10,6,0
692,[X13_X4_GET_resp_2xx],692,3,6,0,0,0,0,0,0,6,0,0,0,10,3,0
693,[X12_X13_GET_resp_2xx],693,3,6,0,0,0,0,0,0,6,0,0,0,3,0,0
694,[X8_X12_GET_resp_2xx],694,3,6,0,0,0,0,0,0,3,0,0,0,0,0,0
695,[X1_X8_GET_resp_2xx],695,3,3,0,0,0,0,0,0,0,0,0,0,0,0,0
696,[X0_X1_GET_resp_2xx],696,0,0,0,0,0,0,0,0,0,0,0,0,0,0,0
697,REST_X0,697,2,0,0,0,0,0,0,0,0,0,0,0,0,0,0
698,[X0_X1_GET_req],698,3,1,0,0,0,0,0,0,0,0,0,0,0,0,0
699,REST_X1,699,3,2,0,0,0,0,0,0,0,0,0,0,0,0,0
700,REST_X1,700,3,9,0,0,0,0,0,0,0,0,0,0,0,0,0
701,[X1_X14_GET_req],701,3,10,0,0,0,0,0,0,0,0,0,0,0,0,1
702,REST_X14,702,3,10,0,0,0,0,0,0,0,0,0,0,0,0,2
703,REST_X14,703,3,10,0,0,0,0,0,0,0,0,0,0,0,0,5
704,[X14_X6_GET_req],704,3,10,0,0,0,0,1,0,0,0,0,0,0,0,6
705,REST_X6,705,3,10,0,0,0,0,2,0,0,0,0,0,0,0,6
706,REST_X6,706,3,10,0,0,0,0,5,0,0,0,0,0,0,0,6
707,[X6_X5_GET_req],707,3,10,0,0,0,1,6,0,0,0,0,0,0,0,6
708,REST_X5,708,3,10,0,0,0,2,6,0,0,0,0,0,0,0,6
709,REST_X5,709,3,10,0,0,0,3,6,0,0,0,0,0,0,0,6
710,[X6_X5_GET_resp_2xx],710,3,10,0,0,0,0,3,0,0,0,0,0,0,0,6
711,[X14_X6_GET_resp_2xx],711,3,10,0,0,0,0,0,0,0,0,0,0,0,0,3
712,[X1_X14_GET_resp_2xx],712,3,3,0,0,0,0,0,0,0,0,0,0,0,0,0
713,[X0_X1_GET_resp_2xx],713,0,0,0,0,0,0,0,0,0,0,0,0,0,0,0
714,REST_X0,714,2,0,0,0,0,0,0,0,0,0,0,0,0,0,0
715,[X0_X1_GET_req],715,3,1,0,0,0,0,0,0,0,0,0,0,0,0,0
716,REST_X1,716,3,2,0,0,0,0,0,0,0,0,0,0,0,0,0
717,REST_X1,717,3,5,0,0,0,0,0,0,0,0,0,0,0,0,0
718,[X1_X8_GET_req],718,3,6,0,0,0,0,0,0,1,0,0,0,0,0,0
719,REST_X8,719,3,6,0,0,0,0,0,0,2,0,0,0,0,0,0
720,REST_X8,720,3,6,0,0,0,0,0,0,5,0,0,0,0,0,0
721,[X8_X12_GET_req],721,3,6,0,0,0,0,0,0,6,0,0,0,1,0,0
722,REST_X12,722,3,6,0,0,0,0,0,0,6,0,0,0,2,0,0
723,REST_X12,723,3,6,0,0,0,0,0,0,6,0,0,0,9,0,0
724,[X12_X13_GET_req],724,3,6,0,0,0,0,0,0,6,0,0,0,10,1,0
725,REST_X13,725,3,6,0,0,0,0,0,0,6,0,0,0,10,2,0
726,REST_X13,726,3,6,0,0,0,0,0,0,6,0,0,0,10,5,0
727,[X13_X4_GET_req],727,3,6,0,0,1,0,0,0,6,0,0,0,10,6,0
728,REST_X4,728,3,6,0,0,2,0,0,0,6,0,0,0,10,6,0
729,REST_X4,729,3,6,0,0,13,0,0,0,6,0,0,0,10,6,0
730,[X4_X11_GET_req],730,3,6,0,0,14,0,0,0,6,0,0,1,10,6,0
731,REST_X11,731,3,6,0,0,14,0,0,0,6,0,0,2,10,6,0
732,REST_X11,732,3,6,0,0,14,0,0,0,6,0,0,4,10,6,0
733,[X4_X11_GET_resp_5xx],733,3,6,0,0,15,0,0,0,6,0,0,0,10,6,0
734,[X4_X11_GET_req],734,3,6,0,0,16,0,0,0,6,0,0,1,10,6,0
735,REST_X11,735,3,6,0,0,16,0,0,0,6,0,0,2,10,6,0
736,REST_X11,736,3,6,0,0,16,0,0,0,6,0,0,3,10,6,0
737,[X4_X11_GET_resp_2xx],737,3,6,0,0,3,0,0,0,6,0,0,0,10,6,0
738,[X13_X4_GET_resp_2xx],738,3,6,0,0,0,0,0,0,6,0,0,0,10,3,0
739,[X12_X13_GET_resp_2xx],739,3,6,0,0,0,0,0,0,6,0,0,0,3,0,0
740,[X8_X12_GET_resp_2xx],740,3,6,0,0,0,0,0,0,3,0,0,0,0,0,0
741,[X1_X8_GET_resp_2xx],741,3,3,0,0,0,0,0,0,0,0,0,0,0,0,0
742,[X0_X1_GET_resp_2xx],742,0,0,0,0,0,0,0,0,0,0,0,0,0,0,0
743,REST_X0,743,2,0,0,0,0,0,0,0,0,0,0,0,0,0,0
744,[X0_X1_GET_req],744,3,1,0,0,0,0,0,0,0,0,0,0,0,0,0
745,REST_X1,745,3,2,0,0,0,0,0,0,0,0,0,0,0,0,0
746,REST_X1,746,3,5,0,0,0,0,0,0,0,0,0,0,0,0,0
747,[X1_X8_GET_req],747,3,6,0,0,0,0,0,0,1,0,0,0,0,0,0
748,REST_X8,748,3,6,0,0,0,0,0,0,2,0,0,0,0,0,0
749,REST_X8,749,3,6,0,0,0,0,0,0,5,0,0,0,0,0,0
750,[X8_X12_GET_req],750,3,6,0,0,0,0,0,0,6,0,0,0,1,0,0
751,REST_X12,751,3,6,0,0,0,0,0,0,6,0,0,0,2,0,0
752,REST_X12,752,3,6,0,0,0,0,0,0,6,0,0,0,5,0,0
753,[X12_X3_GET_req],753,3,6,0,1,0,0,0,0,6,0,0,0,6,0,0
754,REST_X3,754,3,6,0,2,0,0,0,0,6,0,0,0,6,0,0
755,REST_X3,755,3,6,0,5,0,0,0,0,6,0,0,0,6,0,0
756,[X3_X9_GET_req],756,3,6,0,6,0,0,0,0,6,1,0,0,6,0,0
757,REST_X9,757,3,6,0,6,0,0,0,0,6,2,0,0,6,0,0
758,REST_X9,758,3,6,0,6,0,0,0,0,6,3,0,0,6,0,0
759,[X3_X9_GET_resp_2xx],759,3,6,0,3,0,0,0,0,6,0,0,0,6,0,0
760,[X12_X3_GET_resp_2xx],760,3,6,0,0,0,0,0,0,6,0,0,0,3,0,0
761,[X8_X12_GET_resp_2xx],761,3,6,0,0,0,0,0,0,3,0,0,0,0,0,0
762,[X1_X8_GET_resp_2xx],762,3,3,0,0,0,0,0,0,0,0,0,0,0,0,0
763,[X0_X1_GET_resp_2xx],763,0,0,0,0,0,0,0,0,0,0,0,0,0,0,0
764,REST_X0,764,2,0,0,0,0,0,0,0,0,0,0,0,0,0,0
765,[X0_X1_GET_req],765,3,1,0,0,0,0,0,0,0,0,0,0,0,0,0
766,REST_X1,766,3,2,0,0,0,0,0,0,0,0,0,0,0,0,0
767,REST_X1,767,3,5,0,0,0,0,0,0,0,0,0,0,0,0,0
768,[X1_X8_GET_req],768,3,6,0,0,0,0,0,0,1,0,0,0,0,0,0
769,REST_X8,769,3,6,0,0,0,0,0,0,2,0,0,0,0,0,0
770,REST_X8,770,3,6,0,0,0,0,0,0,5,0,0,0,0,0,0
771,[X8_X12_GET_req],771,3,6,0,0,0,0,0,0,6,0,0,0,1,0,0
772,REST_X12,772,3,6,0,0,0,0,0,0,6,0,0,0,2,0,0
773,REST_X12,773,3,6,0,0,0,0,0,0,6,0,0,0,9,0,0
774,[X12_X13_GET_req],774,3,6,0,0,0,0,0,0,6,0,0,0,10,1,0
775,REST_X13,775,3,6,0,0,0,0,0,0,6,0,0,0,10,2,0
776,REST_X13,776,3,6,0,0,0,0,0,0,6,0,0,0,10,5,0
777,[X13_X4_GET_req],777,3,6,0,0,1,0,0,0,6,0,0,0,10,6,0
778,REST_X4,778,3,6,0,0,2,0,0,0,6,0,0,0,10,6,0
779,REST_X4,779,3,6,0,0,9,0,0,0,6,0,0,0,10,6,0
780,[X4_X7_GET_req],780,3,6,0,0,10,0,0,1,6,0,0,0,10,6,0
781,REST_X7,781,3,6,0,0,10,0,0,2,6,0,0,0,10,6,0
782,REST_X7,782,3,6,0,0,10,0,0,5,6,0,0,0,10,6,0
783,[X7_X10_GET_req],783,3,6,0,0,10,0,0,6,6,0,1,0,10,6,0
784,REST_X10,784,3,6,0,0,10,0,0,6,6,0,2,0,10,6,0
785,REST_X10,785,3,6,0,0,10,0,0,6,6,0,4,0,10,6,0
786,[X7_X10_GET_resp_5xx],786,3,6,0,0,10,0,0,7,6,0,0,0,10,6,0
787,[X7_X10_GET_req],787,3,6,0,0,10,0,0,8,6,0,1,0,10,6,0
788,REST_X10,788,3,6,0,0,10,0,0,8,6,0,2,0,10,6,0
789,REST_X10,789,3,6,0,0,10,0,0,8,6,0,3,0,10,6,0
790,[X7_X10_GET_resp_2xx],790,3,6,0,0,10,0,0,3,6,0,0,0,10,6,0
791,[X4_X7_GET_resp_2xx],791,3,6,0,0,3,0,0,0,6,0,0,0,10,6,0
792,[X13_X4_GET_resp_2xx],792,3,6,0,0,0,0,0,0,6,0,0,0,10,3,0
793,[X12_X13_GET_resp_2xx],793,3,6,0,0,0,0,0,0,6,0,0,0,3,0,0
794,[X8_X12_GET_resp_2xx],794,3,6,0,0,0,0,0,0,3,0,0,0,0,0,0
795,[X1_X8_GET_resp_2xx],795,3,3,0,0,0,0,0,0,0,0,0,0,0,0,0
796,[X0_X1_GET_resp_2xx],796,0,0,0,0,0,0,0,0,0,0,0,0,0,0,0
797,REST_X0,797,2,0,0,0,0,0,0,0,0,0,0,0,0,0,0
798,[X0_X1_GET_req],798,3,1,0,0,0,0,0,0,0,0,0,0,0,0,0
799,REST_X1,799,3,2,0,0,0,0,0,0,0,0,0,0,0,0,0
800,REST_X1,800,3,9,0,0,0,0,0,0,0,0,0,0,0,0,0
801,[X1_X14_GET_req],801,3,10,0,0,0,0,0,0,0,0,0,0,0,0,1
802,REST_X14,802,3,10,0,0,0,0,0,0,0,0,0,0,0,0,2
803,REST_X14,803,3,10,0,0,0,0,0,0,0,0,0,0,0,0,5
804,[X14_X6_GET_req],804,3,10,0,0,0,0,1,0,0,0,0,0,0,0,6
805,REST_X6,805,3,10,0,0,0,0,2,0,0,0,0,0,0,0,6
806,REST_X6,806,3,10,0,0,0,0,5,0,0,0,0,0,0,0,6
807,[X6_X5_GET_req],807,3,10,0,0,0,1,6,0,0,0,0,0,0,0,6
808,REST_X5,808,3,10,0,0,0,2,6,0,0,0,0,0,0,0,6
809,REST_X5,809,3,10,0,0,0,4,6,0,0,0,0,0,0,0,6
810,[X6_X5_GET_resp_5xx],810,3,10,0,0,0,0,7,0,0,0,0,0,0,0,6
811,[X6_X5_GET_req],811,3,10,0,0,0,1,8,0,0,0,0,0,0,0,6
812,REST_X5,812,3,10,0,0,0,2,8,0,0,0,0,0,0,0,6
813,REST_X5,813,3,10,0,0,0,3,8,0,0,0,0,0,0,0,6
814,[X6_X5_GET_resp_2xx],814,3,10,0,0,0,0,3,0,0,0,0,0,0,0,6
815,[X14_X6_GET_resp_2xx],815,3,10,0,0,0,0,0,0,0,0,0,0,0,0,3
816,[X1_X14_GET_resp_2xx],816,3,3,0,0,0,0,0,0,0,0,0,0,0,0,0
817,[X0_X1_GET_resp_2xx],817,0,0,0,0,0,0,0,0,0,0,0,0,0,0,0
818,REST_X0,818,2,0,0,0,0,0,0,0,0,0,0,0,0,0,0
819,[X0_X1_GET_req],819,3,1,0,0,0,0,0,0,0,0,0,0,0,0,0
820,REST_X1,820,3,2,0,0,0,0,0,0,0,0,0,0,0,0,0
821,REST_X1,821,3,5,0,0,0,0,0,0,0,0,0,0,0,0,0
822,[X1_X8_GET_req],822,3,6,0,0,0,0,0,0,1,0,0,0,0,0,0
823,REST_X8,823,3,6,0,0,0,0,0,0,2,0,0,0,0,0,0
824,REST_X8,824,3,6,0,0,0,0,0,0,5,0,0,0,0,0,0
825,[X8_X12_GET_req],825,3,6,0,0,0,0,0,0,6,0,0,0,1,0,0
826,REST_X12,826,3,6,0,0,0,0,0,0,6,0,0,0,2,0,0
827,REST_X12,827,3,6,0,0,0,0,0,0,6,0,0,0,5,0,0
828,[X12_X3_GET_req],828,3,6,0,1,0,0,0,0,6,0,0,0,6,0,0
829,REST_X3,829,3,6,0,2,0,0,0,0,6,0,0,0,6,0,0
830,REST_X3,830,3,6,0,5,0,0,0,0,6,0,0,0,6,0,0
831,[X3_X9_GET_req],831,3,6,0,6,0,0,0,0,6,1,0,0,6,0,0
832,REST_X9,832,3,6,0,6,0,0,0,0,6,2,0,0,6,0,0
833,REST_X9,833,3,6,0,6,0,0,0,0,6,4,0,0,6,0,0
834,[X3_X9_GET_resp_5xx],834,3,6,0,7,0,0,0,0,6,0,0,0,6,0,0
835,[X3_X9_GET_req],835,3,6,0,8,0,0,0,0,6,1,0,0,6,0,0
836,REST_X9,836,3,6,0,8,0,0,0,0,6,2,0,0,6,0,0
837,REST_X9,837,3,6,0,8,0,0,0,0,6,3,0,0,6,0,0
838,[X3_X9_GET_resp_2xx],838,3,6,0,3,0,0,0,0,6,0,0,0,6,0,0
839,[X12_X3_GET_resp_2xx],839,3,6,0,0,0,0,0,0,6,0,0,0,3,0,0
840,[X8_X12_GET_resp_2xx],840,3,6,0,0,0,0,0,0,3,0,0,0,0,0,0
841,[X1_X8_GET_resp_2xx],841,3,3,0,0,0,0,0,0,0,0,0,0,0,0,0
842,[X0_X1_GET_resp_2xx],842,0,0,0,0,0,0,0,0,0,0,0,0,0,0,0
843,REST_X0,843,2,0,0,0,0,0,0,0,0,0,0,0,0,0,0
844,[X0_X1_GET_req],844,3,1,0,0,0,0,0,0,0,0,0,0,0,0,0
845,REST_X1,845,3,2,0,0,0,0,0,0,0,0,0,0,0,0,0
846,REST_X1,846,3,5,0,0,0,0,0,0,0,0,0,0,0,0,0
847,[X1_X8_GET_req],847,3,6,0,0,0,0,0,0,1,0,0,0,0,0,0
848,REST_X8,848,3,6,0,0,0,0,0,0,2,0,0,0,0,0,0
849,REST_X8,849,3,6,0,0,0,0,0,0,5,0,0,0,0,0,0
850,[X8_X12_GET_req],850,3,6,0,0,0,0,0,0,6,0,0,0,1,0,0
851,REST_X12,851,3,6,0,0,0,0,0,0,6,0,0,0,2,0,0
852,REST_X12,852,3,6,0,0,0,0,0,0,6,0,0,0,5,0,0
853,[X12_X3_GET_req],853,3,6,0,1,0,0,0,0,6,0,0,0,6,0,0
854,REST_X3,854,3,6,0,2,0,0,0,0,6,0,0,0,6,0,0
855,REST_X3,855,3,6,0,5,0,0,0,0,6,0,0,0,6,0,0
856,[X3_X9_GET_req],856,3,6,0,6,0,0,0,0,6,1,0,0,6,0,0
857,REST_X9,857,3,6,0,6,0,0,0,0,6,2,0,0,6,0,0
858,REST_X9,858,3,6,0,6,0,0,0,0,6,3,0,0,6,0,0
859,[X3_X9_GET_resp_2xx],859,3,6,0,3,0,0,0,0,6,0,0,0,6,0,0
860,[X12_X3_GET_resp_2xx],860,3,6,0,0,0,0,0,0,6,0,0,0,3,0,0
861,[X8_X12_GET_resp_2xx],861,3,6,0,0,0,0,0,0,3,0,0,0,0,0,0
862,[X1_X8_GET_resp_2xx],862,3,3,0,0,0,0,0,0,0,0,0,0,0,0,0
863,[X0_X1_GET_resp_2xx],863,0,0,0,0,0,0,0,0,0,0,0,0,0,0,0
864,REST_X0,864,2,0,0,0,0,0,0,0,0,0,0,0,0,0,0
865,[X0_X1_GET_req],865,3,1,0,0,0,0,0,0,0,0,0,0,0,0,0
866,REST_X1,866,3,2,0,0,0,0,0,0,0,0,0,0,0,0,0
867,REST_X1,867,3,9,0,0,0,0,0,0,0,0,0,0,0,0,0
868,[X1_X14_GET_req],868,3,10,0,0,0,0,0,0,0,0,0,0,0,0,1
869,REST_X14,869,3,10,0,0,0,0,0,0,0,0,0,0,0,0,2
870,REST_X14,870,3,10,0,0,0,0,0,0,0,0,0,0,0,0,5
871,[X14_X6_GET_req],871,3,10,0,0,0,0,1,0,0,0,0,0,0,0,6
872,REST_X6,872,3,10,0,0,0,0,2,0,0,0,0,0,0,0,6
873,REST_X6,873,3,10,0,0,0,0,5,0,0,0,0,0,0,0,6
874,[X6_X5_GET_req],874,3,10,0,0,0,1,6,0,0,0,0,0,0,0,6
875,REST_X5,875,3,10,0,0,0,2,6,0,0,0,0,0,0,0,6
876,REST_X5,876,3,10,0,0,0,3,6,0,0,0,0,0,0,0,6
877,[X6_X5_GET_resp_2xx],877,3,10,0,0,0,0,3,0,0,0,0,0,0,0,6
878,[X14_X6_GET_resp_2xx],878,3,10,0,0,0,0,0,0,0,0,0,0,0,0,3
879,[X1_X14_GET_resp_2xx],879,3,3,0,0,0,0,0,0,0,0,0,0,0,0,0
880,[X0_X1_GET_resp_2xx],880,0,0,0,0,0,0,0,0,0,0,0,0,0,0,0
881,REST_X0,881,2,0,0,0,0,0,0,0,0,0,0,0,0,0,0
882,[X0_X1_GET_req],882,3,1,0,0,0,0,0,0,0,0,0,0,0,0,0
883,REST_X1,883,3,2,0,0,0,0,0,0,0,0,0,0,0,0,0
884,REST_X1,884,3,9,0,0,0,0,0,0,0,0,0,0,0,0,0
885,[X1_X14_GET_req],885,3,10,0,0,0,0,0,0,0,0,0,0,0,0,1
886,REST_X14,886,3,10,0,0,0,0,0,0,0,0,0,0,0,0,2
887,REST_X14,887,3,10,0,0,0,0,0,0,0,0,0,0,0,0,5
888,[X14_X6_GET_req],888,3,10,0,0,0,0,1,0,0,0,0,0,0,0,6
889,REST_X6,889,3,10,0,0,0,0,2,0,0,0,0,0,0,0,6
890,REST_X6,890,3,10,0,0,0,0,5,0,0,0,0,0,0,0,6
891,[X6_X5_GET_req],891,3,10,0,0,0,1,6,0,0,0,0,0,0,0,6
892,REST_X5,892,3,10,0,0,0,2,6,0,0,0,0,0,0,0,6
893,REST_X5,893,3,10,0,0,0,3,6,0,0,0,0,0,0,0,6
894,[X6_X5_GET_resp_2xx],894,3,10,0,0,0,0,3,0,0,0,0,0,0,0,6
895,[X14_X6_GET_resp_2xx],895,3,10,0,0,0,0,0,0,0,0,0,0,0,0,3
896,[X1_X14_GET_resp_2xx],896,3,3,0,0,0,0,0,0,0,0,0,0,0,0,0
897,[X0_X1_GET_resp_2xx],897,0,0,0,0,0,0,0,0,0,0,0,0,0,0,0
898,REST_X0,898,2,0,0,0,0,0,0,0,0,0,0,0,0,0,0
899,[X0_X1_GET_req],899,3,1,0,0,0,0,0,0,0,0,0,0,0,0,0
900,REST_X1,900,3,2,0,0,0,0,0,0,0,0,0,0,0,0,0
901,REST_X1,901,3,5,0,0,0,0,0,0,0,0,0,0,0,0,0
902,[X1_X8_GET_req],902,3,6,0,0,0,0,0,0,1,0,0,0,0,0,0
903,REST_X8,903,3,6,0,0,0,0,0,0,2,0,0,0,0,0,0
904,REST_X8,904,3,6,0,0,0,0,0,0,5,0,0,0,0,0,0
905,[X8_X12_GET_req],905,3,6,0,0,0,0,0,0,6,0,0,0,1,0,0
906,REST_X12,906,3,6,0,0,0,0,0,0,6,0,0,0,2,0,0
907,REST_X12,907,3,6,0,0,0,0,0,0,6,0,0,0,9,0,0
908,[X12_X13_GET_req],908,3,6,0,0,0,0,0,0,6,0,0,0,10,1,0
909,REST_X13,909,3,6,0,0,0,0,0,0,6,0,0,0,10,2,0
910,REST_X13,910,3,6,0,0,0,0,0,0,6,0,0,0,10,5,0
911,[X13_X4_GET_req],911,3,6,0,0,1,0,0,0,6,0,0,0,10,6,0
912,REST_X4,912,3,6,0,0,2,0,0,0,6,0,0,0,10,6,0
913,REST_X4,913,3,6,0,0,5,0,0,0,6,0,0,0,10,6,0
914,[X4_X2_GET_req],914,3,6,1,0,6,0,0,0,6,0,0,0,10,6,0
915,REST_X2,915,3,6,2,0,6,0,0,0,6,0,0,0,10,6,0
916,REST_X2,916,3,6,3,0,6,0,0,0,6,0,0,0,10,6,0
917,[X4_X2_GET_resp_2xx],917,3,6,0,0,3,0,0,0,6,0,0,0,10,6,0
918,[X13_X4_GET_resp_2xx],918,3,6,0,0,0,0,0,0,6,0,0,0,10,3,0
919,[X12_X13_GET_resp_2xx],919,3,6,0,0,0,0,0,0,6,0,0,0,3,0,0
920,[X8_X12_GET_resp_2xx],920,3,6,0,0,0,0,0,0,3,0,0,0,0,0,0
921,[X1_X8_GET_resp_2xx],921,3,3,0,0,0,0,0,0,0,0,0,0,0,0,0
922,[X0_X1_GET_resp_2xx],922,0,0,0,0,0,0,0,0,0,0,0,0,0,0,0
923,REST_X0,923,2,0,0,0,0,0,0,0,0,0,0,0,0,0,0
924,[X0_X1_GET_req],924,3,1,0,0,0,0,0,0,0,0,0,0,0,0,0
925,REST_X1,925,3,2,0,0,0,0,0,0,0,0,0,0,0,0,0
926,REST_X1,926,3,5,0,0,0,0,0,0,0,0,0,0,0,0,0
927,[X1_X8_GET_req],927,3,6,0,0,0,0,0,0,1,0,0,0,0,0,0
928,REST_X8,928,3,6,0,0,0,0,0,0,2,0,0,0,0,0,0
929,REST_X8,929,3,6,0,0,0,0,0,0,5,0,0,0,0,0,0
930,[X8_X12_GET_req],930,3,6,0,0,0,0,0,0,6,0,0,0,1,0,0
931,REST_X12,931,3,6,0,0,0,0,0,0,6,0,0,0,2,0,0
932,REST_X12,932,3,6,0,0,0,0,0,0,6,0,0,0,5,0,0
933,[X12_X3_GET_req],933,3,6,0,1,0,0,0,0,6,0,0,0,6,0,0
934,REST_X3,934,3,6,0,2,0,0,0,0,6,0,0,0,6,0,0
935,REST_X3,935,3,6,0,5,0,0,0,0,6,0,0,0,6,0,0
936,[X3_X9_GET_req],936,3,6,0,6,0,0,0,0,6,1,0,0,6,0,0
937,REST_X9,937,3,6,0,6,0,0,0,0,6,2,0,0,6,0,0
938,REST_X9,938,3,6,0,6,0,0,0,0,6,3,0,0,6,0,0
939,[X3_X9_GET_resp_2xx],939,3,6,0,3,0,0,0,0,6,0,0,0,6,0,0
940,[X12_X3_GET_resp_2xx],940,3,6,0,0,0,0,0,0,6,0,0,0,3,0,0
941,[X8_X12_GET_resp_2xx],941,3,6,0,0,0,0,0,0,3,0,0,0,0,0,0
942,[X1_X8_GET_resp_2xx],942,3,3,0,0,0,0,0,0,0,0,0,0,0,0,0
943,[X0_X1_GET_resp_2xx],943,0,0,0,0,0,0,0,0,0,0,0,0,0,0,0
944,REST_X0,944,2,0,0,0,0,0,0,0,0,0,0,0,0,0,0
945,[X0_X1_GET_req],945,3,1,0,0,0,0,0,0,0,0,0,0,0,0,0
946,REST_X1,946,3,2,0,0,0,0,0,0,0,0,0,0,0,0,0
947,REST_X1,947,3,5,0,0,0,0,0,0,0,0,0,0,0,0,0
948,[X1_X8_GET_req],948,3,6,0,0,0,0,0,0,1,0,0,0,0,0,0
949,REST_X8,949,3,6,0,0,0,0,0,0,2,0,0,0,0,0,0
950,REST_X8,950,3,6,0,0,0,0,0,0,5,0,0,0,0,0,0
951,[X8_X12_GET_req],951,3,6,0,0,0,0,0,0,6,0,0,0,1,0,0
952,REST_X12,952,3,6,0,0,0,0,0,0,6,0,0,0,2,0,0
953,REST_X12,953,3,6,0,0,0,0,0,0,6,0,0,0,9,0,0
954,[X12_X13_GET_req],954,3,6,0,0,0,0,0,0,6,0,0,0,10,1,0
955,REST_X13,955,3,6,0,0,0,0,0,0,6,0,0,0,10,2,0
956,REST_X13,956,3,6,0,0,0,0,0,0,6,0,0,0,10,5,0
957,[X13_X4_GET_req],957,3,6,0,0,1,0,0,0,6,0,0,0,10,6,0
958,REST_X4,958,3,6,0,0,2,0,0,0,6,0,0,0,10,6,0
959,REST_X4,959,3,6,0,0,5,0,0,0,6,0,0,0,10,6,0
960,[X4_X2_GET_req],960,3,6,1,0,6,0,0,0,6,0,0,0,10,6,0
961,REST_X2,961,3,6,2,0,6,0,0,0,6,0,0,0,10,6,0
962,REST_X2,962,3,6,3,0,6,0,0,0,6,0,0,0,10,6,0
963,[X4_X2_GET_resp_2xx],963,3,6,0,0,3,0,0,0,6,0,0,0,10,6,0
964,[X13_X4_GET_resp_2xx],964,3,6,0,0,0,0,0,0,6,0,0,0,10,3,0
965,[X12_X13_GET_resp_2xx],965,3,6,0,0,0,0,0,0,6,0,0,0,3,0,0
966,[X8_X12_GET_resp_2xx],966,3,6,0,0,0,0,0,0,3,0,0,0,0,0,0
967,[X1_X8_GET_resp_2xx],967,3,3,0,0,0,0,0,0,0,0,0,0,0,0,0
968,[X0_X1_GET_resp_2xx],968,0,0,0,0,0,0,0,0,0,0,0,0,0,0,0
969,REST_X0,969,2,0,0,0,0,0,0,0,0,0,0,0,0,0,0
970,[X0_X1_GET_req],970,3,1,0,0,0,0,0,0,0,0,0,0,0,0,0
971,REST_X1,971,3,2,0,0,0,0,0,0,0,0,0,0,0,0,0
972,REST_X1,972,3,9,0,0,0,0,0,0,0,0,0,0,0,0,0
973,[X1_X14_GET_req],973,3,10,0,0,0,0,0,0,0,0,0,0,0,0,1
974,REST_X14,974,3,10,0,0,0,0,0,0,0,0,0,0,0,0,2
975,REST_X14,975,3,10,0,0,0,0,0,0,0,0,0,0,0,0,5
976,[X14_X6_GET_req],976,3,10,0,0,0,0,1,0,0,0,0,0,0,0,6
977,REST_X6,977,3,10,0,0,0,0,2,0,0,0,0,0,0,0,6
978,REST_X6,978,3,10,0,0,0,0,5,0,0,0,0,0,0,0,6
979,[X6_X5_GET_req],979,3,10,0,0,0,1,6,0,0,0,0,0,0,0,6
980,REST_X5,980,3,10,0,0,0,2,6,0,0,0,0,0,0,0,6
981,REST_X5,981,3,10,0,0,0,3,6,0,0,0,0,0,0,0,6
982,[X6_X5_GET_resp_2xx],982,3,10,0,0,0,0,3,0,0,0,0,0,0,0,6
983,[X14_X6_GET_resp_2xx],983,3,10,0,0,0,0,0,0,0,0,0,0,0,0,3
984,[X1_X14_GET_resp_2xx],984,3,3,0,0,0,0,0,0,0,0,0,0,0,0,0
985,[X0_X1_GET_resp_2xx],985,0,0,0,0,0,0,0,0,0,0,0,0,0,0,0
986,REST_X0,986,2,0,0,0,0,0,0,0,0,0,0,0,0,0,0
987,[X0_X1_GET_req],987,3,1,0,0,0,0,0,0,0,0,0,0,0,0,0
988,REST_X1,988,3,2,0,0,0,0,0,0,0,0,0,0,0,0,0
989,REST_X1,989,3,9,0,0,0,0,0,0,0,0,0,0,0,0,0
990,[X1_X14_GET_req],990,3,10,0,0,0,0,0,0,0,0,0,0,0,0,1
991,REST_X14,991,3,10,0,0,0,0,0,0,0,0,0,0,0,0,2
992,REST_X14,992,3,10,0,0,0,0,0,0,0,0,0,0,0,0,5
993,[X14_X6_GET_req],993,3,10,0,0,0,0,1,0,0,0,0,0,0,0,6
994,REST_X6,994,3,10,0,0,0,0,2,0,0,0,0,0,0,0,6
995,REST_X6,995,3,10,0,0,0,0,5,0,0,0,0,0,0,0,6
996,[X6_X5_GET_req],996,3,10,0,0,0,1,6,0,0,0,0,0,0,0,6
997,REST_X5,997,3,10,0,0,0,2,6,0,0,0,0,0,0,0,6
998,REST_X5,998,3,10,0,0,0,3,6,0,0,0,0,0,0,0,6
999,[X6_X5_GET_resp_2xx],999,3,10,0,0,0,0,3,0,0,0,0,0,0,0,6
1000,[X14_X6_GET_resp_2xx],1000,3,10,0,0,0,0,0,0,0,0,0,0,0,0,3
1001,[X1_X14_GET_resp_2xx],1001,3,3,0,0,0,0,0,0,0,0,0,0,0,0,0
1002,[X0_X1_GET_resp_2xx],1002,0,0,0,0,0,0,0,0,0,0,0,0,0,0,0
1003,REST_X0,1003,2,0,0,0,0,0,0,0,0,0,0,0,0,0,0
1004,[X0_X1_GET_req],1004,3,1,0,0,0,0,0,0,0,0,0,0,0,0,0
1005,REST_X1,1005,3,2,0,0,0,0,0,0,0,0,0,0,0,0,0
1006,REST_X1,1006,3,9,0,0,0,0,0,0,0,0,0,0,0,0,0
1007,[X1_X14_GET_req],1007,3,10,0,0,0,0,0,0,0,0,0,0,0,0,1
1008,REST_X14,1008,3,10,0,0,0,0,0,0,0,0,0,0,0,0,2
1009,REST_X14,1009,3,10,0,0,0,0,0,0,0,0,0,0,0,0,5
1010,[X14_X6_GET_req],1010,3,10,0,0,0,0,1,0,0,0,0,0,0,0,6
1011,REST_X6,1011,3,10,0,0,0,0,2,0,0,0,0,0,0,0,6
1012,REST_X6,1012,3,10,0,0,0,0,5,0,0,0,0,0,0,0,6
1013,[X6_X5_GET_req],1013,3,10,0,0,0,1,6,0,0,0,0,0,0,0,6
1014,REST_X5,1014,3,10,0,0,0,2,6,0,0,0,0,0,0,0,6
1015,REST_X5,1015,3,10,0,0,0,3,6,0,0,0,0,0,0,0,6
1016,[X6_X5_GET_resp_2xx],1016,3,10,0,0,0,0,3,0,0,0,0,0,0,0,6
1017,[X14_X6_GET_resp_2xx],1017,3,10,0,0,0,0,0,0,0,0,0,0,0,0,3
1018,[X1_X14_GET_resp_2xx],1018,3,3,0,0,0,0,0,0,0,0,0,0,0,0,0
1019,[X0_X1_GET_resp_2xx],1019,0,0,0,0,0,0,0,0,0,0,0,0,0,0,0
1020,REST_X0,1020,2,0,0,0,0,0,0,0,0,0,0,0,0,0,0
1021,[X0_X1_GET_req],1021,3,1,0,0,0,0,0,0,0,0,0,0,0,0,0
1022,REST_X1,1022,3,2,0,0,0,0,0,0,0,0,0,0,0,0,0
1023,REST_X1,1023,3,5,0,0,0,0,0,0,0,0,0,0,0,0,0
1024,[X1_X8_GET_req],1024,3,6,0,0,0,0,0,0,1,0,0,0,0,0,0
1025,REST_X8,1025,3,6,0,0,0,0,0,0,2,0,0,0,0,0,0
1026,REST_X8,1026,3,6,0,0,0,0,0,0,5,0,0,0,0,0,0
1027,[X8_X12_GET_req],1027,3,6,0,0,0,0,0,0,6,0,0,0,1,0,0
1028,REST_X12,1028,3,6,0,0,0,0,0,0,6,0,0,0,2,0,0
1029,REST_X12,1029,3,6,0,0,0,0,0,0,6,0,0,0,5,0,0
1030,[X12_X3_GET_req],1030,3,6,0,1,0,0,0,0,6,0,0,0,6,0,0
1031,REST_X3,1031,3,6,0,2,0,0,0,0,6,0,0,0,6,0,0
1032,REST_X3,1032,3,6,0,5,0,0,0,0,6,0,0,0,6,0,0
1033,[X3_X9_GET_req],1033,3,6,0,6,0,0,0,0,6,1,0,0,6,0,0
1034,REST_X9,1034,3,6,0,6,0,0,0,0,6,2,0,0,6,0,0
1035,REST_X9,1035,3,6,0,6,0,0,0,0,6,3,0,0,6,0,0
1036,[X3_X9_GET_resp_2xx],1036,3,6,0,3,0,0,0,0,6,0,0,0,6,0,0
1037,[X12_X3_GET_resp_2xx],1037,3,6,0,0,0,0,0,0,6,0,0,0,3,0,0
1038,[X8_X12_GET_resp_2xx],1038,3,6,0,0,0,0,0,0,3,0,0,0,0,0,0
1039,[X1_X8_GET_resp_2xx],1039,3,3,0,0,0,0,0,0,0,0,0,0,0,0,0
1040,[X0_X1_GET_resp_2xx],1040,0,0,0,0,0,0,0,0,0,0,0,0,0,0,0
1041,REST_X0,1041,2,0,0,0,0,0,0,0,0,0,0,0,0,0,0
1042,[X0_X1_GET_req],1042,3,1,0,0,0,0,0,0,0,0,0,0,0,0,0
1043,REST_X1,1043,3,2,0,0,0,0,0,0,0,0,0,0,0,0,0
1044,REST_X1,1044,3,5,0,0,0,0,0,0,0,0,0,0,0,0,0
1045,[X1_X8_GET_req],1045,3,6,0,0,0,0,0,0,1,0,0,0,0,0,0
1046,REST_X8,1046,3,6,0,0,0,0,0,0,2,0,0,0,0,0,0
1047,REST_X8,1047,3,6,0,0,0,0,0,0,5,0,0,0,0,0,0
1048,[X8_X12_GET_req],1048,3,6,0,0,0,0,0,0,6,0,0,0,1,0,0
1049,REST_X12,1049,3,6,0,0,0,0,0,0,6,0,0,0,2,0,0
1050,REST_X12,1050,3,6,0,0,0,0,0,0,6,0,0,0,9,0,0
1051,[X12_X13_GET_req],1051,3,6,0,0,0,0,0,0,6,0,0,0,10,1,0
1052,REST_X13,1052,3,6,0,0,0,0,0,0,6,0,0,0,10,2,0
1053,REST_X13,1053,3,6,0,0,0,0,0,0,6,0,0,0,10,5,0
1054,[X13_X4_GET_req],1054,3,6,0,0,1,0,0,0,6,0,0,0,10,6,0
1055,REST_X4,1055,3,6,0,0,2,0,0,0,6,0,0,0,10,6,0
1056,REST_X4,1056,3,6,0,0,5,0,0,0,6,0,0,0,10,6,0
1057,[X4_X2_GET_req],1057,3,6,1,0,6,0,0,0,6,0,0,0,10,6,0
1058,REST_X2,1058,3,6,2,0,6,0,0,0,6,0,0,0,10,6,0
1059,REST_X2,1059,3,6,4,0,6,0,0,0,6,0,0,0,10,6,0
1060,[X4_X2_GET_resp_5xx],1060,3,6,0,0,7,0,0,0,6,0,0,0,10,6,0
1061,[X4_X2_GET_req],1061,3,6,1,0,8,0,0,0,6,0,0,0,10,6,0
1062,REST_X2,1062,3,6,2,0,8,0,0,0,6,0,0,0,10,6,0
1063,REST_X2,1063,3,6,4,0,8,0,0,0,6,0,0,0,10,6,0
1064,[X4_X2_GET_resp_5xx],1064,3,6,0,0,4,0,0,0,6,0,0,0,10,6,0
1065,[X13_X4_GET_resp_5xx],1065,3,6,0,0,0,0,0,0,6,0,0,0,10,7,0
1066,[X13_X4_GET_req],1066,3,6,0,0,1,0,0,0,6,0,0,0,10,8,0
1067,REST_X4,1067,3,6,0,0,2,0,0,0,6,0,0,0,10,8,0
1068,REST_X4,1068,3,6,0,0,5,0,0,0,6,0,0,0,10,8,0
1069,[X4_X2_GET_req],1069,3,6,1,0,6,0,0,0,6,0,0,0,10,8,0
1070,REST_X2,1070,3,6,2,0,6,0,0,0,6,0,0,0,10,8,0
1071,REST_X2,1071,3,6,3,0,6,0,0,0,6,0,0,0,10,8,0
1072,[X4_X2_GET_resp_2xx],1072,3,6,0,0,3,0,0,0,6,0,0,0,10,8,0
1073,[X13_X4_GET_resp_2xx],1073,3,6,0,0,0,0,0,0,6,0,0,0,10,3,0
1074,[X12_X13_GET_resp_2xx],1074,3,6,0,0,0,0,0,0,6,0,0,0,3,0,0
1075,[X8_X12_GET_resp_2xx],1075,3,6,0,0,0,0,0,0,3,0,0,0,0,0,0
1076,[X1_X8_GET_resp_2xx],1076,3,3,0,0,0,0,0,0,0,0,0,0,0,0,0
1077,[X0_X1_GET_resp_2xx],1077,0,0,0,0,0,0,0,0,0,0,0,0,0,0,0
1078,REST_X0,1078,2,0,0,0,0,0,0,0,0,0,0,0,0,0,0
1079,[X0_X1_GET_req],1079,3,1,0,0,0,0,0,0,0,0,0,0,0,0,0
1080,REST_X1,1080,3,2,0,0,0,0,0,0,0,0,0,0,0,0,0
1081,REST_X1,1081,3,9,0,0,0,0,0,0,0,0,0,0,0,0,0
1082,[X1_X14_GET_req],1082,3,10,0,0,0,0,0,0,0,0,0,0,0,0,1
1083,REST_X14,1083,3,10,0,0,0,0,0,0,0,0,0,0,0,0,2
1084,REST_X14,1084,3,10,0,0,0,0,0,0,0,0,0,0,0,0,5
1085,[X14_X6_GET_req],1085,3,10,0,0,0,0,1,0,0,0,0,0,0,0,6
1086,REST_X6,1086,3,10,0,0,0,0,2,0,0,0,0,0,0,0,6
1087,REST_X6,1087,3,10,0,0,0,0,5,0,0,0,0,0,0,0,6
1088,[X6_X5_GET_req],1088,3,10,0,0,0,1,6,0,0,0,0,0,0,0,6
1089,REST_X5,1089,3,10,0,0,0,2,6,0,0,0,0,0,0,0,6
1090,REST_X5,1090,3,10,0,0,0,3,6,0,0,0,0,0,0,0,6
1091,[X6_X5_GET_resp_2xx],1091,3,10,0,0,0,0,3,0,0,0,0,0,0,0,6
1092,[X14_X6_GET_resp_2xx],1092,3,10,0,0,0,0,0,0,0,0,0,0,0,0,3
1093,[X1_X14_GET_resp_2xx],1093,3,3,0,0,0,0,0,0,0,0,0,0,0,0,0
1094,[X0_X1_GET_resp_2xx],1094,0,0,0,0,0,0,0,0,0,0,0,0,0,0,0
1095,REST_X0,1095,2,0,0,0,0,0,0,0,0,0,0,0,0,0,0
1096,[X0_X1_GET_req],1096,3,1,0,0,0,0,0,0,0,0,0,0,0,0,0
1097,REST_X1,1097,3,2,0,0,0,0,0,0,0,0,0,0,0,0,0
1098,REST_X1,1098,3,5,0,0,0,0,0,0,0,0,0,0,0,0,0
1099,[X1_X8_GET_req],1099,3,6,0,0,0,0,0,0,1,0,0,0,0,0,0
1100,REST_X8,1100,3,6,0,0,0,0,0,0,2,0,0,0,0,0,0
1101,REST_X8,1101,3,6,0,0,0,0,0,0,5,0,0,0,0,0,0
1102,[X8_X12_GET_req],1102,3,6,0,0,0,0,0,0,6,0,0,0,1,0,0
1103,REST_X12,1103,3,6,0,0,0,0,0,0,6,0,0,0,2,0,0
1104,REST_X12,1104,3,6,0,0,0,0,0,0,6,0,0,0,9,0,0
1105,[X12_X13_GET_req],1105,3,6,0,0,0,0,0,0,6,0,0,0,10,1,0
1106,REST_X13,1106,3,6,0,0,0,0,0,0,6,0,0,0,10,2,0
1107,REST_X13,1107,3,6,0,0,0,0,0,0,6,0,0,0,10,5,0
1108,[X13_X4_GET_req],1108,3,6,0,0,1,0,0,0,6,0,0,0,10,6,0
1109,REST_X4,1109,3,6,0,0,2,0,0,0,6,0,0,0,10,6,0
1110,REST_X4,1110,3,6,0,0,9,0,0,0,6,0,0,0,10,6,0
1111,[X4_X7_GET_req],1111,3,6,0,0,10,0,0,1,6,0,0,0,10,6,0
1112,REST_X7,1112,3,6,0,0,10,0,0,2,6,0,0,0,10,6,0
1113,REST_X7,1113,3,6,0,0,10,0,0,5,6,0,0,0,10,6,0
1114,[X7_X10_GET_req],1114,3,6,0,0,10,0,0,6,6,0,1,0,10,6,0
1115,REST_X10,1115,3,6,0,0,10,0,0,6,6,0,2,0,10,6,0
1116,REST_X10,1116,3,6,0,0,10,0,0,6,6,0,4,0,10,6,0
1117,[X7_X10_GET_resp_5xx],1117,3,6,0,0,10,0,0,7,6,0,0,0,10,6,0
1118,[X7_X10_GET_req],1118,3,6,0,0,10,0,0,8,6,0,1,0,10,6,0
1119,REST_X10,1119,3,6,0,0,10,0,0,8,6,0,2,0,10,6,0
1120,REST_X10,1120,3,6,0,0,10,0,0,8,6,0,3,0,10,6,0
1121,[X7_X10_GET_resp_2xx],1121,3,6,0,0,10,0,0,3,6,0,0,0,10,6,0
1122,[X4_X7_GET_resp_2xx],1122,3,6,0,0,3,0,0,0,6,0,0,0,10,6,0
1123,[X13_X4_GET_resp_2xx],1123,3,6,0,0,0,0,0,0,6,0,0,0,10,3,0
1124,[X12_X13_GET_resp_2xx],1124,3,6,0,0,0,0,0,0,6,0,0,0,3,0,0
1125,[X8_X12_GET_resp_2xx],1125,3,6,0,0,0,0,0,0,3,0,0,0,0,0,0
1126,[X1_X8_GET_resp_2xx],1126,3,3,0,0,0,0,0,0,0,0,0,0,0,0,0
1127,[X0_X1_GET_resp_2xx],1127,0,0,0,0,0,0,0,0,0,0,0,0,0,0,0
1128,REST_X0,1128,2,0,0,0,0,0,0,0,0,0,0,0,0,0,0
1129,[X0_X1_GET_req],1129,3,1,0,0,0,0,0,0,0,0,0,0,0,0,0
1130,REST_X1,1130,3,2,0,0,0,0,0,0,0,0,0,0,0,0,0
1131,REST_X1,1131,3,5,0,0,0,0,0,0,0,0,0,0,0,0,0
1132,[X1_X8_GET_req],1132,3,6,0,0,0,0,0,0,1,0,0,0,0,0,0
1133,REST_X8,1133,3,6,0,0,0,0,0,0,2,0,0,0,0,0,0
1134,REST_X8,1134,3,6,0,0,0,0,0,0,5,0,0,0,0,0,0
1135,[X8_X12_GET_req],1135,3,6,0,0,0,0,0,0,6,0,0,0,1,0,0
1136,REST_X12,1136,3,6,0,0,0,0,0,0,6,0,0,0,2,0,0
1137,REST_X12,1137,3,6,0,0,0,0,0,0,6,0,0,0,5,0,0
1138,[X12_X3_GET_req],1138,3,6,0,1,0,0,0,0,6,0,0,0,6,0,0
1139,REST_X3,1139,3,6,0,2,0,0,0,0,6,0,0,0,6,0,0
1140,REST_X3,1140,3,6,0,5,0,0,0,0,6,0,0,0,6,0,0
1141,[X3_X9_GET_req],1141,3,6,0,6,0,0,0,0,6,1,0,0,6,0,0
1142,REST_X9,1142,3,6,0,6,0,0,0,0,6,2,0,0,6,0,0
1143,REST_X9,1143,3,6,0,6,0,0,0,0,6,4,0,0,6,0,0
1144,[X3_X9_GET_resp_5xx],1144,3,6,0,7,0,0,0,0,6,0,0,0,6,0,0
1145,[X3_X9_GET_req],1145,3,6,0,8,0,0,0,0,6,1,0,0,6,0,0
1146,REST_X9,1146,3,6,0,8,0,0,0,0,6,2,0,0,6,0,0
1147,REST_X9,1147,3,6,0,8,0,0,0,0,6,3,0,0,6,0,0
1148,[X3_X9_GET_resp_2xx],1148,3,6,0,3,0,0,0,0,6,0,0,0,6,0,0
1149,[X12_X3_GET_resp_2xx],1149,3,6,0,0,0,0,0,0,6,0,0,0,3,0,0
1150,[X8_X12_GET_resp_2xx],1150,3,6,0,0,0,0,0,0,3,0,0,0,0,0,0
1151,[X1_X8_GET_resp_2xx],1151,3,3,0,0,0,0,0,0,0,0,0,0,0,0,0
1152,[X0_X1_GET_resp_2xx],1152,0,0,0,0,0,0,0,0,0,0,0,0,0,0,0
1153,REST_X0,1153,2,0,0,0,0,0,0,0,0,0,0,0,0,0,0
1154,[X0_X1_GET_req],1154,3,1,0,0,0,0,0,0,0,0,0,0,0,0,0
1155,REST_X1,1155,3,2,0,0,0,0,0,0,0,0,0,0,0,0,0
1156,REST_X1,1156,3,5,0,0,0,0,0,0,0,0,0,0,0,0,0
1157,[X1_X8_GET_req],1157,3,6,0,0,0,0,0,0,1,0,0,0,0,0,0
1158,REST_X8,1158,3,6,0,0,0,0,0,0,2,0,0,0,0,0,0
1159,REST_X8,1159,3,6,0,0,0,0,0,0,5,0,0,0,0,0,0
1160,[X8_X12_GET_req],1160,3,6,0,0,0,0,0,0,6,0,0,0,1,0,0
1161,REST_X12,1161,3,6,0,0,0,0,0,0,6,0,0,0,2,0,0
1162,REST_X12,1162,3,6,0,0,0,0,0,0,6,0,0,0,5,0,0
1163,[X12_X3_GET_req],1163,3,6,0,1,0,0,0,0,6,0,0,0,6,0,0
1164,REST_X3,1164,3,6,0,2,0,0,0,0,6,0,0,0,6,0,0
1165,REST_X3,1165,3,6,0,5,0,0,0,0,6,0,0,0,6,0,0
1166,[X3_X9_GET_req],1166,3,6,0,6,0,0,0,0,6,1,0,0,6,0,0
1167,REST_X9,1167,3,6,0,6,0,0,0,0,6,2,0,0,6,0,0
1168,REST_X9,1168,3,6,0,6,0,0,0,0,6,3,0,0,6,0,0
1169,[X3_X9_GET_resp_2xx],1169,3,6,0,3,0,0,0,0,6,0,0,0,6,0,0
1170,[X12_X3_GET_resp_2xx],1170,3,6,0,0,0,0,0,0,6,0,0,0,3,0,0
1171,[X8_X12_GET_resp_2xx],1171,3,6,0,0,0,0,0,0,3,0,0,0,0,0,0
1172,[X1_X8_GET_resp_2xx],1172,3,3,0,0,0,0,0,0,0,0,0,0,0,0,0
1173,[X0_X1_GET_resp_2xx],1173,0,0,0,0,0,0,0,0,0,0,0,0,0,0,0
1174,REST_X0,1174,2,0,0,0,0,0,0,0,0,0,0,0,0,0,0
1175,[X0_X1_GET_req],1175,3,1,0,0,0,0,0,0,0,0,0,0,0,0,0
1176,REST_X1,1176,3,2,0,0,0,0,0,0,0,0,0,0,0,0,0
1177,REST_X1,1177,3,5,0,0,0,0,0,0,0,0,0,0,0,0,0
1178,[X1_X8_GET_req],1178,3,6,0,0,0,0,0,0,1,0,0,0,0,0,0
1179,REST_X8,1179,3,6,0,0,0,0,0,0,2,0,0,0,0,0,0
1180,REST_X8,1180,3,6,0,0,0,0,0,0,5,0,0,0,0,0,0
1181,[X8_X12_GET_req],1181,3,6,0,0,0,0,0,0,6,0,0,0,1,0,0
1182,REST_X12,1182,3,6,0,0,0,0,0,0,6,0,0,0,2,0,0
1183,REST_X12,1183,3,6,0,0,0,0,0,0,6,0,0,0,5,0,0
1184,[X12_X3_GET_req],1184,3,6,0,1,0,0,0,0,6,0,0,0,6,0,0
1185,REST_X3,1185,3,6,0,2,0,0,0,0,6,0,0,0,6,0,0
1186,REST_X3,1186,3,6,0,5,0,0,0,0,6,0,0,0,6,0,0
1187,[X3_X9_GET_req],1187,3,6,0,6,0,0,0,0,6,1,0,0,6,0,0
1188,REST_X9,1188,3,6,0,6,0,0,0,0,6,2,0,0,6,0,0
1189,REST_X9,1189,3,6,0,6,0,0,0,0,6,3,0,0,6,0,0
1190,[X3_X9_GET_resp_2xx],1190,3,6,0,3,0,0,0,0,6,0,0,0,6,0,0
1191,[X12_X3_GET_resp_2xx],1191,3,6,0,0,0,0,0,0,6,0,0,0,3,0,0
1192,[X8_X12_GET_resp_2xx],1192,3,6,0,0,0,0,0,0,3,0,0,0,0,0,0
1193,[X1_X8_GET_resp_2xx],1193,3,3,0,0,0,0,0,0,0,0,0,0,0,0,0
1194,[X0_X1_GET_resp_2xx],1194,0,0,0,0,0,0,0,0,0,0,0,0,0,0,0
1195,REST_X0,1195,2,0,0,0,0,0,0,0,0,0,0,0,0,0,0
1196,[X0_X1_GET_req],1196,3,1,0,0,0,0,0,0,0,0,0,0,0,0,0
1197,REST_X1,1197,3,2,0,0,0,0,0,0,0,0,0,0,0,0,0
1198,REST_X1,1198,3,9,0,0,0,0,0,0,0,0,0,0,0,0,0
1199,[X1_X14_GET_req],1199,3,10,0,0,0,0,0,0,0,0,0,0,0,0,1
1200,REST_X14,1200,3,10,0,0,0,0,0,0,0,0,0,0,0,0,2
1201,REST_X14,1201,3,10,0,0,0,0,0,0,0,0,0,0,0,0,5
1202,[X14_X6_GET_req],1202,3,10,0,0,0,0,1,0,0,0,0,0,0,0,6
1203,REST_X6,1203,3,10,0,0,0,0,2,0,0,0,0,0,0,0,6
1204,REST_X6,1204,3,10,0,0,0,0,5,0,0,0,0,0,0,0,6
1205,[X6_X5_GET_req],1205,3,10,0,0,0,1,6,0,0,0,0,0,0,0,6
1206,REST_X5,1206,3,10,0,0,0,2,6,0,0,0,0,0,0,0,6
1207,REST_X5,1207,3,10,0,0,0,3,6,0,0,0,0,0,0,0,6
1208,[X6_X5_GET_resp_2xx],1208,3,10,0,0,0,0,3,0,0,0,0,0,0,0,6
1209,[X14_X6_GET_resp_2xx],1209,3,10,0,0,0,0,0,0,0,0,0,0,0,0,3
1210,[X1_X14_GET_resp_2xx],1210,3,3,0,0,0,0,0,0,0,0,0,0,0,0,0
1211,[X0_X1_GET_resp_2xx],1211,0,0,0,0,0,0,0,0,0,0,0,0,0,0,0
1212,REST_X0,1212,2,0,0,0,0,0,0,0,0,0,0,0,0,0,0
1213,[X0_X1_GET_req],1213,3,1,0,0,0,0,0,0,0,0,0,0,0,0,0
1214,REST_X1,1214,3,2,0,0,0,0,0,0,0,0,0,0,0,0,0
1215,REST_X1,1215,3,5,0,0,0,0,0,0,0,0,0,0,0,0,0
1216,[X1_X8_GET_req],1216,3,6,0,0,0,0,0,0,1,0,0,0,0,0,0
1217,REST_X8,1217,3,6,0,0,0,0,0,0,2,0,0,0,0,0,0
1218,REST_X8,1218,3,6,0,0,0,0,0,0,5,0,0,0,0,0,0
1219,[X8_X12_GET_req],1219,3,6,0,0,0,0,0,0,6,0,0,0,1,0,0
1220,REST_X12,1220,3,6,0,0,0,0,0,0,6,0,0,0,2,0,0
1221,REST_X12,1221,3,6,0,0,0,0,0,0,6,0,0,0,9,0,0
1222,[X12_X13_GET_req],1222,3,6,0,0,0,0,0,0,6,0,0,0,10,1,0
1223,REST_X13,1223,3,6,0,0,0,0,0,0,6,0,0,0,10,2,0
1224,REST_X13,1224,3,6,0,0,0,0,0,0,6,0,0,0,10,5,0
1225,[X13_X4_GET_req],1225,3,6,0,0,1,0,0,0,6,0,0,0,10,6,0
1226,REST_X4,1226,3,6,0,0,2,0,0,0,6,0,0,0,10,6,0
1227,REST_X4,1227,3,6,0,0,13,0,0,0,6,0,0,0,10,6,0
1228,[X4_X11_GET_req],1228,3,6,0,0,14,0,0,0,6,0,0,1,10,6,0
1229,REST_X11,1229,3,6,0,0,14,0,0,0,6,0,0,2,10,6,0
1230,REST_X11,1230,3,6,0,0,14,0,0,0,6,0,0,3,10,6,0
1231,[X4_X11_GET_resp_2xx],1231,3,6,0,0,3,0,0,0,6,0,0,0,10,6,0
1232,[X13_X4_GET_resp_2xx],1232,3,6,0,0,0,0,0,0,6,0,0,0,10,3,0
1233,[X12_X13_GET_resp_2xx],1233,3,6,0,0,0,0,0,0,6,0,0,0,3,0,0
1234,[X8_X12_GET_resp_2xx],1234,3,6,0,0,0,0,0,0,3,0,0,0,0,0,0
1235,[X1_X8_GET_resp_2xx],1235,3,3,0,0,0,0,0,0,0,0,0,0,0,0,0
1236,[X0_X1_GET_resp_2xx],1236,0,0,0,0,0,0,0,0,0,0,0,0,0,0,0
1237,REST_X0,1237,2,0,0,0,0,0,0,0,0,0,0,0,0,0,0
1238,[X0_X1_GET_req],1238,3,1,0,0,0,0,0,0,0,0,0,0,0,0,0
1239,REST_X1,1239,3,2,0,0,0,0,0,0,0,0,0,0,0,0,0
1240,REST_X1,1240,3,9,0,0,0,0,0,0,0,0,0,0,0,0,0
1241,[X1_X14_GET_req],1241,3,10,0,0,0,0,0,0,0,0,0,0,0,0,1
1242,REST_X14,1242,3,10,0,0,0,0,0,0,0,0,0,0,0,0,2
1243,REST_X14,1243,3,10,0,0,0,0,0,0,0,0,0,0,0,0,5
1244,[X14_X6_GET_req],1244,3,10,0,0,0,0,1,0,0,0,0,0,0,0,6
1245,REST_X6,1245,3,10,0,0,0,0,2,0,0,0,0,0,0,0,6
1246,REST_X6,1246,3,10,0,0,0,0,5,0,0,0,0,0,0,0,6
1247,[X6_X5_GET_req],1247,3,10,0,0,0,1,6,0,0,0,0,0,0,0,6
1248,REST_X5,1248,3,10,0,0,0,2,6,0,0,0,0,0,0,0,6
1249,REST_X5,1249,3,10,0,0,0,3,6,0,0,0,0,0,0,0,6
1250,[X6_X5_GET_resp_2xx],1250,3,10,0,0,0,0,3,0,0,0,0,0,0,0,6
1251,[X14_X6_GET_resp_2xx],1251,3,10,0,0,0,0,0,0,0,0,0,0,0,0,3
1252,[X1_X14_GET_resp_2xx],1252,3,3,0,0,0,0,0,0,0,0,0,0,0,0,0
1253,[X0_X1_GET_resp_2xx],1253,0,0,0,0,0,0,0,0,0,0,0,0,0,0,0
1254,REST_X0,1254,2,0,0,0,0,0,0,0,0,0,0,0,0,0,0
1255,[X0_X1_GET_req],1255,3,1,0,0,0,0,0,0,0,0,0,0,0,0,0
1256,REST_X1,1256,3,2,0,0,0,0,0,0,0,0,0,0,0,0,0
1257,REST_X1,1257,3,9,0,0,0,0,0,0,0,0,0,0,0,0,0
1258,[X1_X14_GET_req],1258,3,10,0,0,0,0,0,0,0,0,0,0,0,0,1
1259,REST_X14,1259,3,10,0,0,0,0,0,0,0,0,0,0,0,0,2
1260,REST_X14,1260,3,10,0,0,0,0,0,0,0,0,0,0,0,0,5
1261,[X14_X6_GET_req],1261,3,10,0,0,0,0,1,0,0,0,0,0,0,0,6
1262,REST_X6,1262,3,10,0,0,0,0,2,0,0,0,0,0,0,0,6
1263,REST_X6,1263,3,10,0,0,0,0,5,0,0,0,0,0,0,0,6
1264,[X6_X5_GET_req],1264,3,10,0,0,0,1,6,0,0,0,0,0,0,0,6
1265,REST_X5,1265,3,10,0,0,0,2,6,0,0,0,0,0,0,0,6
1266,REST_X5,1266,3,10,0,0,0,3,6,0,0,0,0,0,0,0,6
1267,[X6_X5_GET_resp_2xx],1267,3,10,0,0,0,0,3,0,0,0,0,0,0,0,6
1268,[X14_X6_GET_resp_2xx],1268,3,10,0,0,0,0,0,0,0,0,0,0,0,0,3
1269,[X1_X14_GET_resp_2xx],1269,3,3,0,0,0,0,0,0,0,0,0,0,0,0,0
1270,[X0_X1_GET_resp_2xx],1270,0,0,0,0,0,0,0,0,0,0,0,0,0,0,0
1271,REST_X0,1271,2,0,0,0,0,0,0,0,0,0,0,0,0,0,0
1272,[X0_X1_GET_req],1272,3,1,0,0,0,0,0,0,0,0,0,0,0,0,0
1273,REST_X1,1273,3,2,0,0,0,0,0,0,0,0,0,0,0,0,0
1274,REST_X1,1274,3,9,0,0,0,0,0,0,0,0,0,0,0,0,0
1275,[X1_X14_GET_req],1275,3,10,0,0,0,0,0,0,0,0,0,0,0,0,1
1276,REST_X14,1276,3,10,0,0,0,0,0,0,0,0,0,0,0,0,2
1277,REST_X14,1277,3,10,0,0,0,0,0,0,0,0,0,0,0,0,5
1278,[X14_X6_GET_req],1278,3,10,0,0,0,0,1,0,0,0,0,0,0,0,6
1279,REST_X6,1279,3,10,0,0,0,0,2,0,0,0,0,0,0,0,6
1280,REST_X6,1280,3,10,0,0,0,0,5,0,0,0,0,0,0,0,6
1281,[X6_X5_GET_req],1281,3,10,0,0,0,1,6,0,0,0,0,0,0,0,6
1282,REST_X5,1282,3,10,0,0,0,2,6,0,0,0,0,0,0,0,6
1283,REST_X5,1283,3,10,0,0,0,3,6,0,0,0,0,0,0,0,6
1284,[X6_X5_GET_resp_2xx],1284,3,10,0,0,0,0,3,0,0,0,0,0,0,0,6
1285,[X14_X6_GET_resp_2xx],1285,3,10,0,0,0,0,0,0,0,0,0,0,0,0,3
1286,[X1_X14_GET_resp_2xx],1286,3,3,0,0,0,0,0,0,0,0,0,0,0,0,0
1287,[X0_X1_GET_resp_2xx],1287,0,0,0,0,0,0,0,0,0,0,0,0,0,0,0
1288,REST_X0,1288,2,0,0,0,0,0,0,0,0,0,0,0,0,0,0
1289,[X0_X1_GET_req],1289,3,1,0,0,0,0,0,0,0,0,0,0,0,0,0
1290,REST_X1,1290,3,2,0,0,0,0,0,0,0,0,0,0,0,0,0
1291,REST_X1,1291,3,5,0,0,0,0,0,0,0,0,0,0,0,0,0
1292,[X1_X8_GET_req],1292,3,6,0,0,0,0,0,0,1,0,0,0,0,0,0
1293,REST_X8,1293,3,6,0,0,0,0,0,0,2,0,0,0,0,0,0
1294,REST_X8,1294,3,6,0,0,0,0,0,0,5,0,0,0,0,0,0
1295,[X8_X12_GET_req],1295,3,6,0,0,0,0,0,0,6,0,0,0,1,0,0
1296,REST_X12,1296,3,6,0,0,0,0,0,0,6,0,0,0,2,0,0
1297,REST_X12,1297,3,6,0,0,0,0,0,0,6,0,0,0,9,0,0
1298,[X12_X13_GET_req],1298,3,6,0,0,0,0,0,0,6,0,0,0,10,1,0
1299,REST_X13,1299,3,6,0,0,0,0,0,0,6,0,0,0,10,2,0
1300,REST_X13,1300,3,6,0,0,0,0,0,0,6,0,0,0,10,5,0
1301,[X13_X4_GET_req],1301,3,6,0,0,1,0,0,0,6,0,0,0,10,6,0
1302,REST_X4,1302,3,6,0,0,2,0,0,0,6,0,0,0,10,6,0
1303,REST_X4,1303,3,6,0,0,5,0,0,0,6,0,0,0,10,6,0
1304,[X4_X2_GET_req],1304,3,6,1,0,6,0,0,0,6,0,0,0,10,6,0
1305,REST_X2,1305,3,6,2,0,6,0,0,0,6,0,0,0,10,6,0
1306,REST_X2,1306,3,6,3,0,6,0,0,0,6,0,0,0,10,6,0
1307,[X4_X2_GET_resp_2xx],1307,3,6,0,0,3,0,0,0,6,0,0,0,10,6,0
1308,[X13_X4_GET_resp_2xx],1308,3,6,0,0,0,0,0,0,6,0,0,0,10,3,0
1309,[X12_X13_GET_resp_2xx],1309,3,6,0,0,0,0,0,0,6,0,0,0,3,0,0
1310,[X8_X12_GET_resp_2xx],1310,3,6,0,0,0,0,0,0,3,0,0,0,0,0,0
1311,[X1_X8_GET_resp_2xx],1311,3,3,0,0,0,0,0,0,0,0,0,0,0,0,0
1312,[X0_X1_GET_resp_2xx],1312,0,0,0,0,0,0,0,0,0,0,0,0,0,0,0
1313,REST_X0,1313,2,0,0,0,0,0,0,0,0,0,0,0,0,0,0
1314,[X0_X1_GET_req],1314,3,1,0,0,0,0,0,0,0,0,0,0,0,0,0
1315,REST_X1,1315,3,2,0,0,0,0,0,0,0,0,0,0,0,0,0
1316,REST_X1,1316,3,9,0,0,0,0,0,0,0,0,0,0,0,0,0
1317,[X1_X14_GET_req],1317,3,10,0,0,0,0,0,0,0,0,0,0,0,0,1
1318,REST_X14,1318,3,10,0,0,0,0,0,0,0,0,0,0,0,0,2
1319,REST_X14,1319,3,10,0,0,0,0,0,0,0,0,0,0,0,0,5
1320,[X14_X6_GET_req],1320,3,10,0,0,0,0,1,0,0,0,0,0,0,0,6
1321,REST_X6,1321,3,10,0,0,0,0,2,0,0,0,0,0,0,0,6
1322,REST_X6,1322,3,10,0,0,0,0,5,0,0,0,0,0,0,0,6
1323,[X6_X5_GET_req],1323,3,10,0,0,0,1,6,0,0,0,0,0,0,0,6
1324,REST_X5,1324,3,10,0,0,0,2,6,0,0,0,0,0,0,0,6
1325,REST_X5,1325,3,10,0,0,0,3,6,0,0,0,0,0,0,0,6
1326,[X6_X5_GET_resp_2xx],1326,3,10,0,0,0,0,3,0,0,0,0,0,0,0,6
1327,[X14_X6_GET_resp_2xx],1327,3,10,0,0,0,0,0,0,0,0,0,0,0,0,3
1328,[X1_X14_GET_resp_2xx],1328,3,3,0,0,0,0,0,0,0,0,0,0,0,0,0
1329,[X0_X1_GET_resp_2xx],1329,0,0,0,0,0,0,0,0,0,0,0,0,0,0,0
1330,REST_X0,1330,2,0,0,0,0,0,0,0,0,0,0,0,0,0,0
1331,[X0_X1_GET_req],1331,3,1,0,0,0,0,0,0,0,0,0,0,0,0,0
1332,REST_X1,1332,3,2,0,0,0,0,0,0,0,0,0,0,0,0,0
1333,REST_X1,1333,3,9,0,0,0,0,0,0,0,0,0,0,0,0,0
1334,[X1_X14_GET_req],1334,3,10,0,0,0,0,0,0,0,0,0,0,0,0,1
1335,REST_X14,1335,3,10,0,0,0,0,0,0,0,0,0,0,0,0,2
1336,REST_X14,1336,3,10,0,0,0,0,0,0,0,0,0,0,0,0,5
1337,[X14_X6_GET_req],1337,3,10,0,0,0,0,1,0,0,0,0,0,0,0,6
1338,REST_X6,1338,3,10,0,0,0,0,2,0,0,0,0,0,0,0,6
1339,REST_X6,1339,3,10,0,0,0,0,5,0,0,0,0,0,0,0,6
1340,[X6_X5_GET_req],1340,3,10,0,0,0,1,6,0,0,0,0,0,0,0,6
1341,REST_X5,1341,3,10,0,0,0,2,6,0,0,0,0,0,0,0,6
1342,REST_X5,1342,3,10,0,0,0,3,6,0,0,0,0,0,0,0,6
1343,[X6_X5_GET_resp_2xx],1343,3,10,0,0,0,0,3,0,0,0,0,0,0,0,6
1344,[X14_X6_GET_resp_2xx],1344,3,10,0,0,0,0,0,0,0,0,0,0,0,0,3
1345,[X1_X14_GET_resp_2xx],1345,3,3,0,0,0,0,0,0,0,0,0,0,0,0,0
1346,[X0_X1_GET_resp_2xx],1346,0,0,0,0,0,0,0,0,0,0,0,0,0,0,0
1347,REST_X0,1347,2,0,0,0,0,0,0,0,0,0,0,0,0,0,0
1348,[X0_X1_GET_req],1348,3,1,0,0,0,0,0,0,0,0,0,0,0,0,0
1349,REST_X1,1349,3,2,0,0,0,0,0,0,0,0,0,0,0,0,0
1350,REST_X1,1350,3,5,0,0,0,0,0,0,0,0,0,0,0,0,0
1351,[X1_X8_GET_req],1351,3,6,0,0,0,0,0,0,1,0,0,0,0,0,0
1352,REST_X8,1352,3,6,0,0,0,0,0,0,2,0,0,0,0,0,0
1353,REST_X8,1353,3,6,0,0,0,0,0,0,5,0,0,0,0,0,0
1354,[X8_X12_GET_req],1354,3,6,0,0,0,0,0,0,6,0,0,0,1,0,0
1355,REST_X12,1355,3,6,0,0,0,0,0,0,6,0,0,0,2,0,0
1356,REST_X12,1356,3,6,0,0,0,0,0,0,6,0,0,0,5,0,0
1357,[X12_X3_GET_req],1357,3,6,0,1,0,0,0,0,6,0,0,0,6,0,0
1358,REST_X3,1358,3,6,0,2,0,0,0,0,6,0,0,0,6,0,0
1359,REST_X3,1359,3,6,0,5,0,0,0,0,6,0,0,0,6,0,0
1360,[X3_X9_GET_req],1360,3,6,0,6,0,0,0,0,6,1,0,0,6,0,0
1361,REST_X9,1361,3,6,0,6,0,0,0,0,6,2,0,0,6,0,0
1362,REST_X9,1362,3,6,0,6,0,0,0,0,6,3,0,0,6,0,0
1363,[X3_X9_GET_resp_2xx],1363,3,6,0,3,0,0,0,0,6,0,0,0,6,0,0
1364,[X12_X3_GET_resp_2xx],1364,3,6,0,0,0,0,0,0,6,0,0,0,3,0,0
1365,[X8_X12_GET_resp_2xx],1365,3,6,0,0,0,0,0,0,3,0,0,0,0,0,0
1366,[X1_X8_GET_resp_2xx],1366,3,3,0,0,0,0,0,0,0,0,0,0,0,0,0
1367,[X0_X1_GET_resp_2xx],1367,0,0,0,0,0,0,0,0,0,0,0,0,0,0,0
1368,REST_X0,1368,2,0,0,0,0,0,0,0,0,0,0,0,0,0,0
1369,[X0_X1_GET_req],1369,3,1,0,0,0,0,0,0,0,0,0,0,0,0,0
1370,REST_X1,1370,3,2,0,0,0,0,0,0,0,0,0,0,0,0,0
1371,REST_X1,1371,3,5,0,0,0,0,0,0,0,0,0,0,0,0,0
1372,[X1_X8_GET_req],1372,3,6,0,0,0,0,0,0,1,0,0,0,0,0,0
1373,REST_X8,1373,3,6,0,0,0,0,0,0,2,0,0,0,0,0,0
1374,REST_X8,1374,3,6,0,0,0,0,0,0,5,0,0,0,0,0,0
1375,[X8_X12_GET_req],1375,3,6,0,0,0,0,0,0,6,0,0,0,1,0,0
1376,REST_X12,1376,3,6,0,0,0,0,0,0,6,0,0,0,2,0,0
1377,REST_X12,1377,3,6,0,0,0,0,0,0,6,0,0,0,9,0,0
1378,[X12_X13_GET_req],1378,3,6,0,0,0,0,0,0,6,0,0,0,10,1,0
1379,REST_X13,1379,3,6,0,0,0,0,0,0,6,0,0,0,10,2,0
1380,REST_X13,1380,3,6,0,0,0,0,0,0,6,0,0,0,10,5,0
1381,[X13_X4_GET_req],1381,3,6,0,0,1,0,0,0,6,0,0,0,10,6,0
1382,REST_X4,1382,3,6,0,0,2,0,0,0,6,0,0,0,10,6,0
1383,REST_X4,1383,3,6,0,0,13,0,0,0,6,0,0,0,10,6,0
1384,[X4_X11_GET_req],1384,3,6,0,0,14,0,0,0,6,0,0,1,10,6,0
1385,REST_X11,1385,3,6,0,0,14,0,0,0,6,0,0,2,10,6,0
1386,REST_X11,1386,3,6,0,0,14,0,0,0,6,0,0,4,10,6,0
1387,[X4_X11_GET_resp_5xx],1387,3,6,0,0,15,0,0,0,6,0,0,0,10,6,0
1388,[X4_X11_GET_req],1388,3,6,0,0,16,0,0,0,6,0,0,1,10,6,0
1389,REST_X11,1389,3,6,0,0,16,0,0,0,6,0,0,2,10,6,0
1390,REST_X11,1390,3,6,0,0,16,0,0,0,6,0,0,3,10,6,0
1391,[X4_X11_GET_resp_2xx],1391,3,6,0,0,3,0,0,0,6,0,0,0,10,6,0
1392,[X13_X4_GET_resp_2xx],1392,3,6,0,0,0,0,0,0,6,0,0,0,10,3,0
1393,[X12_X13_GET_resp_2xx],1393,3,6,0,0,0,0,0,0,6,0,0,0,3,0,0
1394,[X8_X12_GET_resp_2xx],1394,3,6,0,0,0,0,0,0,3,0,0,0,0,0,0
1395,[X1_X8_GET_resp_2xx],1395,3,3,0,0,0,0,0,0,0,0,0,0,0,0,0
1396,[X0_X1_GET_resp_2xx],1396,0,0,0,0,0,0,0,0,0,0,0,0,0,0,0
1397,REST_X0,1397,2,0,0,0,0,0,0,0,0,0,0,0,0,0,0
1398,[X0_X1_GET_req],1398,3,1,0,0,0,0,0,0,0,0,0,0,0,0,0
1399,REST_X1,1399,3,2,0,0,0,0,0,0,0,0,0,0,0,0,0
1400,REST_X1,1400,3,5,0,0,0,0,0,0,0,0,0,0,0,0,0
1401,[X1_X8_GET_req],1401,3,6,0,0,0,0,0,0,1,0,0,0,0,0,0
1402,REST_X8,1402,3,6,0,0,0,0,0,0,2,0,0,0,0,0,0
1403,REST_X8,1403,3,6,0,0,0,0,0,0,5,0,0,0,0,0,0
1404,[X8_X12_GET_req],1404,3,6,0,0,0,0,0,0,6,0,0,0,1,0,0
1405,REST_X12,1405,3,6,0,0,0,0,0,0,6,0,0,0,2,0,0
1406,REST_X12,1406,3,6,0,0,0,0,0,0,6,0,0,0,5,0,0
1407,[X12_X3_GET_req],1407,3,6,0,1,0,0,0,0,6,0,0,0,6,0,0
1408,REST_X3,1408,3,6,0,2,0,0,0,0,6,0,0,0,6,0,0
1409,REST_X3,1409,3,6,0,5,0,0,0,0,6,0,0,0,6,0,0
1410,[X3_X9_GET_req],1410,3,6,0,6,0,0,0,0,6,1,0,0,6,0,0
1411,REST_X9,1411,3,6,0,6,0,0,0,0,6,2,0,0,6,0,0
1412,REST_X9,1412,3,6,0,6,0,0,0,0,6,3,0,0,6,0,0
1413,[X3_X9_GET_resp_2xx],1413,3,6,0,3,0,0,0,0,6,0,0,0,6,0,0
1414,[X12_X3_GET_resp_2xx],1414,3,6,0,0,0,0,0,0,6,0,0,0,3,0,0
1415,[X8_X12_GET_resp_2xx],1415,3,6,0,0,0,0,0,0,3,0,0,0,0,0,0
1416,[X1_X8_GET_resp_2xx],1416,3,3,0,0,0,0,0,0,0,0,0,0,0,0,0
1417,[X0_X1_GET_resp_2xx],1417,0,0,0,0,0,0,0,0,0,0,0,0,0,0,0
1418,REST_X0,1418,2,0,0,0,0,0,0,0,0,0,0,0,0,0,0
1419,[X0_X1_GET_req],1419,3,1,0,0,0,0,0,0,0,0,0,0,0,0,0
1420,REST_X1,1420,3,2,0,0,0,0,0,0,0,0,0,0,0,0,0
1421,REST_X1,1421,3,9,0,0,0,0,0,0,0,0,0,0,0,0,0
1422,[X1_X14_GET_req],1422,3,10,0,0,0,0,0,0,0,0,0,0,0,0,1
1423,REST_X14,1423,3,10,0,0,0,0,0,0,0,0,0,0,0,0,2
1424,REST_X14,1424,3,10,0,0,0,0,0,0,0,0,0,0,0,0,5
1425,[X14_X6_GET_req],1425,3,10,0,0,0,0,1,0,0,0,0,0,0,0,6
1426,REST_X6,1426,3,10,0,0,0,0,2,0,0,0,0,0,0,0,6
1427,REST_X6,1427,3,10,0,0,0,0,5,0,0,0,0,0,0,0,6
1428,[X6_X5_GET_req],1428,3,10,0,0,0,1,6,0,0,0,0,0,0,0,6
1429,REST_X5,1429,3,10,0,0,0,2,6,0,0,0,0,0,0,0,6
1430,REST_X5,1430,3,10,0,0,0,3,6,0,0,0,0,0,0,0,6
1431,[X6_X5_GET_resp_2xx],1431,3,10,0,0,0,0,3,0,0,0,0,0,0,0,6
1432,[X14_X6_GET_resp_2xx],1432,3,10,0,0,0,0,0,0,0,0,0,0,0,0,3
1433,[X1_X14_GET_resp_2xx],1433,3,3,0,0,0,0,0,0,0,0,0,0,0,0,0
1434,[X0_X1_GET_resp_2xx],1434,0,0,0,0,0,0,0,0,0,0,0,0,0,0,0
1435,REST_X0,1435,2,0,0,0,0,0,0,0,0,0,0,0,0,0,0
1436,[X0_X1_GET_req],1436,3,1,0,0,0,0,0,0,0,0,0,0,0,0,0
1437,REST_X1,1437,3,2,0,0,0,0,0,0,0,0,0,0,0,0,0
1438,REST_X1,1438,3,9,0,0,0,0,0,0,0,0,0,0,0,0,0
1439,[X1_X14_GET_req],1439,3,10,0,0,0,0,0,0,0,0,0,0,0,0,1
1440,REST_X14,1440,3,10,0,0,0,0,0,0,0,0,0,0,0,0,2
1441,REST_X14,1441,3,10,0,0,0,0,0,0,0,0,0,0,0,0,5
1442,[X14_X6_GET_req],1442,3,10,0,0,0,0,1,0,0,0,0,0,0,0,6
1443,REST_X6,1443,3,10,0,0,0,0,2,0,0,0,0,0,0,0,6
1444,REST_X6,1444,3,10,0,0,0,0,5,0,0,0,0,0,0,0,6
1445,[X6_X5_GET_req],1445,3,10,0,0,0,1,6,0,0,0,0,0,0,0,6
1446,REST_X5,1446,3,10,0,0,0,2,6,0,0,0,0,0,0,0,6
1447,REST_X5,1447,3,10,0,0,0,3,6,0,0,0,0,0,0,0,6
1448,[X6_X5_GET_resp_2xx],1448,3,10,0,0,0,0,3,0,0,0,0,0,0,0,6
1449,[X14_X6_GET_resp_2xx],1449,3,10,0,0,0,0,0,0,0,0,0,0,0,0,3
1450,[X1_X14_GET_resp_2xx],1450,3,3,0,0,0,0,0,0,0,0,0,0,0,0,0
1451,[X0_X1_GET_resp_2xx],1451,0,0,0,0,0,0,0,0,0,0,0,0,0,0,0
1452,REST_X0,1452,2,0,0,0,0,0,0,0,0,0,0,0,0,0,0
1453,[X0_X1_GET_req],1453,3,1,0,0,0,0,0,0,0,0,0,0,0,0,0
1454,REST_X1,1454,3,2,0,0,0,0,0,0,0,0,0,0,0,0,0
1455,REST_X1,1455,3,5,0,0,0,0,0,0,0,0,0,0,0,0,0
1456,[X1_X8_GET_req],1456,3,6,0,0,0,0,0,0,1,0,0,0,0,0,0
1457,REST_X8,1457,3,6,0,0,0,0,0,0,2,0,0,0,0,0,0
1458,REST_X8,1458,3,6,0,0,0,0,0,0,5,0,0,0,0,0,0
1459,[X8_X12_GET_req],1459,3,6,0,0,0,0,0,0,6,0,0,0,1,0,0
1460,REST_X12,1460,3,6,0,0,0,0,0,0,6,0,0,0,2,0,0
1461,REST_X12,1461,3,6,0,0,0,0,0,0,6,0,0,0,9,0,0
1462,[X12_X13_GET_req],1462,3,6,0,0,0,0,0,0,6,0,0,0,10,1,0
1463,REST_X13,1463,3,6,0,0,0,0,0,0,6,0,0,0,10,2,0
1464,REST_X13,1464,3,6,0,0,0,0,0,0,6,0,0,0,10,5,0
1465,[X13_X4_GET_req],1465,3,6,0,0,1,0,0,0,6,0,0,0,10,6,0
1466,REST_X4,1466,3,6,0,0,2,0,0,0,6,0,0,0,10,6,0
1467,REST_X4,1467,3,6,0,0,5,0,0,0,6,0,0,0,10,6,0
1468,[X4_X2_GET_req],1468,3,6,1,0,6,0,0,0,6,0,0,0,10,6,0
1469,REST_X2,1469,3,6,2,0,6,0,0,0,6,0,0,0,10,6,0
1470,REST_X2,1470,3,6,3,0,6,0,0,0,6,0,0,0,10,6,0
1471,[X4_X2_GET_resp_2xx],1471,3,6,0,0,3,0,0,0,6,0,0,0,10,6,0
1472,[X13_X4_GET_resp_2xx],1472,3,6,0,0,0,0,0,0,6,0,0,0,10,3,0
1473,[X12_X13_GET_resp_2xx],1473,3,6,0,0,0,0,0,0,6,0,0,0,3,0,0
1474,[X8_X12_GET_resp_2xx],1474,3,6,0,0,0,0,0,0,3,0,0,0,0,0,0
1475,[X1_X8_GET_resp_2xx],1475,3,3,0,0,0,0,0,0,0,0,0,0,0,0,0
1476,[X0_X1_GET_resp_2xx],1476,0,0,0,0,0,0,0,0,0,0,0,0,0,0,0
1477,REST_X0,1477,2,0,0,0,0,0,0,0,0,0,0,0,0,0,0
1478,[X0_X1_GET_req],1478,3,1,0,0,0,0,0,0,0,0,0,0,0,0,0
1479,REST_X1,1479,3,2,0,0,0,0,0,0,0,0,0,0,0,0,0
1480,REST_X1,1480,3,5,0,0,0,0,0,0,0,0,0,0,0,0,0
1481,[X1_X8_GET_req],1481,3,6,0,0,0,0,0,0,1,0,0,0,0,0,0
1482,REST_X8,1482,3,6,0,0,0,0,0,0,2,0,0,0,0,0,0
1483,REST_X8,1483,3,6,0,0,0,0,0,0,5,0,0,0,0,0,0
1484,[X8_X12_GET_req],1484,3,6,0,0,0,0,0,0,6,0,0,0,1,0,0
1485,REST_X12,1485,3,6,0,0,0,0,0,0,6,0,0,0,2,0,0
1486,REST_X12,1486,3,6,0,0,0,0,0,0,6,0,0,0,5,0,0
1487,[X12_X3_GET_req],1487,3,6,0,1,0,0,0,0,6,0,0,0,6,0,0
1488,REST_X3,1488,3,6,0,2,0,0,0,0,6,0,0,0,6,0,0
1489,REST_X3,1489,3,6,0,5,0,0,0,0,6,0,0,0,6,0,0
1490,[X3_X9_GET_req],1490,3,6,0,6,0,0,0,0,6,1,0,0,6,0,0
1491,REST_X9,1491,3,6,0,6,0,0,0,0,6,2,0,0,6,0,0
1492,REST_X9,1492,3,6,0,6,0,0,0,0,6,3,0,0,6,0,0
1493,[X3_X9_GET_resp_2xx],1493,3,6,0,3,0,0,0,0,6,0,0,0,6,0,0
1494,[X12_X3_GET_resp_2xx],1494,3,6,0,0,0,0,0,0,6,0,0,0,3,0,0
1495,[X8_X12_GET_resp_2xx],1495,3,6,0,0,0,0,0,0,3,0,0,0,0,0,0
1496,[X1_X8_GET_resp_2xx],1496,3,3,0,0,0,0,0,0,0,0,0,0,0,0,0
1497,[X0_X1_GET_resp_2xx],1497,0,0,0,0,0,0,0,0,0,0,0,0,0,0,0
1498,REST_X0,1498,2,0,0,0,0,0,0,0,0,0,0,0,0,0,0
1499,[X0_X1_GET_req],1499,3,1,0,0,0,0,0,0,0,0,0,0,0,0,0
1500,REST_X1,1500,3,2,0,0,0,0,0,0,0,0,0,0,0,0,0
1501,REST_X1,1501,3,9,0,0,0,0,0,0,0,0,0,0,0,0,0
1502,[X1_X14_GET_req],1502,3,10,0,0,0,0,0,0,0,0,0,0,0,0,1
1503,REST_X14,1503,3,10,0,0,0,0,0,0,0,0,0,0,0,0,2
1504,REST_X14,1504,3,10,0,0,0,0,0,0,0,0,0,0,0,0,5
1505,[X14_X6_GET_req],1505,3,10,0,0,0,0,1,0,0,0,0,0,0,0,6
1506,REST_X6,1506,3,10,0,0,0,0,2,0,0,0,0,0,0,0,6
1507,REST_X6,1507,3,10,0,0,0,0,5,0,0,0,0,0,0,0,6
1508,[X6_X5_GET_req],1508,3,10,0,0,0,1,6,0,0,0,0,0,0,0,6
1509,REST_X5,1509,3,10,0,0,0,2,6,0,0,0,0,0,0,0,6
1510,REST_X5,1510,3,10,0,0,0,3,6,0,0,0,0,0,0,0,6
1511,[X6_X5_GET_resp_2xx],1511,3,10,0,0,0,0,3,0,0,0,0,0,0,0,6
1512,[X14_X6_GET_resp_2xx],1512,3,10,0,0,0,0,0,0,0,0,0,0,0,0,3
1513,[X1_X14_GET_resp_2xx],1513,3,3,0,0,0,0,0,0,0,0,0,0,0,0,0
1514,[X0_X1_GET_resp_2xx],1514,0,0,0,0,0,0,0,0,0,0,0,0,0,0,0
1515,REST_X0,1515,2,0,0,0,0,0,0,0,0,0,0,0,0,0,0
1516,[X0_X1_GET_req],1516,3,1,0,0,0,0,0,0,0,0,0,0,0,0,0
1517,REST_X1,1517,3,2,0,0,0,0,0,0,0,0,0,0,0,0,0
1518,REST_X1,1518,3,5,0,0,0,0,0,0,0,0,0,0,0,0,0
1519,[X1_X8_GET_req],1519,3,6,0,0,0,0,0,0,1,0,0,0,0,0,0
1520,REST_X8,1520,3,6,0,0,0,0,0,0,2,0,0,0,0,0,0
1521,REST_X8,1521,3,6,0,0,0,0,0,0,5,0,0,0,0,0,0
1522,[X8_X12_GET_req],1522,3,6,0,0,0,0,0,0,6,0,0,0,1,0,0
1523,REST_X12,1523,3,6,0,0,0,0,0,0,6,0,0,0,2,0,0
1524,REST_X12,1524,3,6,0,0,0,0,0,0,6,0,0,0,9,0,0
1525,[X12_X13_GET_req],1525,3,6,0,0,0,0,0,0,6,0,0,0,10,1,0
1526,REST_X13,1526,3,6,0,0,0,0,0,0,6,0,0,0,10,2,0
1527,REST_X13,1527,3,6,0,0,0,0,0,0,6,0,0,0,10,5,0
1528,[X13_X4_GET_req],1528,3,6,0,0,1,0,0,0,6,0,0,0,10,6,0
1529,REST_X4,1529,3,6,0,0,2,0,0,0,6,0,0,0,10,6,0
1530,REST_X4,1530,3,6,0,0,9,0,0,0,6,0,0,0,10,6,0
1531,[X4_X7_GET_req],1531,3,6,0,0,10,0,0,1,6,0,0,0,10,6,0
1532,REST_X7,1532,3,6,0,0,10,0,0,2,6,0,0,0,10,6,0
1533,REST_X7,1533,3,6,0,0,10,0,0,5,6,0,0,0,10,6,0
1534,[X7_X10_GET_req],1534,3,6,0,0,10,0,0,6,6,0,1,0,10,6,0
1535,REST_X10,1535,3,6,0,0,10,0,0,6,6,0,2,0,10,6,0
1536,REST_X10,1536,3,6,0,0,10,0,0,6,6,0,3,0,10,6,0
1537,[X7_X10_GET_resp_2xx],1537,3,6,0,0,10,0,0,3,6,0,0,0,10,6,0
1538,[X4_X7_GET_resp_2xx],1538,3,6,0,0,3,0,0,0,6,0,0,0,10,6,0
1539,[X13_X4_GET_resp_2xx],1539,3,6,0,0,0,0,0,0,6,0,0,0,10,3,0
1540,[X12_X13_GET_resp_2xx],1540,3,6,0,0,0,0,0,0,6,0,0,0,3,0,0
1541,[X8_X12_GET_resp_2xx],1541,3,6,0,0,0,0,0,0,3,0,0,0,0,0,0
1542,[X1_X8_GET_resp_2xx],1542,3,3,0,0,0,0,0,0,0,0,0,0,0,0,0
1543,[X0_X1_GET_resp_2xx],1543,0,0,0,0,0,0,0,0,0,0,0,0,0,0,0
1544,REST_X0,1544,2,0,0,0,0,0,0,0,0,0,0,0,0,0,0
1545,[X0_X1_GET_req],1545,3,1,0,0,0,0,0,0,0,0,0,0,0,0,0
1546,REST_X1,1546,3,2,0,0,0,0,0,0,0,0,0,0,0,0,0
1547,REST_X1,1547,3,5,0,0,0,0,0,0,0,0,0,0,0,0,0
1548,[X1_X8_GET_req],1548,3,6,0,0,0,0,0,0,1,0,0,0,0,0,0
1549,REST_X8,1549,3,6,0,0,0,0,0,0,2,0,0,0,0,0,0
1550,REST_X8,1550,3,6,0,0,0,0,0,0,5,0,0,0,0,0,0
1551,[X8_X12_GET_req],1551,3,6,0,0,0,0,0,0,6,0,0,0,1,0,0
1552,REST_X12,1552,3,6,0,0,0,0,0,0,6,0,0,0,2,0,0
1553,REST_X12,1553,3,6,0,0,0,0,0,0,6,0,0,0,9,0,0
1554,[X12_X13_GET_req],1554,3,6,0,0,0,0,0,0,6,0,0,0,10,1,0
1555,REST_X13,1555,3,6,0,0,0,0,0,0,6,0,0,0,10,2,0
1556,REST_X13,1556,3,6,0,0,0,0,0,0,6,0,0,0,10,5,0
1557,[X13_X4_GET_req],1557,3,6,0,0,1,0,0,0,6,0,0,0,10,6,0
1558,REST_X4,1558,3,6,0,0,2,0,0,0,6,0,0,0,10,6,0
1559,REST_X4,1559,3,6,0,0,9,0,0,0,6,0,0,0,10,6,0
1560,[X4_X7_GET_req],1560,3,6,0,0,10,0,0,1,6,0,0,0,10,6,0
1561,REST_X7,1561,3,6,0,0,10,0,0,2,6,0,0,0,10,6,0
1562,REST_X7,1562,3,6,0,0,10,0,0,5,6,0,0,0,10,6,0
1563,[X7_X10_GET_req],1563,3,6,0,0,10,0,0,6,6,0,1,0,10,6,0
1564,REST_X10,1564,3,6,0,0,10,0,0,6,6,0,2,0,10,6,0
1565,REST_X10,1565,3,6,0,0,10,0,0,6,6,0,4,0,10,6,0
1566,[X7_X10_GET_resp_5xx],1566,3,6,0,0,10,0,0,7,6,0,0,0,10,6,0
1567,[X7_X10_GET_req],1567,3,6,0,0,10,0,0,8,6,0,1,0,10,6,0
1568,REST_X10,1568,3,6,0,0,10,0,0,8,6,0,2,0,10,6,0
1569,REST_X10,1569,3,6,0,0,10,0,0,8,6,0,3,0,10,6,0
1570,[X7_X10_GET_resp_2xx],1570,3,6,0,0,10,0,0,3,6,0,0,0,10,6,0
1571,[X4_X7_GET_resp_2xx],1571,3,6,0,0,3,0,0,0,6,0,0,0,10,6,0
1572,[X13_X4_GET_resp_2xx],1572,3,6,0,0,0,0,0,0,6,0,0,0,10,3,0
1573,[X12_X13_GET_resp_2xx],1573,3,6,0,0,0,0,0,0,6,0,0,0,3,0,0
1574,[X8_X12_GET_resp_2xx],1574,3,6,0,0,0,0,0,0,3,0,0,0,0,0,0
1575,[X1_X8_GET_resp_2xx],1575,3,3,0,0,0,0,0,0,0,0,0,0,0,0,0
1576,[X0_X1_GET_resp_2xx],1576,0,0,0,0,0,0,0,0,0,0,0,0,0,0,0
1577,REST_X0,1577,2,0,0,0,0,0,0,0,0,0,0,0,0,0,0
1578,[X0_X1_GET_req],1578,3,1,0,0,0,0,0,0,0,0,0,0,0,0,0
1579,REST_X1,1579,3,2,0,0,0,0,0,0,0,0,0,0,0,0,0
1580,REST_X1,1580,3,5,0,0,0,0,0,0,0,0,0,0,0,0,0
1581,[X1_X8_GET_req],1581,3,6,0,0,0,0,0,0,1,0,0,0,0,0,0
1582,REST_X8,1582,3,6,0,0,0,0,0,0,2,0,0,0,0,0,0
1583,REST_X8,1583,3,6,0,0,0,0,0,0,5,0,0,0,0,0,0
1584,[X8_X12_GET_req],1584,3,6,0,0,0,0,0,0,6,0,0,0,1,0,0
1585,REST_X12,1585,3,6,0,0,0,0,0,0,6,0,0,0,2,0,0
1586,REST_X12,1586,3,6,0,0,0,0,0,0,6,0,0,0,9,0,0
1587,[X12_X13_GET_req],1587,3,6,0,0,0,0,0,0,6,0,0,0,10,1,0
1588,REST_X13,1588,3,6,0,0,0,0,0,0,6,0,0,0,10,2,0
1589,REST_X13,1589,3,6,0,0,0,0,0,0,6,0,0,0,10,5,0
1590,[X13_X4_GET_req],1590,3,6,0,0,1,0,0,0,6,0,0,0,10,6,0
1591,REST_X4,1591,3,6,0,0,2,0,0,0,6,0,0,0,10,6,0
1592,REST_X4,1592,3,6,0,0,13,0,0,0,6,0,0,0,10,6,0
1593,[X4_X11_GET_req],1593,3,6,0,0,14,0,0,0,6,0,0,1,10,6,0
1594,REST_X11,1594,3,6,0,0,14,0,0,0,6,0,0,2,10,6,0
1595,REST_X11,1595,3,6,0,0,14,0,0,0,6,0,0,3,10,6,0
1596,[X4_X11_GET_resp_2xx],1596,3,6,0,0,3,0,0,0,6,0,0,0,10,6,0
1597,[X13_X4_GET_resp_2xx],1597,3,6,0,0,0,0,0,0,6,0,0,0,10,3,0
1598,[X12_X13_GET_resp_2xx],1598,3,6,0,0,0,0,0,0,6,0,0,0,3,0,0
1599,[X8_X12_GET_resp_2xx],1599,3,6,0,0,0,0,0,0,3,0,0,0,0,0,0
1600,[X1_X8_GET_resp_2xx],1600,3,3,0,0,0,0,0,0,0,0,0,0,0,0,0
1601,[X0_X1_GET_resp_2xx],1601,0,0,0,0,0,0,0,0,0,0,0,0,0,0,0
1602,REST_X0,1602,2,0,0,0,0,0,0,0,0,0,0,0,0,0,0
1603,[X0_X1_GET_req],1603,3,1,0,0,0,0,0,0,0,0,0,0,0,0,0
1604,REST_X1,1604,3,2,0,0,0,0,0,0,0,0,0,0,0,0,0
1605,REST_X1,1605,3,9,0,0,0,0,0,0,0,0,0,0,0,0,0
1606,[X1_X14_GET_req],1606,3,10,0,0,0,0,0,0,0,0,0,0,0,0,1
1607,REST_X14,1607,3,10,0,0,0,0,0,0,0,0,0,0,0,0,2
1608,REST_X14,1608,3,10,0,0,0,0,0,0,0,0,0,0,0,0,5
1609,[X14_X6_GET_req],1609,3,10,0,0,0,0,1,0,0,0,0,0,0,0,6
1610,REST_X6,1610,3,10,0,0,0,0,2,0,0,0,0,0,0,0,6
1611,REST_X6,1611,3,10,0,0,0,0,5,0,0,0,0,0,0,0,6
1612,[X6_X5_GET_req],1612,3,10,0,0,0,1,6,0,0,0,0,0,0,0,6
1613,REST_X5,1613,3,10,0,0,0,2,6,0,0,0,0,0,0,0,6
1614,REST_X5,1614,3,10,0,0,0,3,6,0,0,0,0,0,0,0,6
1615,[X6_X5_GET_resp_2xx],1615,3,10,0,0,0,0,3,0,0,0,0,0,0,0,6
1616,[X14_X6_GET_resp_2xx],1616,3,10,0,0,0,0,0,0,0,0,0,0,0,0,3
1617,[X1_X14_GET_resp_2xx],1617,3,3,0,0,0,0,0,0,0,0,0,0,0,0,0
1618,[X0_X1_GET_resp_2xx],1618,0,0,0,0,0,0,0,0,0,0,0,0,0,0,0
1619,REST_X0,1619,2,0,0,0,0,0,0,0,0,0,0,0,0,0,0
1620,[X0_X1_GET_req],1620,3,1,0,0,0,0,0,0,0,0,0,0,0,0,0
1621,REST_X1,1621,3,2,0,0,0,0,0,0,0,0,0,0,0,0,0
1622,REST_X1,1622,3,9,0,0,0,0,0,0,0,0,0,0,0,0,0
1623,[X1_X14_GET_req],1623,3,10,0,0,0,0,0,0,0,0,0,0,0,0,1
1624,REST_X14,1624,3,10,0,0,0,0,0,0,0,0,0,0,0,0,2
1625,REST_X14,1625,3,10,0,0,0,0,0,0,0,0,0,0,0,0,5
1626,[X14_X6_GET_req],1626,3,10,0,0,0,0,1,0,0,0,0,0,0,0,6
1627,REST_X6,1627,3,10,0,0,0,0,2,0,0,0,0,0,0,0,6
1628,REST_X6,1628,3,10,0,0,0,0,5,0,0,0,0,0,0,0,6
1629,[X6_X5_GET_req],1629,3,10,0,0,0,1,6,0,0,0,0,0,0,0,6
1630,REST_X5,1630,3,10,0,0,0,2,6,0,0,0,0,0,0,0,6
1631,REST_X5,1631,3,10,0,0,0,3,6,0,0,0,0,0,0,0,6
1632,[X6_X5_GET_resp_2xx],1632,3,10,0,0,0,0,3,0,0,0,0,0,0,0,6
1633,[X14_X6_GET_resp_2xx],1633,3,10,0,0,0,0,0,0,0,0,0,0,0,0,3
1634,[X1_X14_GET_resp_2xx],1634,3,3,0,0,0,0,0,0,0,0,0,0,0,0,0
1635,[X0_X1_GET_resp_2xx],1635,0,0,0,0,0,0,0,0,0,0,0,0,0,0,0
1636,REST_X0,1636,2,0,0,0,0,0,0,0,0,0,0,0,0,0,0
1637,[X0_X1_GET_req],1637,3,1,0,0,0,0,0,0,0,0,0,0,0,0,0
1638,REST_X1,1638,3,2,0,0,0,0,0,0,0,0,0,0,0,0,0
1639,REST_X1,1639,3,5,0,0,0,0,0,0,0,0,0,0,0,0,0
1640,[X1_X8_GET_req],1640,3,6,0,0,0,0,0,0,1,0,0,0,0,0,0
1641,REST_X8,1641,3,6,0,0,0,0,0,0,2,0,0,0,0,0,0
1642,REST_X8,1642,3,6,0,0,0,0,0,0,5,0,0,0,0,0,0
1643,[X8_X12_GET_req],1643,3,6,0,0,0,0,0,0,6,0,0,0,1,0,0
1644,REST_X12,1644,3,6,0,0,0,0,0,0,6,0,0,0,2,0,0
1645,REST_X12,1645,3,6,0,0,0,0,0,0,6,0,0,0,9,0,0
1646,[X12_X13_GET_req],1646,3,6,0,0,0,0,0,0,6,0,0,0,10,1,0
1647,REST_X13,1647,3,6,0,0,0,0,0,0,6,0,0,0,10,2,0
1648,REST_X13,1648,3,6,0,0,0,0,0,0,6,0,0,0,10,5,0
1649,[X13_X4_GET_req],1649,3,6,0,0,1,0,0,0,6,0,0,0,10,6,0
1650,REST_X4,1650,3,6,0,0,2,0,0,0,6,0,0,0,10,6,0
1651,REST_X4,1651,3,6,0,0,5,0,0,0,6,0,0,0,10,6,0
1652,[X4_X2_GET_req],1652,3,6,1,0,6,0,0,0,6,0,0,0,10,6,0
1653,REST_X2,1653,3,6,2,0,6,0,0,0,6,0,0,0,10,6,0
1654,REST_X2,1654,3,6,3,0,6,0,0,0,6,0,0,0,10,6,0
1655,[X4_X2_GET_resp_2xx],1655,3,6,0,0,3,0,0,0,6,0,0,0,10,6,0
1656,[X13_X4_GET_resp_2xx],1656,3,6,0,0,0,0,0,0,6,0,0,0,10,3,0
1657,[X12_X13_GET_resp_2xx],1657,3,6,0,0,0,0,0,0,6,0,0,0,3,0,0
1658,[X8_X12_GET_resp_2xx],1658,3,6,0,0,0,0,0,0,3,0,0,0,0,0,0
1659,[X1_X8_GET_resp_2xx],1659,3,3,0,0,0,0,0,0,0,0,0,0,0,0,0
1660,[X0_X1_GET_resp_2xx],1660,0,0,0,0,0,0,0,0,0,0,0,0,0,0,0
1661,REST_X0,1661,2,0,0,0,0,0,0,0,0,0,0,0,0,0,0
1662,[X0_X1_GET_req],1662,3,1,0,0,0,0,0,0,0,0,0,0,0,0,0
1663,REST_X1,1663,3,2,0,0,0,0,0,0,0,0,0,0,0,0,0
1664,REST_X1,1664,3,5,0,0,0,0,0,0,0,0,0,0,0,0,0
1665,[X1_X8_GET_req],1665,3,6,0,0,0,0,0,0,1,0,0,0,0,0,0
1666,REST_X8,1666,3,6,0,0,0,0,0,0,2,0,0,0,0,0,0
1667,REST_X8,1667,3,6,0,0,0,0,0,0,5,0,0,0,0,0,0
1668,[X8_X12_GET_req],1668,3,6,0,0,0,0,0,0,6,0,0,0,1,0,0
1669,REST_X12,1669,3,6,0,0,0,0,0,0,6,0,0,0,2,0,0
1670,REST_X12,1670,3,6,0,0,0,0,0,0,6,0,0,0,9,0,0
1671,[X12_X13_GET_req],1671,3,6,0,0,0,0,0,0,6,0,0,0,10,1,0
1672,REST_X13,1672,3,6,0,0,0,0,0,0,6,0,0,0,10,2,0
1673,REST_X13,1673,3,6,0,0,0,0,0,0,6,0,0,0,10,5,0
1674,[X13_X4_GET_req],1674,3,6,0,0,1,0,0,0,6,0,0,0,10,6,0
1675,REST_X4,1675,3,6,0,0,2,0,0,0,6,0,0,0,10,6,0
1676,REST_X4,1676,3,6,0,0,9,0,0,0,6,0,0,0,10,6,0
1677,[X4_X7_GET_req],1677,3,6,0,0,10,0,0,1,6,0,0,0,10,6,0
1678,REST_X7,1678,3,6,0,0,10,0,0,2,6,0,0,0,10,6,0
1679,REST_X7,1679,3,6,0,0,10,0,0,5,6,0,0,0,10,6,0
1680,[X7_X10_GET_req],1680,3,6,0,0,10,0,0,6,6,0,1,0,10,6,0
1681,REST_X10,1681,3,6,0,0,10,0,0,6,6,0,2,0,10,6,0
1682,REST_X10,1682,3,6,0,0,10,0,0,6,6,0,3,0,10,6,0
1683,[X7_X10_GET_resp_2xx],1683,3,6,0,0,10,0,0,3,6,0,0,0,10,6,0
1684,[X4_X7_GET_resp_2xx],1684,3,6,0,0,3,0,0,0,6,0,0,0,10,6,0
1685,[X13_X4_GET_resp_2xx],1685,3,6,0,0,0,0,0,0,6,0,0,0,10,3,0
1686,[X12_X13_GET_resp_2xx],1686,3,6,0,0,0,0,0,0,6,0,0,0,3,0,0
1687,[X8_X12_GET_resp_2xx],1687,3,6,0,0,0,0,0,0,3,0,0,0,0,0,0
1688,[X1_X8_GET_resp_2xx],1688,3,3,0,0,0,0,0,0,0,0,0,0,0,0,0
1689,[X0_X1_GET_resp_2xx],1689,0,0,0,0,0,0,0,0,0,0,0,0,0,0,0
1690,REST_X0,1690,2,0,0,0,0,0,0,0,0,0,0,0,0,0,0
1691,[X0_X1_GET_req],1691,3,1,0,0,0,0,0,0,0,0,0,0,0,0,0
1692,REST_X1,1692,3,2,0,0,0,0,0,0,0,0,0,0,0,0,0
1693,REST_X1,1693,3,9,0,0,0,0,0,0,0,0,0,0,0,0,0
1694,[X1_X14_GET_req],1694,3,10,0,0,0,0,0,0,0,0,0,0,0,0,1
1695,REST_X14,1695,3,10,0,0,0,0,0,0,0,0,0,0,0,0,2
1696,REST_X14,1696,3,10,0,0,0,0,0,0,0,0,0,0,0,0,5
1697,[X14_X6_GET_req],1697,3,10,0,0,0,0,1,0,0,0,0,0,0,0,6
1698,REST_X6,1698,3,10,0,0,0,0,2,0,0,0,0,0,0,0,6
1699,REST_X6,1699,3,10,0,0,0,0,5,0,0,0,0,0,0,0,6
1700,[X6_X5_GET_req],1700,3,10,0,0,0,1,6,0,0,0,0,0,0,0,6
1701,REST_X5,1701,3,10,0,0,0,2,6,0,0,0,0,0,0,0,6
1702,REST_X5,1702,3,10,0,0,0,3,6,0,0,0,0,0,0,0,6
1703,[X6_X5_GET_resp_2xx],1703,3,10,0,0,0,0,3,0,0,0,0,0,0,0,6
1704,[X14_X6_GET_resp_2xx],1704,3,10,0,0,0,0,0,0,0,0,0,0,0,0,3
1705,[X1_X14_GET_resp_2xx],1705,3,3,0,0,0,0,0,0,0,0,0,0,0,0,0
1706,[X0_X1_GET_resp_2xx],1706,0,0,0,0,0,0,0,0,0,0,0,0,0,0,0
1707,REST_X0,1707,2,0,0,0,0,0,0,0,0,0,0,0,0,0,0
1708,[X0_X1_GET_req],1708,3,1,0,0,0,0,0,0,0,0,0,0,0,0,0
1709,REST_X1,1709,3,2,0,0,0,0,0,0,0,0,0,0,0,0,0
1710,REST_X1,1710,3,9,0,0,0,0,0,0,0,0,0,0,0,0,0
1711,[X1_X14_GET_req],1711,3,10,0,0,0,0,0,0,0,0,0,0,0,0,1
1712,REST_X14,1712,3,10,0,0,0,0,0,0,0,0,0,0,0,0,2
1713,REST_X14,1713,3,10,0,0,0,0,0,0,0,0,0,0,0,0,5
1714,[X14_X6_GET_req],1714,3,10,0,0,0,0,1,0,0,0,0,0,0,0,6
1715,REST_X6,1715,3,10,0,0,0,0,2,0,0,0,0,0,0,0,6
1716,REST_X6,1716,3,10,0,0,0,0,5,0,0,0,0,0,0,0,6
1717,[X6_X5_GET_req],1717,3,10,0,0,0,1,6,0,0,0,0,0,0,0,6
1718,REST_X5,1718,3,10,0,0,0,2,6,0,0,0,0,0,0,0,6
1719,REST_X5,1719,3,10,0,0,0,3,6,0,0,0,0,0,0,0,6
1720,[X6_X5_GET_resp_2xx],1720,3,10,0,0,0,0,3,0,0,0,0,0,0,0,6
1721,[X14_X6_GET_resp_2xx],1721,3,10,0,0,0,0,0,0,0,0,0,0,0,0,3
1722,[X1_X14_GET_resp_2xx],1722,3,3,0,0,0,0,0,0,0,0,0,0,0,0,0
1723,[X0_X1_GET_resp_2xx],1723,0,0,0,0,0,0,0,0,0,0,0,0,0,0,0
1724,REST_X0,1724,2,0,0,0,0,0,0,0,0,0,0,0,0,0,0
1725,[X0_X1_GET_req],1725,3,1,0,0,0,0,0,0,0,0,0,0,0,0,0
1726,REST_X1,1726,3,2,0,0,0,0,0,0,0,0,0,0,0,0,0
1727,REST_X1,1727,3,9,0,0,0,0,0,0,0,0,0,0,0,0,0
1728,[X1_X14_GET_req],1728,3,10,0,0,0,0,0,0,0,0,0,0,0,0,1
1729,REST_X14,1729,3,10,0,0,0,0,0,0,0,0,0,0,0,0,2
1730,REST_X14,1730,3,10,0,0,0,0,0,0,0,0,0,0,0,0,5
1731,[X14_X6_GET_req],1731,3,10,0,0,0,0,1,0,0,0,0,0,0,0,6
1732,REST_X6,1732,3,10,0,0,0,0,2,0,0,0,0,0,0,0,6
1733,REST_X6,1733,3,10,0,0,0,0,5,0,0,0,0,0,0,0,6
1734,[X6_X5_GET_req],1734,3,10,0,0,0,1,6,0,0,0,0,0,0,0,6
1735,REST_X5,1735,3,10,0,0,0,2,6,0,0,0,0,0,0,0,6
1736,REST_X5,1736,3,10,0,0,0,3,6,0,0,0,0,0,0,0,6
1737,[X6_X5_GET_resp_2xx],1737,3,10,0,0,0,0,3,0,0,0,0,0,0,0,6
1738,[X14_X6_GET_resp_2xx],1738,3,10,0,0,0,0,0,0,0,0,0,0,0,0,3
1739,[X1_X14_GET_resp_2xx],1739,3,3,0,0,0,0,0,0,0,0,0,0,0,0,0
1740,[X0_X1_GET_resp_2xx],1740,0,0,0,0,0,0,0,0,0,0,0,0,0,0,0
1741,REST_X0,1741,2,0,0,0,0,0,0,0,0,0,0,0,0,0,0
1742,[X0_X1_GET_req],1742,3,1,0,0,0,0,0,0,0,0,0,0,0,0,0
1743,REST_X1,1743,3,2,0,0,0,0,0,0,0,0,0,0,0,0,0
1744,REST_X1,1744,3,5,0,0,0,0,0,0,0,0,0,0,0,0,0
1745,[X1_X8_GET_req],1745,3,6,0,0,0,0,0,0,1,0,0,0,0,0,0
1746,REST_X8,1746,3,6,0,0,0,0,0,0,2,0,0,0,0,0,0
1747,REST_X8,1747,3,6,0,0,0,0,0,0,5,0,0,0,0,0,0
1748,[X8_X12_GET_req],1748,3,6,0,0,0,0,0,0,6,0,0,0,1,0,0
1749,REST_X12,1749,3,6,0,0,0,0,0,0,6,0,0,0,2,0,0
1750,REST_X12,1750,3,6,0,0,0,0,0,0,6,0,0,0,5,0,0
1751,[X12_X3_GET_req],1751,3,6,0,1,0,0,0,0,6,0,0,0,6,0,0
1752,REST_X3,1752,3,6,0,2,0,0,0,0,6,0,0,0,6,0,0
1753,REST_X3,1753,3,6,0,5,0,0,0,0,6,0,0,0,6,0,0
1754,[X3_X9_GET_req],1754,3,6,0,6,0,0,0,0,6,1,0,0,6,0,0
1755,REST_X9,1755,3,6,0,6,0,0,0,0,6,2,0,0,6,0,0
1756,REST_X9,1756,3,6,0,6,0,0,0,0,6,3,0,0,6,0,0
1757,[X3_X9_GET_resp_2xx],1757,3,6,0,3,0,0,0,0,6,0,0,0,6,0,0
1758,[X12_X3_GET_resp_2xx],1758,3,6,0,0,0,0,0,0,6,0,0,0,3,0,0
1759,[X8_X12_GET_resp_2xx],1759,3,6,0,0,0,0,0,0,3,0,0,0,0,0,0
1760,[X1_X8_GET_resp_2xx],1760,3,3,0,0,0,0,0,0,0,0,0,0,0,0,0
1761,[X0_X1_GET_resp_2xx],1761,0,0,0,0,0,0,0,0,0,0,0,0,0,0,0
1762,REST_X0,1762,2,0,0,0,0,0,0,0,0,0,0,0,0,0,0
1763,[X0_X1_GET_req],1763,3,1,0,0,0,0,0,0,0,0,0,0,0,0,0
1764,REST_X1,1764,3,2,0,0,0,0,0,0,0,0,0,0,0,0,0
1765,REST_X1,1765,3,9,0,0,0,0,0,0,0,0,0,0,0,0,0
1766,[X1_X14_GET_req],1766,3,10,0,0,0,0,0,0,0,0,0,0,0,0,1
1767,REST_X14,1767,3,10,0,0,0,0,0,0,0,0,0,0,0,0,2
1768,REST_X14,1768,3,10,0,0,0,0,0,0,0,0,0,0,0,0,5
1769,[X14_X6_GET_req],1769,3,10,0,0,0,0,1,0,0,0,0,0,0,0,6
1770,REST_X6,1770,3,10,0,0,0,0,2,0,0,0,0,0,0,0,6
1771,REST_X6,1771,3,10,0,0,0,0,5,0,0,0,0,0,0,0,6
1772,[X6_X5_GET_req],1772,3,10,0,0,0,1,6,0,0,0,0,0,0,0,6
1773,REST_X5,1773,3,10,0,0,0,2,6,0,0,0,0,0,0,0,6
1774,REST_X5,1774,3,10,0,0,0,3,6,0,0,0,0,0,0,0,6
1775,[X6_X5_GET_resp_2xx],1775,3,10,0,0,0,0,3,0,0,0,0,0,0,0,6
1776,[X14_X6_GET_resp_2xx],1776,3,10,0,0,0,0,0,0,0,0,0,0,0,0,3
1777,[X1_X14_GET_resp_2xx],1777,3,3,0,0,0,0,0,0,0,0,0,0,0,0,0
1778,[X0_X1_GET_resp_2xx],1778,0,0,0,0,0,0,0,0,0,0,0,0,0,0,0
1779,REST_X0,1779,2,0,0,0,0,0,0,0,0,0,0,0,0,0,0
1780,[X0_X1_GET_req],1780,3,1,0,0,0,0,0,0,0,0,0,0,0,0,0
1781,REST_X1,1781,3,2,0,0,0,0,0,0,0,0,0,0,0,0,0
1782,REST_X1,1782,3,9,0,0,0,0,0,0,0,0,0,0,0,0,0
1783,[X1_X14_GET_req],1783,3,10,0,0,0,0,0,0,0,0,0,0,0,0,1
1784,REST_X14,1784,3,10,0,0,0,0,0,0,0,0,0,0,0,0,2
1785,REST_X14,1785,3,10,0,0,0,0,0,0,0,0,0,0,0,0,5
1786,[X14_X6_GET_req],1786,3,10,0,0,0,0,1,0,0,0,0,0,0,0,6
1787,REST_X6,1787,3,10,0,0,0,0,2,0,0,0,0,0,0,0,6
1788,REST_X6,1788,3,10,0,0,0,0,5,0,0,0,0,0,0,0,6
1789,[X6_X5_GET_req],1789,3,10,0,0,0,1,6,0,0,0,0,0,0,0,6
1790,REST_X5,1790,3,10,0,0,0,2,6,0,0,0,0,0,0,0,6
1791,REST_X5,1791,3,10,0,0,0,3,6,0,0,0,0,0,0,0,6
1792,[X6_X5_GET_resp_2xx],1792,3,10,0,0,0,0,3,0,0,0,0,0,0,0,6
1793,[X14_X6_GET_resp_2xx],1793,3,10,0,0,0,0,0,0,0,0,0,0,0,0,3
1794,[X1_X14_GET_resp_2xx],1794,3,3,0,0,0,0,0,0,0,0,0,0,0,0,0
1795,[X0_X1_GET_resp_2xx],1795,0,0,0,0,0,0,0,0,0,0,0,0,0,0,0
1796,REST_X0,1796,2,0,0,0,0,0,0,0,0,0,0,0,0,0,0
1797,[X0_X1_GET_req],1797,3,1,0,0,0,0,0,0,0,0,0,0,0,0,0
1798,REST_X1,1798,3,2,0,0,0,0,0,0,0,0,0,0,0,0,0
1799,REST_X1,1799,3,9,0,0,0,0,0,0,0,0,0,0,0,0,0
1800,[X1_X14_GET_req],1800,3,10,0,0,0,0,0,0,0,0,0,0,0,0,1
1801,REST_X14,1801,3,10,0,0,0,0,0,0,0,0,0,0,0,0,2
1802,REST_X14,1802,3,10,0,0,0,0,0,0,0,0,0,0,0,0,5
1803,[X14_X6_GET_req],1803,3,10,0,0,0,0,1,0,0,0,0,0,0,0,6
1804,REST_X6,1804,3,10,0,0,0,0,2,0,0,0,0,0,0,0,6
1805,REST_X6,1805,3,10,0,0,0,0,5,0,0,0,0,0,0,0,6
1806,[X6_X5_GET_req],1806,3,10,0,0,0,1,6,0,0,0,0,0,0,0,6
1807,REST_X5,1807,3,10,0,0,0,2,6,0,0,0,0,0,0,0,6
1808,REST_X5,1808,3,10,0,0,0,3,6,0,0,0,0,0,0,0,6
1809,[X6_X5_GET_resp_2xx],1809,3,10,0,0,0,0,3,0,0,0,0,0,0,0,6
1810,[X14_X6_GET_resp_2xx],1810,3,10,0,0,0,0,0,0,0,0,0,0,0,0,3
1811,[X1_X14_GET_resp_2xx],1811,3,3,0,0,0,0,0,0,0,0,0,0,0,0,0
1812,[X0_X1_GET_resp_2xx],1812,0,0,0,0,0,0,0,0,0,0,0,0,0,0,0
1813,REST_X0,1813,2,0,0,0,0,0,0,0,0,0,0,0,0,0,0
1814,[X0_X1_GET_req],1814,3,1,0,0,0,0,0,0,0,0,0,0,0,0,0
1815,REST_X1,1815,3,2,0,0,0,0,0,0,0,0,0,0,0,0,0
1816,REST_X1,1816,3,9,0,0,0,0,0,0,0,0,0,0,0,0,0
1817,[X1_X14_GET_req],1817,3,10,0,0,0,0,0,0,0,0,0,0,0,0,1
1818,REST_X14,1818,3,10,0,0,0,0,0,0,0,0,0,0,0,0,2
1819,REST_X14,1819,3,10,0,0,0,0,0,0,0,0,0,0,0,0,5
1820,[X14_X6_GET_req],1820,3,10,0,0,0,0,1,0,0,0,0,0,0,0,6
1821,REST_X6,1821,3,10,0,0,0,0,2,0,0,0,0,0,0,0,6
1822,REST_X6,1822,3,10,0,0,0,0,5,0,0,0,0,0,0,0,6
1823,[X6_X5_GET_req],1823,3,10,0,0,0,1,6,0,0,0,0,0,0,0,6
1824,REST_X5,1824,3,10,0,0,0,2,6,0,0,0,0,0,0,0,6
1825,REST_X5,1825,3,10,0,0,0,3,6,0,0,0,0,0,0,0,6
1826,[X6_X5_GET_resp_2xx],1826,3,10,0,0,0,0,3,0,0,0,0,0,0,0,6
1827,[X14_X6_GET_resp_2xx],1827,3,10,0,0,0,0,0,0,0,0,0,0,0,0,3
1828,[X1_X14_GET_resp_2xx],1828,3,3,0,0,0,0,0,0,0,0,0,0,0,0,0
1829,[X0_X1_GET_resp_2xx],1829,0,0,0,0,0,0,0,0,0,0,0,0,0,0,0
1830,REST_X0,1830,2,0,0,0,0,0,0,0,0,0,0,0,0,0,0
1831,[X0_X1_GET_req],1831,3,1,0,0,0,0,0,0,0,0,0,0,0,0,0
1832,REST_X1,1832,3,2,0,0,0,0,0,0,0,0,0,0,0,0,0
1833,REST_X1,1833,3,5,0,0,0,0,0,0,0,0,0,0,0,0,0
1834,[X1_X8_GET_req],1834,3,6,0,0,0,0,0,0,1,0,0,0,0,0,0
1835,REST_X8,1835,3,6,0,0,0,0,0,0,2,0,0,0,0,0,0
1836,REST_X8,1836,3,6,0,0,0,0,0,0,5,0,0,0,0,0,0
1837,[X8_X12_GET_req],1837,3,6,0,0,0,0,0,0,6,0,0,0,1,0,0
1838,REST_X12,1838,3,6,0,0,0,0,0,0,6,0,0,0,2,0,0
1839,REST_X12,1839,3,6,0,0,0,0,0,0,6,0,0,0,9,0,0
1840,[X12_X13_GET_req],1840,3,6,0,0,0,0,0,0,6,0,0,0,10,1,0
1841,REST_X13,1841,3,6,0,0,0,0,0,0,6,0,0,0,10,2,0
1842,REST_X13,1842,3,6,0,0,0,0,0,0,6,0,0,0,10,5,0
1843,[X13_X4_GET_req],1843,3,6,0,0,1,0,0,0,6,0,0,0,10,6,0
1844,REST_X4,1844,3,6,0,0,2,0,0,0,6,0,0,0,10,6,0
1845,REST_X4,1845,3,6,0,0,5,0,0,0,6,0,0,0,10,6,0
1846,[X4_X2_GET_req],1846,3,6,1,0,6,0,0,0,6,0,0,0,10,6,0
1847,REST_X2,1847,3,6,2,0,6,0,0,0,6,0,0,0,10,6,0
1848,REST_X2,1848,3,6,4,0,6,0,0,0,6,0,0,0,10,6,0
1849,[X4_X2_GET_resp_5xx],1849,3,6,0,0,7,0,0,0,6,0,0,0,10,6,0
1850,[X4_X2_GET_req],1850,3,6,1,0,8,0,0,0,6,0,0,0,10,6,0
1851,REST_X2,1851,3,6,2,0,8,0,0,0,6,0,0,0,10,6,0
1852,REST_X2,1852,3,6,4,0,8,0,0,0,6,0,0,0,10,6,0
1853,[X4_X2_GET_resp_5xx],1853,3,6,0,0,4,0,0,0,6,0,0,0,10,6,0
1854,[X13_X4_GET_resp_5xx],1854,3,6,0,0,0,0,0,0,6,0,0,0,10,7,0
1855,[X13_X4_GET_req],1855,3,6,0,0,1,0,0,0,6,0,0,0,10,8,0
1856,REST_X4,1856,3,6,0,0,2,0,0,0,6,0,0,0,10,8,0
1857,REST_X4,1857,3,6,0,0,5,0,0,0,6,0,0,0,10,8,0
1858,[X4_X2_GET_req],1858,3,6,1,0,6,0,0,0,6,0,0,0,10,8,0
1859,REST_X2,1859,3,6,2,0,6,0,0,0,6,0,0,0,10,8,0
1860,REST_X2,1860,3,6,3,0,6,0,0,0,6,0,0,0,10,8,0
1861,[X4_X2_GET_resp_2xx],1861,3,6,0,0,3,0,0,0,6,0,0,0,10,8,0
1862,[X13_X4_GET_resp_2xx],1862,3,6,0,0,0,0,0,0,6,0,0,0,10,3,0
1863,[X12_X13_GET_resp_2xx],1863,3,6,0,0,0,0,0,0,6,0,0,0,3,0,0
1864,[X8_X12_GET_resp_2xx],1864,3,6,0,0,0,0,0,0,3,0,0,0,0,0,0
1865,[X1_X8_GET_resp_2xx],1865,3,3,0,0,0,0,0,0,0,0,0,0,0,0,0
1866,[X0_X1_GET_resp_2xx],1866,0,0,0,0,0,0,0,0,0,0,0,0,0,0,0
1867,REST_X0,1867,2,0,0,0,0,0,0,0,0,0,0,0,0,0,0
1868,[X0_X1_GET_req],1868,3,1,0,0,0,0,0,0,0,0,0,0,0,0,0
1869,REST_X1,1869,3,2,0,0,0,0,0,0,0,0,0,0,0,0,0
1870,REST_X1,1870,3,5,0,0,0,0,0,0,0,0,0,0,0,0,0
1871,[X1_X8_GET_req],1871,3,6,0,0,0,0,0,0,1,0,0,0,0,0,0
1872,REST_X8,1872,3,6,0,0,0,0,0,0,2,0,0,0,0,0,0
1873,REST_X8,1873,3,6,0,0,0,0,0,0,5,0,0,0,0,0,0
1874,[X8_X12_GET_req],1874,3,6,0,0,0,0,0,0,6,0,0,0,1,0,0
1875,REST_X12,1875,3,6,0,0,0,0,0,0,6,0,0,0,2,0,0
1876,REST_X12,1876,3,6,0,0,0,0,0,0,6,0,0,0,5,0,0
1877,[X12_X3_GET_req],1877,3,6,0,1,0,0,0,0,6,0,0,0,6,0,0
1878,REST_X3,1878,3,6,0,2,0,0,0,0,6,0,0,0,6,0,0
1879,REST_X3,1879,3,6,0,5,0,0,0,0,6,0,0,0,6,0,0
1880,[X3_X9_GET_req],1880,3,6,0,6,0,0,0,0,6,1,0,0,6,0,0
1881,REST_X9,1881,3,6,0,6,0,0,0,0,6,2,0,0,6,0,0
1882,REST_X9,1882,3,6,0,6,0,0,0,0,6,3,0,0,6,0,0
1883,[X3_X9_GET_resp_2xx],1883,3,6,0,3,0,0,0,0,6,0,0,0,6,0,0
1884,[X12_X3_GET_resp_2xx],1884,3,6,0,0,0,0,0,0,6,0,0,0,3,0,0
1885,[X8_X12_GET_resp_2xx],1885,3,6,0,0,0,0,0,0,3,0,0,0,0,0,0
1886,[X1_X8_GET_resp_2xx],1886,3,3,0,0,0,0,0,0,0,0,0,0,0,0,0
1887,[X0_X1_GET_resp_2xx],1887,0,0,0,0,0,0,0,0,0,0,0,0,0,0,0
1888,REST_X0,1888,2,0,0,0,0,0,0,0,0,0,0,0,0,0,0
1889,[X0_X1_GET_req],1889,3,1,0,0,0,0,0,0,0,0,0,0,0,0,0
1890,REST_X1,1890,3,2,0,0,0,0,0,0,0,0,0,0,0,0,0
1891,REST_X1,1891,3,9,0,0,0,0,0,0,0,0,0,0,0,0,0
1892,[X1_X14_GET_req],1892,3,10,0,0,0,0,0,0,0,0,0,0,0,0,1
1893,REST_X14,1893,3,10,0,0,0,0,0,0,0,0,0,0,0,0,2
1894,REST_X14,1894,3,10,0,0,0,0,0,0,0,0,0,0,0,0,5
1895,[X14_X6_GET_req],1895,3,10,0,0,0,0,1,0,0,0,0,0,0,0,6
1896,REST_X6,1896,3,10,0,0,0,0,2,0,0,0,0,0,0,0,6
1897,REST_X6,1897,3,10,0,0,0,0,5,0,0,0,0,0,0,0,6
1898,[X6_X5_GET_req],1898,3,10,0,0,0,1,6,0,0,0,0,0,0,0,6
1899,REST_X5,1899,3,10,0,0,0,2,6,0,0,0,0,0,0,0,6
1900,REST_X5,1900,3,10,0,0,0,3,6,0,0,0,0,0,0,0,6
1901,[X6_X5_GET_resp_2xx],1901,3,10,0,0,0,0,3,0,0,0,0,0,0,0,6
1902,[X14_X6_GET_resp_2xx],1902,3,10,0,0,0,0,0,0,0,0,0,0,0,0,3
1903,[X1_X14_GET_resp_2xx],1903,3,3,0,0,0,0,0,0,0,0,0,0,0,0,0
1904,[X0_X1_GET_resp_2xx],1904,0,0,0,0,0,0,0,0,0,0,0,0,0,0,0
1905,REST_X0,1905,2,0,0,0,0,0,0,0,0,0,0,0,0,0,0
1906,[X0_X1_GET_req],1906,3,1,0,0,0,0,0,0,0,0,0,0,0,0,0
1907,REST_X1,1907,3,2,0,0,0,0,0,0,0,0,0,0,0,0,0
1908,REST_X1,1908,3,5,0,0,0,0,0,0,0,0,0,0,0,0,0
1909,[X1_X8_GET_req],1909,3,6,0,0,0,0,0,0,1,0,0,0,0,0,0
1910,REST_X8,1910,3,6,0,0,0,0,0,0,2,0,0,0,0,0,0
1911,REST_X8,1911,3,6,0,0,0,0,0,0,5,0,0,0,0,0,0
1912,[X8_X12_GET_req],1912,3,6,0,0,0,0,0,0,6,0,0,0,1,0,0
1913,REST_X12,1913,3,6,0,0,0,0,0,0,6,0,0,0,2,0,0
1914,REST_X12,1914,3,6,0,0,0,0,0,0,6,0,0,0,9,0,0
1915,[X12_X13_GET_req],1915,3,6,0,0,0,0,0,0,6,0,0,0,10,1,0
1916,REST_X13,1916,3,6,0,0,0,0,0,0,6,0,0,0,10,2,0
1917,REST_X13,1917,3,6,0,0,0,0,0,0,6,0,0,0,10,5,0
1918,[X13_X4_GET_req],1918,3,6,0,0,1,0,0,0,6,0,0,0,10,6,0
1919,REST_X4,1919,3,6,0,0,2,0,0,0,6,0,0,0,10,6,0
1920,REST_X4,1920,3,6,0,0,9,0,0,0,6,0,0,0,10,6,0
1921,[X4_X7_GET_req],1921,3,6,0,0,10,0,0,1,6,0,0,0,10,6,0
1922,REST_X7,1922,3,6,0,0,10,0,0,2,6,0,0,0,10,6,0
1923,REST_X7,1923,3,6,0,0,10,0,0,5,6,0,0,0,10,6,0
1924,[X7_X10_GET_req],1924,3,6,0,0,10,0,0,6,6,0,1,0,10,6,0
1925,REST_X10,1925,3,6,0,0,10,0,0,6,6,0,2,0,10,6,0
1926,REST_X10,1926,3,6,0,0,10,0,0,6,6,0,3,0,10,6,0
1927,[X7_X10_GET_resp_2xx],1927,3,6,0,0,10,0,0,3,6,0,0,0,10,6,0
1928,[X4_X7_GET_resp_2xx],1928,3,6,0,0,3,0,0,0,6,0,0,0,10,6,0
1929,[X13_X4_GET_resp_2xx],1929,3,6,0,0,0,0,0,0,6,0,0,0,10,3,0
1930,[X12_X13_GET_resp_2xx],1930,3,6,0,0,0,0,0,0,6,0,0,0,3,0,0
1931,[X8_X12_GET_resp_2xx],1931,3,6,0,0,0,0,0,0,3,0,0,0,0,0,0
1932,[X1_X8_GET_resp_2xx],1932,3,3,0,0,0,0,0,0,0,0,0,0,0,0,0
1933,[X0_X1_GET_resp_2xx],1933,0,0,0,0,0,0,0,0,0,0,0,0,0,0,0
1934,REST_X0,1934,2,0,0,0,0,0,0,0,0,0,0,0,0,0,0
1935,[X0_X1_GET_req],1935,3,1,0,0,0,0,0,0,0,0,0,0,0,0,0
1936,REST_X1,1936,3,2,0,0,0,0,0,0,0,0,0,0,0,0,0
1937,REST_X1,1937,3,9,0,0,0,0,0,0,0,0,0,0,0,0,0
1938,[X1_X14_GET_req],1938,3,10,0,0,0,0,0,0,0,0,0,0,0,0,1
1939,REST_X14,1939,3,10,0,0,0,0,0,0,0,0,0,0,0,0,2
1940,REST_X14,1940,3,10,0,0,0,0,0,0,0,0,0,0,0,0,5
1941,[X14_X6_GET_req],1941,3,10,0,0,0,0,1,0,0,0,0,0,0,0,6
1942,REST_X6,1942,3,10,0,0,0,0,2,0,0,0,0,0,0,0,6
1943,REST_X6,1943,3,10,0,0,0,0,5,0,0,0,0,0,0,0,6
1944,[X6_X5_GET_req],1944,3,10,0,0,0,1,6,0,0,0,0,0,0,0,6
1945,REST_X5,1945,3,10,0,0,0,2,6,0,0,0,0,0,0,0,6
1946,REST_X5,1946,3,10,0,0,0,3,6,0,0,0,0,0,0,0,6
1947,[X6_X5_GET_resp_2xx],1947,3,10,0,0,0,0,3,0,0,0,0,0,0,0,6
1948,[X14_X6_GET_resp_2xx],1948,3,10,0,0,0,0,0,0,0,0,0,0,0,0,3
1949,[X1_X14_GET_resp_2xx],1949,3,3,0,0,0,0,0,0,0,0,0,0,0,0,0
1950,[X0_X1_GET_resp_2xx],1950,0,0,0,0,0,0,0,0,0,0,0,0,0,0,0
1951,REST_X0,1951,2,0,0,0,0,0,0,0,0,0,0,0,0,0,0
1952,[X0_X1_GET_req],1952,3,1,0,0,0,0,0,0,0,0,0,0,0,0,0
1953,REST_X1,1953,3,2,0,0,0,0,0,0,0,0,0,0,0,0,0
1954,REST_X1,1954,3,5,0,0,0,0,0,0,0,0,0,0,0,0,0
1955,[X1_X8_GET_req],1955,3,6,0,0,0,0,0,0,1,0,0,0,0,0,0
1956,REST_X8,1956,3,6,0,0,0,0,0,0,2,0,0,0,0,0,0
1957,REST_X8,1957,3,6,0,0,0,0,0,0,5,0,0,0,0,0,0
1958,[X8_X12_GET_req],1958,3,6,0,0,0,0,0,0,6,0,0,0,1,0,0
1959,REST_X12,1959,3,6,0,0,0,0,0,0,6,0,0,0,2,0,0
1960,REST_X12,1960,3,6,0,0,0,0,0,0,6,0,0,0,9,0,0
1961,[X12_X13_GET_req],1961,3,6,0,0,0,0,0,0,6,0,0,0,10,1,0
1962,REST_X13,1962,3,6,0,0,0,0,0,0,6,0,0,0,10,2,0
1963,REST_X13,1963,3,6,0,0,0,0,0,0,6,0,0,0,10,5,0
1964,[X13_X4_GET_req],1964,3,6,0,0,1,0,0,0,6,0,0,0,10,6,0
1965,REST_X4,1965,3,6,0,0,2,0,0,0,6,0,0,0,10,6,0
1966,REST_X4,1966,3,6,0,0,5,0,0,0,6,0,0,0,10,6,0
1967,[X4_X2_GET_req],1967,3,6,1,0,6,0,0,0,6,0,0,0,10,6,0
1968,REST_X2,1968,3,6,2,0,6,0,0,0,6,0,0,0,10,6,0
1969,REST_X2,1969,3,6,3,0,6,0,0,0,6,0,0,0,10,6,0
1970,[X4_X2_GET_resp_2xx],1970,3,6,0,0,3,0,0,0,6,0,0,0,10,6,0
1971,[X13_X4_GET_resp_2xx],1971,3,6,0,0,0,0,0,0,6,0,0,0,10,3,0
1972,[X12_X13_GET_resp_2xx],1972,3,6,0,0,0,0,0,0,6,0,0,0,3,0,0
1973,[X8_X12_GET_resp_2xx],1973,3,6,0,0,0,0,0,0,3,0,0,0,0,0,0
1974,[X1_X8_GET_resp_2xx],1974,3,3,0,0,0,0,0,0,0,0,0,0,0,0,0
1975,[X0_X1_GET_resp_2xx],1975,0,0,0,0,0,0,0,0,0,0,0,0,0,0,0
1976,REST_X0,1976,2,0,0,0,0,0,0,0,0,0,0,0,0,0,0
1977,[X0_X1_GET_req],1977,3,1,0,0,0,0,0,0,0,0,0,0,0,0,0
1978,REST_X1,1978,3,2,0,0,0,0,0,0,0,0,0,0,0,0,0
1979,REST_X1,1979,3,9,0,0,0,0,0,0,0,0,0,0,0,0,0
1980,[X1_X14_GET_req],1980,3,10,0,0,0,0,0,0,0,0,0,0,0,0,1
1981,REST_X14,1981,3,10,0,0,0,0,0,0,0,0,0,0,0,0,2
1982,REST_X14,1982,3,10,0,0,0,0,0,0,0,0,0,0,0,0,5
1983,[X14_X6_GET_req],1983,3,10,0,0,0,0,1,0,0,0,0,0,0,0,6
1984,REST_X6,1984,3,10,0,0,0,0,2,0,0,0,0,0,0,0,6
1985,REST_X6,1985,3,10,0,0,0,0,5,0,0,0,0,0,0,0,6
1986,[X6_X5_GET_req],1986,3,10,0,0,0,1,6,0,0,0,0,0,0,0,6
1987,REST_X5,1987,3,10,0,0,0,2,6,0,0,0,0,0,0,0,6
1988,REST_X5,1988,3,10,0,0,0,3,6,0,0,0,0,0,0,0,6
1989,[X6_X5_GET_resp_2xx],1989,3,10,0,0,0,0,3,0,0,0,0,0,0,0,6
1990,[X14_X6_GET_resp_2xx],1990,3,10,0,0,0,0,0,0,0,0,0,0,0,0,3
1991,[X1_X14_GET_resp_2xx],1991,3,3,0,0,0,0,0,0,0,0,0,0,0,0,0
1992,[X0_X1_GET_resp_2xx],1992,0,0,0,0,0,0,0,0,0,0,0,0,0,0,0
1993,REST_X0,1993,2,0,0,0,0,0,0,0,0,0,0,0,0,0,0
1994,[X0_X1_GET_req],1994,3,1,0,0,0,0,0,0,0,0,0,0,0,0,0
1995,REST_X1,1995,3,2,0,0,0,0,0,0,0,0,0,0,0,0,0
1996,REST_X1,1996,3,9,0,0,0,0,0,0,0,0,0,0,0,0,0
1997,[X1_X14_GET_req],1997,3,10,0,0,0,0,0,0,0,0,0,0,0,0,1
1998,REST_X14,1998,3,10,0,0,0,0,0,0,0,0,0,0,0,0,2
1999,REST_X14,1999,3,10,0,0,0,0,0,0,0,0,0,0,0,0,5
2000,[X14_X6_GET_req],2000,3,10,0,0,0,0,1,0,0,0,0,0,0,0,6
2001,REST_X6,2001,3,10,0,0,0,0,2,0,0,0,0,0,0,0,6
2002,REST_X6,2002,3,10,0,0,0,0,5,0,0,0,0,0,0,0,6
2003,[X6_X5_GET_req],2003,3,10,0,0,0,1,6,0,0,0,0,0,0,0,6
2004,REST_X5,2004,3,10,0,0,0,2,6,0,0,0,0,0,0,0,6
2005,REST_X5,2005,3,10,0,0,0,3,6,0,0,0,0,0,0,0,6
2006,[X6_X5_GET_resp_2xx],2006,3,10,0,0,0,0,3,0,0,0,0,0,0,0,6
2007,[X14_X6_GET_resp_2xx],2007,3,10,0,0,0,0,0,0,0,0,0,0,0,0,3
2008,[X1_X14_GET_resp_2xx],2008,3,3,0,0,0,0,0,0,0,0,0,0,0,0,0
2009,[X0_X1_GET_resp_2xx],2009,0,0,0,0,0,0,0,0,0,0,0,0,0,0,0
2010,REST_X0,2010,2,0,0,0,0,0,0,0,0,0,0,0,0,0,0
2011,[X0_X1_GET_req],2011,3,1,0,0,0,0,0,0,0,0,0,0,0,0,0
2012,REST_X1,2012,3,2,0,0,0,0,0,0,0,0,0,0,0,0,0
2013,REST_X1,2013,3,5,0,0,0,0,0,0,0,0,0,0,0,0,0
2014,[X1_X8_GET_req],2014,3,6,0,0,0,0,0,0,1,0,0,0,0,0,0
2015,REST_X8,2015,3,6,0,0,0,0,0,0,2,0,0,0,0,0,0
2016,REST_X8,2016,3,6,0,0,0,0,0,0,5,0,0,0,0,0,0
2017,[X8_X12_GET_req],2017,3,6,0,0,0,0,0,0,6,0,0,0,1,0,0
2018,REST_X12,2018,3,6,0,0,0,0,0,0,6,0,0,0,2,0,0
2019,REST_X12,2019,3,6,0,0,0,0,0,0,6,0,0,0,9,0,0
2020,[X12_X13_GET_req],2020,3,6,0,0,0,0,0,0,6,0,0,0,10,1,0
2021,REST_X13,2021,3,6,0,0,0,0,0,0,6,0,0,0,10,2,0
2022,REST_X13,2022,3,6,0,0,0,0,0,0,6,0,0,0,10,5,0
2023,[X13_X4_GET_req],2023,3,6,0,0,1,0,0,0,6,0,0,0,10,6,0
2024,REST_X4,2024,3,6,0,0,2,0,0,0,6,0,0,0,10,6,0
2025,REST_X4,2025,3,6,0,0,5,0,0,0,6,0,0,0,10,6,0
2026,[X4_X2_GET_req],2026,3,6,1,0,6,0,0,0,6,0,0,0,10,6,0
2027,REST_X2,2027,3,6,2,0,6,0,0,0,6,0,0,0,10,6,0
2028,REST_X2,2028,3,6,3,0,6,0,0,0,6,0,0,0,10,6,0
2029,[X4_X2_GET_resp_2xx],2029,3,6,0,0,3,0,0,0,6,0,0,0,10,6,0
2030,[X13_X4_GET_resp_2xx],2030,3,6,0,0,0,0,0,0,6,0,0,0,10,3,0
2031,[X12_X13_GET_resp_2xx],2031,3,6,0,0,0,0,0,0,6,0,0,0,3,0,0
2032,[X8_X12_GET_resp_2xx],2032,3,6,0,0,0,0,0,0,3,0,0,0,0,0,0
2033,[X1_X8_GET_resp_2xx],2033,3,3,0,0,0,0,0,0,0,0,0,0,0,0,0
2034,[X0_X1_GET_resp_2xx],2034,0,0,0,0,0,0,0,0,0,0,0,0,0,0,0
2035,REST_X0,2035,2,0,0,0,0,0,0,0,0,0,0,0,0,0,0
2036,[X0_X1_GET_req],2036,3,1,0,0,0,0,0,0,0,0,0,0,0,0,0
2037,REST_X1,2037,3,2,0,0,0,0,0,0,0,0,0,0,0,0,0
2038,REST_X1,2038,3,9,0,0,0,0,0,0,0,0,0,0,0,0,0
2039,[X1_X14_GET_req],2039,3,10,0,0,0,0,0,0,0,0,0,0,0,0,1
2040,REST_X14,2040,3,10,0,0,0,0,0,0,0,0,0,0,0,0,2
2041,REST_X14,2041,3,10,0,0,0,0,0,0,0,0,0,0,0,0,5
2042,[X14_X6_GET_req],2042,3,10,0,0,0,0,1,0,0,0,0,0,0,0,6
2043,REST_X6,2043,3,10,0,0,0,0,2,0,0,0,0,0,0,0,6
2044,REST_X6,2044,3,10,0,0,0,0,5,0,0,0,0,0,0,0,6
2045,[X6_X5_GET_req],2045,3,10,0,0,0,1,6,0,0,0,0,0,0,0,6
2046,REST_X5,2046,3,10,0,0,0,2,6,0,0,0,0,0,0,0,6
2047,REST_X5,2047,3,10,0,0,0,3,6,0,0,0,0,0,0,0,6
2048,[X6_X5_GET_resp_2xx],2048,3,10,0,0,0,0,3,0,0,0,0,0,0,0,6
2049,[X14_X6_GET_resp_2xx],2049,3,10,0,0,0,0,0,0,0,0,0,0,0,0,3
2050,[X1_X14_GET_resp_2xx],2050,3,3,0,0,0,0,0,0,0,0,0,0,0,0,0
2051,[X0_X1_GET_resp_2xx],2051,0,0,0,0,0,0,0,0,0,0,0,0,0,0,0
2052,REST_X0,2052,2,0,0,0,0,0,0,0,0,0,0,0,0,0,0
2053,[X0_X1_GET_req],2053,3,1,0,0,0,0,0,0,0,0,0,0,0,0,0
2054,REST_X1,2054,3,2,0,0,0,0,0,0,0,0,0,0,0,0,0
2055,REST_X1,2055,3,5,0,0,0,0,0,0,0,0,0,0,0,0,0
2056,[X1_X8_GET_req],2056,3,6,0,0,0,0,0,0,1,0,0,0,0,0,0
2057,REST_X8,2057,3,6,0,0,0,0,0,0,2,0,0,0,0,0,0
2058,REST_X8,2058,3,6,0,0,0,0,0,0,5,0,0,0,0,0,0
2059,[X8_X12_GET_req],2059,3,6,0,0,0,0,0,0,6,0,0,0,1,0,0
2060,REST_X12,2060,3,6,0,0,0,0,0,0,6,0,0,0,2,0,0
2061,REST_X12,2061,3,6,0,0,0,0,0,0,6,0,0,0,5,0,0
2062,[X12_X3_GET_req],2062,3,6,0,1,0,0,0,0,6,0,0,0,6,0,0
2063,REST_X3,2063,3,6,0,2,0,0,0,0,6,0,0,0,6,0,0
2064,REST_X3,2064,3,6,0,5,0,0,0,0,6,0,0,0,6,0,0
2065,[X3_X9_GET_req],2065,3,6,0,6,0,0,0,0,6,1,0,0,6,0,0
2066,REST_X9,2066,3,6,0,6,0,0,0,0,6,2,0,0,6,0,0
2067,REST_X9,2067,3,6,0,6,0,0,0,0,6,3,0,0,6,0,0
2068,[X3_X9_GET_resp_2xx],2068,3,6,0,3,0,0,0,0,6,0,0,0,6,0,0
2069,[X12_X3_GET_resp_2xx],2069,3,6,0,0,0,0,0,0,6,0,0,0,3,0,0
2070,[X8_X12_GET_resp_2xx],2070,3,6,0,0,0,0,0,0,3,0,0,0,0,0,0
2071,[X1_X8_GET_resp_2xx],2071,3,3,0,0,0,0,0,0,0,0,0,0,0,0,0
2072,[X0_X1_GET_resp_2xx],2072,0,0,0,0,0,0,0,0,0,0,0,0,0,0,0
2073,REST_X0,2073,2,0,0,0,0,0,0,0,0,0,0,0,0,0,0
2074,[X0_X1_GET_req],2074,3,1,0,0,0,0,0,0,0,0,0,0,0,0,0
2075,REST_X1,2075,3,2,0,0,0,0,0,0,0,0,0,0,0,0,0
2076,REST_X1,2076,3,9,0,0,0,0,0,0,0,0,0,0,0,0,0
2077,[X1_X14_GET_req],2077,3,10,0,0,0,0,0,0,0,0,0,0,0,0,1
2078,REST_X14,2078,3,10,0,0,0,0,0,0,0,0,0,0,0,0,2
2079,REST_X14,2079,3,10,0,0,0,0,0,0,0,0,0,0,0,0,5
2080,[X14_X6_GET_req],2080,3,10,0,0,0,0,1,0,0,0,0,0,0,0,6
2081,REST_X6,2081,3,10,0,0,0,0,2,0,0,0,0,0,0,0,6
2082,REST_X6,2082,3,10,0,0,0,0,5,0,0,0,0,0,0,0,6
2083,[X6_X5_GET_req],2083,3,10,0,0,0,1,6,0,0,0,0,0,0,0,6
2084,REST_X5,2084,3,10,0,0,0,2,6,0,0,0,0,0,0,0,6
2085,REST_X5,2085,3,10,0,0,0,4,6,0,0,0,0,0,0,0,6
2086,[X6_X5_GET_resp_5xx],2086,3,10,0,0,0,0,7,0,0,0,0,0,0,0,6
2087,[X6_X5_GET_req],2087,3,10,0,0,0,1,8,0,0,0,0,0,0,0,6
2088,REST_X5,2088,3,10,0,0,0,2,8,0,0,0,0,0,0,0,6
2089,REST_X5,2089,3,10,0,0,0,3,8,0,0,0,0,0,0,0,6
2090,[X6_X5_GET_resp_2xx],2090,3,10,0,0,0,0,3,0,0,0,0,0,0,0,6
2091,[X14_X6_GET_resp_2xx],2091,3,10,0,0,0,0,0,0,0,0,0,0,0,0,3
2092,[X1_X14_GET_resp_2xx],2092,3,3,0,0,0,0,0,0,0,0,0,0,0,0,0
2093,[X0_X1_GET_resp_2xx],2093,0,0,0,0,0,0,0,0,0,0,0,0,0,0,0
2094,REST_X0,2094,2,0,0,0,0,0,0,0,0,0,0,0,0,0,0
2095,[X0_X1_GET_req],2095,3,1,0,0,0,0,0,0,0,0,0,0,0,0,0
2096,REST_X1,2096,3,2,0,0,0,0,0,0,0,0,0,0,0,0,0
2097,REST_X1,2097,3,5,0,0,0,0,0,0,0,0,0,0,0,0,0
2098,[X1_X8_GET_req],2098,3,6,0,0,0,0,0,0,1,0,0,0,0,0,0
2099,REST_X8,2099,3,6,0,0,0,0,0,0,2,0,0,0,0,0,0
2100,REST_X8,2100,3,6,0,0,0,0,0,0,5,0,0,0,0,0,0
2101,[X8_X12_GET_req],2101,3,6,0,0,0,0,0,0,6,0,0,0,1,0,0
2102,REST_X12,2102,3,6,0,0,0,0,0,0,6,0,0,0,2,0,0
2103,REST_X12,2103,3,6,0,0,0,0,0,0,6,0,0,0,5,0,0
2104,[X12_X3_GET_req],2104,3,6,0,1,0,0,0,0,6,0,0,0,6,0,0
2105,REST_X3,2105,3,6,0,2,0,0,0,0,6,0,0,0,6,0,0
2106,REST_X3,2106,3,6,0,5,0,0,0,0,6,0,0,0,6,0,0
2107,[X3_X9_GET_req],2107,3,6,0,6,0,0,0,0,6,1,0,0,6,0,0
2108,REST_X9,2108,3,6,0,6,0,0,0,0,6,2,0,0,6,0,0
2109,REST_X9,2109,3,6,0,6,0,0,0,0,6,3,0,0,6,0,0
2110,[X3_X9_GET_resp_2xx],2110,3,6,0,3,0,0,0,0,6,0,0,0,6,0,0
2111,[X12_X3_GET_resp_2xx],2111,3,6,0,0,0,0,0,0,6,0,0,0,3,0,0
2112,[X8_X12_GET_resp_2xx],2112,3,6,0,0,0,0,0,0,3,0,0,0,0,0,0
2113,[X1_X8_GET_resp_2xx],2113,3,3,0,0,0,0,0,0,0,0,0,0,0,0,0
2114,[X0_X1_GET_resp_2xx],2114,0,0,0,0,0,0,0,0,0,0,0,0,0,0,0
2115,REST_X0,2115,2,0,0,0,0,0,0,0,0,0,0,0,0,0,0
2116,[X0_X1_GET_req],2116,3,1,0,0,0,0,0,0,0,0,0,0,0,0,0
2117,REST_X1,2117,3,2,0,0,0,0,0,0,0,0,0,0,0,0,0
2118,REST_X1,2118,3,9,0,0,0,0,0,0,0,0,0,0,0,0,0
2119,[X1_X14_GET_req],2119,3,10,0,0,0,0,0,0,0,0,0,0,0,0,1
2120,REST_X14,2120,3,10,0,0,0,0,0,0,0,0,0,0,0,0,2
2121,REST_X14,2121,3,10,0,0,0,0,0,0,0,0,0,0,0,0,5
2122,[X14_X6_GET_req],2122,3,10,0,0,0,0,1,0,0,0,0,0,0,0,6
2123,REST_X6,2123,3,10,0,0,0,0,2,0,0,0,0,0,0,0,6
2124,REST_X6,2124,3,10,0,0,0,0,5,0,0,0,0,0,0,0,6
2125,[X6_X5_GET_req],2125,3,10,0,0,0,1,6,0,0,0,0,0,0,0,6
2126,REST_X5,2126,3,10,0,0,0,2,6,0,0,0,0,0,0,0,6
2127,REST_X5,2127,3,10,0,0,0,3,6,0,0,0,0,0,0,0,6
2128,[X6_X5_GET_resp_2xx],2128,3,10,0,0,0,0,3,0,0,0,0,0,0,0,6
2129,[X14_X6_GET_resp_2xx],2129,3,10,0,0,0,0,0,0,0,0,0,0,0,0,3
2130,[X1_X14_GET_resp_2xx],2130,3,3,0,0,0,0,0,0,0,0,0,0,0,0,0
2131,[X0_X1_GET_resp_2xx],2131,0,0,0,0,0,0,0,0,0,0,0,0,0,0,0
2132,REST_X0,2132,2,0,0,0,0,0,0,0,0,0,0,0,0,0,0
2133,[X0_X1_GET_req],2133,3,1,0,0,0,0,0,0,0,0,0,0,0,0,0
2134,REST_X1,2134,3,2,0,0,0,0,0,0,0,0,0,0,0,0,0
2135,REST_X1,2135,3,9,0,0,0,0,0,0,0,0,0,0,0,0,0
2136,[X1_X14_GET_req],2136,3,10,0,0,0,0,0,0,0,0,0,0,0,0,1
2137,REST_X14,2137,3,10,0,0,0,0,0,0,0,0,0,0,0,0,2
2138,REST_X14,2138,3,10,0,0,0,0,0,0,0,0,0,0,0,0,5
2139,[X14_X6_GET_req],2139,3,10,0,0,0,0,1,0,0,0,0,0,0,0,6
2140,REST_X6,2140,3,10,0,0,0,0,2,0,0,0,0,0,0,0,6
2141,REST_X6,2141,3,10,0,0,0,0,5,0,0,0,0,0,0,0,6
2142,[X6_X5_GET_req],2142,3,10,0,0,0,1,6,0,0,0,0,0,0,0,6
2143,REST_X5,2143,3,10,0,0,0,2,6,0,0,0,0,0,0,0,6
2144,REST_X5,2144,3,10,0,0,0,3,6,0,0,0,0,0,0,0,6
2145,[X6_X5_GET_resp_2xx],2145,3,10,0,0,0,0,3,0,0,0,0,0,0,0,6
2146,[X14_X6_GET_resp_2xx],2146,3,10,0,0,0,0,0,0,0,0,0,0,0,0,3
2147,[X1_X14_GET_resp_2xx],2147,3,3,0,0,0,0,0,0,0,0,0,0,0,0,0
2148,[X0_X1_GET_resp_2xx],2148,0,0,0,0,0,0,0,0,0,0,0,0,0,0,0
2149,REST_X0,2149,2,0,0,0,0,0,0,0,0,0,0,0,0,0,0
2150,[X0_X1_GET_req],2150,3,1,0,0,0,0,0,0,0,0,0,0,0,0,0
2151,REST_X1,2151,3,2,0,0,0,0,0,0,0,0,0,0,0,0,0
2152,REST_X1,2152,3,9,0,0,0,0,0,0,0,0,0,0,0,0,0
2153,[X1_X14_GET_req],2153,3,10,0,0,0,0,0,0,0,0,0,0,0,0,1
2154,REST_X14,2154,3,10,0,0,0,0,0,0,0,0,0,0,0,0,2
2155,REST_X14,2155,3,10,0,0,0,0,0,0,0,0,0,0,0,0,5
2156,[X14_X6_GET_req],2156,3,10,0,0,0,0,1,0,0,0,0,0,0,0,6
2157,REST_X6,2157,3,10,0,0,0,0,2,0,0,0,0,0,0,0,6
2158,REST_X6,2158,3,10,0,0,0,0,5,0,0,0,0,0,0,0,6
2159,[X6_X5_GET_req],2159,3,10,0,0,0,1,6,0,0,0,0,0,0,0,6
2160,REST_X5,2160,3,10,0,0,0,2,6,0,0,0,0,0,0,0,6
2161,REST_X5,2161,3,10,0,0,0,4,6,0,0,0,0,0,0,0,6
2162,[X6_X5_GET_resp_5xx],2162,3,10,0,0,0,0,7,0,0,0,0,0,0,0,6
2163,[X6_X5_GET_req],2163,3,10,0,0,0,1,8,0,0,0,0,0,0,0,6
2164,REST_X5,2164,3,10,0,0,0,2,8,0,0,0,0,0,0,0,6
2165,REST_X5,2165,3,10,0,0,0,3,8,0,0,0,0,0,0,0,6
2166,[X6_X5_GET_resp_2xx],2166,3,10,0,0,0,0,3,0,0,0,0,0,0,0,6
2167,[X14_X6_GET_resp_2xx],2167,3,10,0,0,0,0,0,0,0,0,0,0,0,0,3
2168,[X1_X14_GET_resp_2xx],2168,3,3,0,0,0,0,0,0,0,0,0,0,0,0,0
2169,[X0_X1_GET_resp_2xx],2169,0,0,0,0,0,0,0,0,0,0,0,0,0,0,0
2170,REST_X0,2170,2,0,0,0,0,0,0,0,0,0,0,0,0,0,0
2171,[X0_X1_GET_req],2171,3,1,0,0,0,0,0,0,0,0,0,0,0,0,0
2172,REST_X1,2172,3,2,0,0,0,0,0,0,0,0,0,0,0,0,0
2173,REST_X1,2173,3,5,0,0,0,0,0,0,0,0,0,0,0,0,0
2174,[X1_X8_GET_req],2174,3,6,0,0,0,0,0,0,1,0,0,0,0,0,0
2175,REST_X8,2175,3,6,0,0,0,0,0,0,2,0,0,0,0,0,0
2176,REST_X8,2176,3,6,0,0,0,0,0,0,5,0,0,0,0,0,0
2177,[X8_X12_GET_req],2177,3,6,0,0,0,0,0,0,6,0,0,0,1,0,0
2178,REST_X12,2178,3,6,0,0,0,0,0,0,6,0,0,0,2,0,0
2179,REST_X12,2179,3,6,0,0,0,0,0,0,6,0,0,0,9,0,0
2180,[X12_X13_GET_req],2180,3,6,0,0,0,0,0,0,6,0,0,0,10,1,0
2181,REST_X13,2181,3,6,0,0,0,0,0,0,6,0,0,0,10,2,0
2182,REST_X13,2182,3,6,0,0,0,0,0,0,6,0,0,0,10,5,0
2183,[X13_X4_GET_req],2183,3,6,0,0,1,0,0,0,6,0,0,0,10,6,0
2184,REST_X4,2184,3,6,0,0,2,0,0,0,6,0,0,0,10,6,0
2185,REST_X4,2185,3,6,0,0,9,0,0,0,6,0,0,0,10,6,0
2186,[X4_X7_GET_req],2186,3,6,0,0,10,0,0,1,6,0,0,0,10,6,0
2187,REST_X7,2187,3,6,0,0,10,0,0,2,6,0,0,0,10,6,0
2188,REST_X7,2188,3,6,0,0,10,0,0,5,6,0,0,0,10,6,0
2189,[X7_X10_GET_req],2189,3,6,0,0,10,0,0,6,6,0,1,0,10,6,0
2190,REST_X10,2190,3,6,0,0,10,0,0,6,6,0,2,0,10,6,0
2191,REST_X10,2191,3,6,0,0,10,0,0,6,6,0,3,0,10,6,0
2192,[X7_X10_GET_resp_2xx],2192,3,6,0,0,10,0,0,3,6,0,0,0,10,6,0
2193,[X4_X7_GET_resp_2xx],2193,3,6,0,0,3,0,0,0,6,0,0,0,10,6,0
2194,[X13_X4_GET_resp_2xx],2194,3,6,0,0,0,0,0,0,6,0,0,0,10,3,0
2195,[X12_X13_GET_resp_2xx],2195,3,6,0,0,0,0,0,0,6,0,0,0,3,0,0
2196,[X8_X12_GET_resp_2xx],2196,3,6,0,0,0,0,0,0,3,0,0,0,0,0,0
2197,[X1_X8_GET_resp_2xx],2197,3,3,0,0,0,0,0,0,0,0,0,0,0,0,0
2198,[X0_X1_GET_resp_2xx],2198,0,0,0,0,0,0,0,0,0,0,0,0,0,0,0
2199,REST_X0,2199,2,0,0,0,0,0,0,0,0,0,0,0,0,0,0
2200,[X0_X1_GET_req],2200,3,1,0,0,0,0,0,0,0,0,0,0,0,0,0
2201,REST_X1,2201,3,2,0,0,0,0,0,0,0,0,0,0,0,0,0
2202,REST_X1,2202,3,9,0,0,0,0,0,0,0,0,0,0,0,0,0
2203,[X1_X14_GET_req],2203,3,10,0,0,0,0,0,0,0,0,0,0,0,0,1
2204,REST_X14,2204,3,10,0,0,0,0,0,0,0,0,0,0,0,0,2
2205,REST_X14,2205,3,10,0,0,0,0,0,0,0,0,0,0,0,0,5
2206,[X14_X6_GET_req],2206,3,10,0,0,0,0,1,0,0,0,0,0,0,0,6
2207,REST_X6,2207,3,10,0,0,0,0,2,0,0,0,0,0,0,0,6
2208,REST_X6,2208,3,10,0,0,0,0,5,0,0,0,0,0,0,0,6
2209,[X6_X5_GET_req],2209,3,10,0,0,0,1,6,0,0,0,0,0,0,0,6
2210,REST_X5,2210,3,10,0,0,0,2,6,0,0,0,0,0,0,0,6
2211,REST_X5,2211,3,10,0,0,0,3,6,0,0,0,0,0,0,0,6
2212,[X6_X5_GET_resp_2xx],2212,3,10,0,0,0,0,3,0,0,0,0,0,0,0,6
2213,[X14_X6_GET_resp_2xx],2213,3,10,0,0,0,0,0,0,0,0,0,0,0,0,3
2214,[X1_X14_GET_resp_2xx],2214,3,3,0,0,0,0,0,0,0,0,0,0,0,0,0
2215,[X0_X1_GET_resp_2xx],2215,0,0,0,0,0,0,0,0,0,0,0,0,0,0,0
2216,REST_X0,2216,2,0,0,0,0,0,0,0,0,0,0,0,0,0,0
2217,[X0_X1_GET_req],2217,3,1,0,0,0,0,0,0,0,0,0,0,0,0,0
2218,REST_X1,2218,3,2,0,0,0,0,0,0,0,0,0,0,0,0,0
2219,REST_X1,2219,3,9,0,0,0,0,0,0,0,0,0,0,0,0,0
2220,[X1_X14_GET_req],2220,3,10,0,0,0,0,0,0,0,0,0,0,0,0,1
2221,REST_X14,2221,3,10,0,0,0,0,0,0,0,0,0,0,0,0,2
2222,REST_X14,2222,3,10,0,0,0,0,0,0,0,0,0,0,0,0,5
2223,[X14_X6_GET_req],2223,3,10,0,0,0,0,1,0,0,0,0,0,0,0,6
2224,REST_X6,2224,3,10,0,0,0,0,2,0,0,0,0,0,0,0,6
2225,REST_X6,2225,3,10,0,0,0,0,5,0,0,0,0,0,0,0,6
2226,[X6_X5_GET_req],2226,3,10,0,0,0,1,6,0,0,0,0,0,0,0,6
2227,REST_X5,2227,3,10,0,0,0,2,6,0,0,0,0,0,0,0,6
2228,REST_X5,2228,3,10,0,0,0,3,6,0,0,0,0,0,0,0,6
2229,[X6_X5_GET_resp_2xx],2229,3,10,0,0,0,0,3,0,0,0,0,0,0,0,6
2230,[X14_X6_GET_resp_2xx],2230,3,10,0,0,0,0,0,0,0,0,0,0,0,0,3
2231,[X1_X14_GET_resp_2xx],2231,3,3,0,0,0,0,0,0,0,0,0,0,0,0,0
2232,[X0_X1_GET_resp_2xx],2232,0,0,0,0,0,0,0,0,0,0,0,0,0,0,0
2233,REST_X0,2233,2,0,0,0,0,0,0,0,0,0,0,0,0,0,0
2234,[X0_X1_GET_req],2234,3,1,0,0,0,0,0,0,0,0,0,0,0,0,0
2235,REST_X1,2235,3,2,0,0,0,0,0,0,0,0,0,0,0,0,0
2236,REST_X1,2236,3,9,0,0,0,0,0,0,0,0,0,0,0,0,0
2237,[X1_X14_GET_req],2237,3,10,0,0,0,0,0,0,0,0,0,0,0,0,1
2238,REST_X14,2238,3,10,0,0,0,0,0,0,0,0,0,0,0,0,2
2239,REST_X14,2239,3,10,0,0,0,0,0,0,0,0,0,0,0,0,5
2240,[X14_X6_GET_req],2240,3,10,0,0,0,0,1,0,0,0,0,0,0,0,6
2241,REST_X6,2241,3,10,0,0,0,0,2,0,0,0,0,0,0,0,6
2242,REST_X6,2242,3,10,0,0,0,0,5,0,0,0,0,0,0,0,6
2243,[X6_X5_GET_req],2243,3,10,0,0,0,1,6,0,0,0,0,0,0,0,6
2244,REST_X5,2244,3,10,0,0,0,2,6,0,0,0,0,0,0,0,6
2245,REST_X5,2245,3,10,0,0,0,3,6,0,0,0,0,0,0,0,6
2246,[X6_X5_GET_resp_2xx],2246,3,10,0,0,0,0,3,0,0,0,0,0,0,0,6
2247,[X14_X6_GET_resp_2xx],2247,3,10,0,0,0,0,0,0,0,0,0,0,0,0,3
2248,[X1_X14_GET_resp_2xx],2248,3,3,0,0,0,0,0,0,0,0,0,0,0,0,0
2249,[X0_X1_GET_resp_2xx],2249,0,0,0,0,0,0,0,0,0,0,0,0,0,0,0
2250,REST_X0,2250,2,0,0,0,0,0,0,0,0,0,0,0,0,0,0
2251,[X0_X1_GET_req],2251,3,1,0,0,0,0,0,0,0,0,0,0,0,0,0
2252,REST_X1,2252,3,2,0,0,0,0,0,0,0,0,0,0,0,0,0
2253,REST_X1,2253,3,9,0,0,0,0,0,0,0,0,0,0,0,0,0
2254,[X1_X14_GET_req],2254,3,10,0,0,0,0,0,0,0,0,0,0,0,0,1
2255,REST_X14,2255,3,10,0,0,0,0,0,0,0,0,0,0,0,0,2
2256,REST_X14,2256,3,10,0,0,0,0,0,0,0,0,0,0,0,0,5
2257,[X14_X6_GET_req],2257,3,10,0,0,0,0,1,0,0,0,0,0,0,0,6
2258,REST_X6,2258,3,10,0,0,0,0,2,0,0,0,0,0,0,0,6
2259,REST_X6,2259,3,10,0,0,0,0,5,0,0,0,0,0,0,0,6
2260,[X6_X5_GET_req],2260,3,10,0,0,0,1,6,0,0,0,0,0,0,0,6
2261,REST_X5,2261,3,10,0,0,0,2,6,0,0,0,0,0,0,0,6
2262,REST_X5,2262,3,10,0,0,0,3,6,0,0,0,0,0,0,0,6
2263,[X6_X5_GET_resp_2xx],2263,3,10,0,0,0,0,3,0,0,0,0,0,0,0,6
2264,[X14_X6_GET_resp_2xx],2264,3,10,0,0,0,0,0,0,0,0,0,0,0,0,3
2265,[X1_X14_GET_resp_2xx],2265,3,3,0,0,0,0,0,0,0,0,0,0,0,0,0
2266,[X0_X1_GET_resp_2xx],2266,0,0,0,0,0,0,0,0,0,0,0,0,0,0,0
2267,REST_X0,2267,2,0,0,0,0,0,0,0,0,0,0,0,0,0,0
2268,[X0_X1_GET_req],2268,3,1,0,0,0,0,0,0,0,0,0,0,0,0,0
2269,REST_X1,2269,3,2,0,0,0,0,0,0,0,0,0,0,0,0,0
2270,REST_X1,2270,3,5,0,0,0,0,0,0,0,0,0,0,0,0,0
2271,[X1_X8_GET_req],2271,3,6,0,0,0,0,0,0,1,0,0,0,0,0,0
2272,REST_X8,2272,3,6,0,0,0,0,0,0,2,0,0,0,0,0,0
2273,REST_X8,2273,3,6,0,0,0,0,0,0,5,0,0,0,0,0,0
2274,[X8_X12_GET_req],2274,3,6,0,0,0,0,0,0,6,0,0,0,1,0,0
2275,REST_X12,2275,3,6,0,0,0,0,0,0,6,0,0,0,2,0,0
2276,REST_X12,2276,3,6,0,0,0,0,0,0,6,0,0,0,5,0,0
2277,[X12_X3_GET_req],2277,3,6,0,1,0,0,0,0,6,0,0,0,6,0,0
2278,REST_X3,2278,3,6,0,2,0,0,0,0,6,0,0,0,6,0,0
2279,REST_X3,2279,3,6,0,5,0,0,0,0,6,0,0,0,6,0,0
2280,[X3_X9_GET_req],2280,3,6,0,6,0,0,0,0,6,1,0,0,6,0,0
2281,REST_X9,2281,3,6,0,6,0,0,0,0,6,2,0,0,6,0,0
2282,REST_X9,2282,3,6,0,6,0,0,0,0,6,3,0,0,6,0,0
2283,[X3_X9_GET_resp_2xx],2283,3,6,0,3,0,0,0,0,6,0,0,0,6,0,0
2284,[X12_X3_GET_resp_2xx],2284,3,6,0,0,0,0,0,0,6,0,0,0,3,0,0
2285,[X8_X12_GET_resp_2xx],2285,3,6,0,0,0,0,0,0,3,0,0,0,0,0,0
2286,[X1_X8_GET_resp_2xx],2286,3,3,0,0,0,0,0,0,0,0,0,0,0,0,0
2287,[X0_X1_GET_resp_2xx],2287,0,0,0,0,0,0,0,0,0,0,0,0,0,0,0
2288,REST_X0,2288,2,0,0,0,0,0,0,0,0,0,0,0,0,0,0
2289,[X0_X1_GET_req],2289,3,1,0,0,0,0,0,0,0,0,0,0,0,0,0
2290,REST_X1,2290,3,2,0,0,0,0,0,0,0,0,0,0,0,0,0
2291,REST_X1,2291,3,5,0,0,0,0,0,0,0,0,0,0,0,0,0
2292,[X1_X8_GET_req],2292,3,6,0,0,0,0,0,0,1,0,0,0,0,0,0
2293,REST_X8,2293,3,6,0,0,0,0,0,0,2,0,0,0,0,0,0
2294,REST_X8,2294,3,6,0,0,0,0,0,0,5,0,0,0,0,0,0
2295,[X8_X12_GET_req],2295,3,6,0,0,0,0,0,0,6,0,0,0,1,0,0
2296,REST_X12,2296,3,6,0,0,0,0,0,0,6,0,0,0,2,0,0
2297,REST_X12,2297,3,6,0,0,0,0,0,0,6,0,0,0,9,0,0
2298,[X12_X13_GET_req],2298,3,6,0,0,0,0,0,0,6,0,0,0,10,1,0
2299,REST_X13,2299,3,6,0,0,0,0,0,0,6,0,0,0,10,2,0
2300,REST_X13,2300,3,6,0,0,0,0,0,0,6,0,0,0,10,5,0
2301,[X13_X4_GET_req],2301,3,6,0,0,1,0,0,0,6,0,0,0,10,6,0
2302,REST_X4,2302,3,6,0,0,2,0,0,0,6,0,0,0,10,6,0
2303,REST_X4,2303,3,6,0,0,13,0,0,0,6,0,0,0,10,6,0
2304,[X4_X11_GET_req],2304,3,6,0,0,14,0,0,0,6,0,0,1,10,6,0
2305,REST_X11,2305,3,6,0,0,14,0,0,0,6,0,0,2,10,6,0
2306,REST_X11,2306,3,6,0,0,14,0,0,0,6,0,0,3,10,6,0
2307,[X4_X11_GET_resp_2xx],2307,3,6,0,0,3,0,0,0,6,0,0,0,10,6,0
2308,[X13_X4_GET_resp_2xx],2308,3,6,0,0,0,0,0,0,6,0,0,0,10,3,0
2309,[X12_X13_GET_resp_2xx],2309,3,6,0,0,0,0,0,0,6,0,0,0,3,0,0
2310,[X8_X12_GET_resp_2xx],2310,3,6,0,0,0,0,0,0,3,0,0,0,0,0,0
2311,[X1_X8_GET_resp_2xx],2311,3,3,0,0,0,0,0,0,0,0,0,0,0,0,0
2312,[X0_X1_GET_resp_2xx],2312,0,0,0,0,0,0,0,0,0,0,0,0,0,0,0
2313,REST_X0,2313,2,0,0,0,0,0,0,0,0,0,0,0,0,0,0
2314,[X0_X1_GET_req],2314,3,1,0,0,0,0,0,0,0,0,0,0,0,0,0
2315,REST_X1,2315,3,2,0,0,0,0,0,0,0,0,0,0,0,0,0
2316,REST_X1,2316,3,9,0,0,0,0,0,0,0,0,0,0,0,0,0
2317,[X1_X14_GET_req],2317,3,10,0,0,0,0,0,0,0,0,0,0,0,0,1
2318,REST_X14,2318,3,10,0,0,0,0,0,0,0,0,0,0,0,0,2
2319,REST_X14,2319,3,10,0,0,0,0,0,0,0,0,0,0,0,0,5
2320,[X14_X6_GET_req],2320,3,10,0,0,0,0,1,0,0,0,0,0,0,0,6
2321,REST_X6,2321,3,10,0,0,0,0,2,0,0,0,0,0,0,0,6
2322,REST_X6,2322,3,10,0,0,0,0,5,0,0,0,0,0,0,0,6
2323,[X6_X5_GET_req],2323,3,10,0,0,0,1,6,0,0,0,0,0,0,0,6
2324,REST_X5,2324,3,10,0,0,0,2,6,0,0,0,0,0,0,0,6
2325,REST_X5,2325,3,10,0,0,0,3,6,0,0,0,0,0,0,0,6
2326,[X6_X5_GET_resp_2xx],2326,3,10,0,0,0,0,3,0,0,0,0,0,0,0,6
2327,[X14_X6_GET_resp_2xx],2327,3,10,0,0,0,0,0,0,0,0,0,0,0,0,3
2328,[X1_X14_GET_resp_2xx],2328,3,3,0,0,0,0,0,0,0,0,0,0,0,0,0
2329,[X0_X1_GET_resp_2xx],2329,0,0,0,0,0,0,0,0,0,0,0,0,0,0,0
2330,REST_X0,2330,2,0,0,0,0,0,0,0,0,0,0,0,0,0,0
2331,[X0_X1_GET_req],2331,3,1,0,0,0,0,0,0,0,0,0,0,0,0,0
2332,REST_X1,2332,3,2,0,0,0,0,0,0,0,0,0,0,0,0,0
2333,REST_X1,2333,3,9,0,0,0,0,0,0,0,0,0,0,0,0,0
2334,[X1_X14_GET_req],2334,3,10,0,0,0,0,0,0,0,0,0,0,0,0,1
2335,REST_X14,2335,3,10,0,0,0,0,0,0,0,0,0,0,0,0,2
2336,REST_X14,2336,3,10,0,0,0,0,0,0,0,0,0,0,0,0,5
2337,[X14_X6_GET_req],2337,3,10,0,0,0,0,1,0,0,0,0,0,0,0,6
2338,REST_X6,2338,3,10,0,0,0,0,2,0,0,0,0,0,0,0,6
2339,REST_X6,2339,3,10,0,0,0,0,5,0,0,0,0,0,0,0,6
2340,[X6_X5_GET_req],2340,3,10,0,0,0,1,6,0,0,0,0,0,0,0,6
2341,REST_X5,2341,3,10,0,0,0,2,6,0,0,0,0,0,0,0,6
2342,REST_X5,2342,3,10,0,0,0,3,6,0,0,0,0,0,0,0,6
2343,[X6_X5_GET_resp_2xx],2343,3,10,0,0,0,0,3,0,0,0,0,0,0,0,6
2344,[X14_X6_GET_resp_2xx],2344,3,10,0,0,0,0,0,0,0,0,0,0,0,0,3
2345,[X1_X14_GET_resp_2xx],2345,3,3,0,0,0,0,0,0,0,0,0,0,0,0,0
2346,[X0_X1_GET_resp_2xx],2346,0,0,0,0,0,0,0,0,0,0,0,0,0,0,0
2347,REST_X0,2347,2,0,0,0,0,0,0,0,0,0,0,0,0,0,0
2348,[X0_X1_GET_req],2348,3,1,0,0,0,0,0,0,0,0,0,0,0,0,0
2349,REST_X1,2349,3,2,0,0,0,0,0,0,0,0,0,0,0,0,0
2350,REST_X1,2350,3,5,0,0,0,0,0,0,0,0,0,0,0,0,0
2351,[X1_X8_GET_req],2351,3,6,0,0,0,0,0,0,1,0,0,0,0,0,0
2352,REST_X8,2352,3,6,0,0,0,0,0,0,2,0,0,0,0,0,0
2353,REST_X8,2353,3,6,0,0,0,0,0,0,5,0,0,0,0,0,0
2354,[X8_X12_GET_req],2354,3,6,0,0,0,0,0,0,6,0,0,0,1,0,0
2355,REST_X12,2355,3,6,0,0,0,0,0,0,6,0,0,0,2,0,0
2356,REST_X12,2356,3,6,0,0,0,0,0,0,6,0,0,0,5,0,0
2357,[X12_X3_GET_req],2357,3,6,0,1,0,0,0,0,6,0,0,0,6,0,0
2358,REST_X3,2358,3,6,0,2,0,0,0,0,6,0,0,0,6,0,0
2359,REST_X3,2359,3,6,0,5,0,0,0,0,6,0,0,0,6,0,0
2360,[X3_X9_GET_req],2360,3,6,0,6,0,0,0,0,6,1,0,0,6,0,0
2361,REST_X9,2361,3,6,0,6,0,0,0,0,6,2,0,0,6,0,0
2362,REST_X9,2362,3,6,0,6,0,0,0,0,6,3,0,0,6,0,0
2363,[X3_X9_GET_resp_2xx],2363,3,6,0,3,0,0,0,0,6,0,0,0,6,0,0
2364,[X12_X3_GET_resp_2xx],2364,3,6,0,0,0,0,0,0,6,0,0,0,3,0,0
2365,[X8_X12_GET_resp_2xx],2365,3,6,0,0,0,0,0,0,3,0,0,0,0,0,0
2366,[X1_X8_GET_resp_2xx],2366,3,3,0,0,0,0,0,0,0,0,0,0,0,0,0
2367,[X0_X1_GET_resp_2xx],2367,0,0,0,0,0,0,0,0,0,0,0,0,0,0,0
2368,REST_X0,2368,2,0,0,0,0,0,0,0,0,0,0,0,0,0,0
2369,[X0_X1_GET_req],2369,3,1,0,0,0,0,0,0,0,0,0,0,0,0,0
2370,REST_X1,2370,3,2,0,0,0,0,0,0,0,0,0,0,0,0,0
2371,REST_X1,2371,3,9,0,0,0,0,0,0,0,0,0,0,0,0,0
2372,[X1_X14_GET_req],2372,3,10,0,0,0,0,0,0,0,0,0,0,0,0,1
2373,REST_X14,2373,3,10,0,0,0,0,0,0,0,0,0,0,0,0,2
2374,REST_X14,2374,3,10,0,0,0,0,0,0,0,0,0,0,0,0,5
2375,[X14_X6_GET_req],2375,3,10,0,0,0,0,1,0,0,0,0,0,0,0,6
2376,REST_X6,2376,3,10,0,0,0,0,2,0,0,0,0,0,0,0,6
2377,REST_X6,2377,3,10,0,0,0,0,5,0,0,0,0,0,0,0,6
2378,[X6_X5_GET_req],2378,3,10,0,0,0,1,6,0,0,0,0,0,0,0,6
2379,REST_X5,2379,3,10,0,0,0,2,6,0,0,0,0,0,0,0,6
2380,REST_X5,2380,3,10,0,0,0,3,6,0,0,0,0,0,0,0,6
2381,[X6_X5_GET_resp_2xx],2381,3,10,0,0,0,0,3,0,0,0,0,0,0,0,6
2382,[X14_X6_GET_resp_2xx],2382,3,10,0,0,0,0,0,0,0,0,0,0,0,0,3
2383,[X1_X14_GET_resp_2xx],2383,3,3,0,0,0,0,0,0,0,0,0,0,0,0,0
2384,[X0_X1_GET_resp_2xx],2384,0,0,0,0,0,0,0,0,0,0,0,0,0,0,0
2385,REST_X0,2385,2,0,0,0,0,0,0,0,0,0,0,0,0,0,0
2386,[X0_X1_GET_req],2386,3,1,0,0,0,0,0,0,0,0,0,0,0,0,0
2387,REST_X1,2387,3,2,0,0,0,0,0,0,0,0,0,0,0,0,0
2388,REST_X1,2388,3,9,0,0,0,0,0,0,0,0,0,0,0,0,0
2389,[X1_X14_GET_req],2389,3,10,0,0,0,0,0,0,0,0,0,0,0,0,1
2390,REST_X14,2390,3,10,0,0,0,0,0,0,0,0,0,0,0,0,2
2391,REST_X14,2391,3,10,0,0,0,0,0,0,0,0,0,0,0,0,5
2392,[X14_X6_GET_req],2392,3,10,0,0,0,0,1,0,0,0,0,0,0,0,6
2393,REST_X6,2393,3,10,0,0,0,0,2,0,0,0,0,0,0,0,6
2394,REST_X6,2394,3,10,0,0,0,0,5,0,0,0,0,0,0,0,6
2395,[X6_X5_GET_req],2395,3,10,0,0,0,1,6,0,0,0,0,0,0,0,6
2396,REST_X5,2396,3,10,0,0,0,2,6,0,0,0,0,0,0,0,6
2397,REST_X5,2397,3,10,0,0,0,3,6,0,0,0,0,0,0,0,6
2398,[X6_X5_GET_resp_2xx],2398,3,10,0,0,0,0,3,0,0,0,0,0,0,0,6
2399,[X14_X6_GET_resp_2xx],2399,3,10,0,0,0,0,0,0,0,0,0,0,0,0,3
2400,[X1_X14_GET_resp_2xx],2400,3,3,0,0,0,0,0,0,0,0,0,0,0,0,0
2401,[X0_X1_GET_resp_2xx],2401,0,0,0,0,0,0,0,0,0,0,0,0,0,0,0
2402,REST_X0,2402,2,0,0,0,0,0,0,0,0,0,0,0,0,0,0
2403,[X0_X1_GET_req],2403,3,1,0,0,0,0,0,0,0,0,0,0,0,0,0
2404,REST_X1,2404,3,2,0,0,0,0,0,0,0,0,0,0,0,0,0
2405,REST_X1,2405,3,9,0,0,0,0,0,0,0,0,0,0,0,0,0
2406,[X1_X14_GET_req],2406,3,10,0,0,0,0,0,0,0,0,0,0,0,0,1
2407,REST_X14,2407,3,10,0,0,0,0,0,0,0,0,0,0,0,0,2
2408,REST_X14,2408,3,10,0,0,0,0,0,0,0,0,0,0,0,0,5
2409,[X14_X6_GET_req],2409,3,10,0,0,0,0,1,0,0,0,0,0,0,0,6
2410,REST_X6,2410,3,10,0,0,0,0,2,0,0,0,0,0,0,0,6
2411,REST_X6,2411,3,10,0,0,0,0,5,0,0,0,0,0,0,0,6
2412,[X6_X5_GET_req],2412,3,10,0,0,0,1,6,0,0,0,0,0,0,0,6
2413,REST_X5,2413,3,10,0,0,0,2,6,0,0,0,0,0,0,0,6
2414,REST_X5,2414,3,10,0,0,0,3,6,0,0,0,0,0,0,0,6
2415,[X6_X5_GET_resp_2xx],2415,3,10,0,0,0,0,3,0,0,0,0,0,0,0,6
2416,[X14_X6_GET_resp_2xx],2416,3,10,0,0,0,0,0,0,0,0,0,0,0,0,3
2417,[X1_X14_GET_resp_2xx],2417,3,3,0,0,0,0,0,0,0,0,0,0,0,0,0
2418,[X0_X1_GET_resp_2xx],2418,0,0,0,0,0,0,0,0,0,0,0,0,0,0,0
2419,REST_X0,2419,2,0,0,0,0,0,0,0,0,0,0,0,0,0,0
2420,[X0_X1_GET_req],2420,3,1,0,0,0,0,0,0,0,0,0,0,0,0,0
2421,REST_X1,2421,3,2,0,0,0,0,0,0,0,0,0,0,0,0,0
2422,REST_X1,2422,3,5,0,0,0,0,0,0,0,0,0,0,0,0,0
2423,[X1_X8_GET_req],2423,3,6,0,0,0,0,0,0,1,0,0,0,0,0,0
2424,REST_X8,2424,3,6,0,0,0,0,0,0,2,0,0,0,0,0,0
2425,REST_X8,2425,3,6,0,0,0,0,0,0,5,0,0,0,0,0,0
2426,[X8_X12_GET_req],2426,3,6,0,0,0,0,0,0,6,0,0,0,1,0,0
2427,REST_X12,2427,3,6,0,0,0,0,0,0,6,0,0,0,2,0,0
2428,REST_X12,2428,3,6,0,0,0,0,0,0,6,0,0,0,5,0,0
2429,[X12_X3_GET_req],2429,3,6,0,1,0,0,0,0,6,0,0,0,6,0,0
2430,REST_X3,2430,3,6,0,2,0,0,0,0,6,0,0,0,6,0,0
2431,REST_X3,2431,3,6,0,5,0,0,0,0,6,0,0,0,6,0,0
2432,[X3_X9_GET_req],2432,3,6,0,6,0,0,0,0,6,1,0,0,6,0,0
2433,REST_X9,2433,3,6,0,6,0,0,0,0,6,2,0,0,6,0,0
2434,REST_X9,2434,3,6,0,6,0,0,0,0,6,3,0,0,6,0,0
2435,[X3_X9_GET_resp_2xx],2435,3,6,0,3,0,0,0,0,6,0,0,0,6,0,0
2436,[X12_X3_GET_resp_2xx],2436,3,6,0,0,0,0,0,0,6,0,0,0,3,0,0
2437,[X8_X12_GET_resp_2xx],2437,3,6,0,0,0,0,0,0,3,0,0,0,0,0,0
2438,[X1_X8_GET_resp_2xx],2438,3,3,0,0,0,0,0,0,0,0,0,0,0,0,0
2439,[X0_X1_GET_resp_2xx],2439,0,0,0,0,0,0,0,0,0,0,0,0,0,0,0
2440,REST_X0,2440,2,0,0,0,0,0,0,0,0,0,0,0,0,0,0
2441,[X0_X1_GET_req],2441,3,1,0,0,0,0,0,0,0,0,0,0,0,0,0
2442,REST_X1,2442,3,2,0,0,0,0,0,0,0,0,0,0,0,0,0
2443,REST_X1,2443,3,5,0,0,0,0,0,0,0,0,0,0,0,0,0
2444,[X1_X8_GET_req],2444,3,6,0,0,0,0,0,0,1,0,0,0,0,0,0
2445,REST_X8,2445,3,6,0,0,0,0,0,0,2,0,0,0,0,0,0
2446,REST_X8,2446,3,6,0,0,0,0,0,0,5,0,0,0,0,0,0
2447,[X8_X12_GET_req],2447,3,6,0,0,0,0,0,0,6,0,0,0,1,0,0
2448,REST_X12,2448,3,6,0,0,0,0,0,0,6,0,0,0,2,0,0
2449,REST_X12,2449,3,6,0,0,0,0,0,0,6,0,0,0,9,0,0
2450,[X12_X13_GET_req],2450,3,6,0,0,0,0,0,0,6,0,0,0,10,1,0
2451,REST_X13,2451,3,6,0,0,0,0,0,0,6,0,0,0,10,2,0
2452,REST_X13,2452,3,6,0,0,0,0,0,0,6,0,0,0,10,5,0
2453,[X13_X4_GET_req],2453,3,6,0,0,1,0,0,0,6,0,0,0,10,6,0
2454,REST_X4,2454,3,6,0,0,2,0,0,0,6,0,0,0,10,6,0
2455,REST_X4,2455,3,6,0,0,13,0,0,0,6,0,0,0,10,6,0
2456,[X4_X11_GET_req],2456,3,6,0,0,14,0,0,0,6,0,0,1,10,6,0
2457,REST_X11,2457,3,6,0,0,14,0,0,0,6,0,0,2,10,6,0
2458,REST_X11,2458,3,6,0,0,14,0,0,0,6,0,0,3,10,6,0
2459,[X4_X11_GET_resp_2xx],2459,3,6,0,0,3,0,0,0,6,0,0,0,10,6,0
2460,[X13_X4_GET_resp_2xx],2460,3,6,0,0,0,0,0,0,6,0,0,0,10,3,0
2461,[X12_X13_GET_resp_2xx],2461,3,6,0,0,0,0,0,0,6,0,0,0,3,0,0
2462,[X8_X12_GET_resp_2xx],2462,3,6,0,0,0,0,0,0,3,0,0,0,0,0,0
2463,[X1_X8_GET_resp_2xx],2463,3,3,0,0,0,0,0,0,0,0,0,0,0,0,0
2464,[X0_X1_GET_resp_2xx],2464,0,0,0,0,0,0,0,0,0,0,0,0,0,0,0
2465,REST_X0,2465,2,0,0,0,0,0,0,0,0,0,0,0,0,0,0
2466,[X0_X1_GET_req],2466,3,1,0,0,0,0,0,0,0,0,0,0,0,0,0
2467,REST_X1,2467,3,2,0,0,0,0,0,0,0,0,0,0,0,0,0
2468,REST_X1,2468,3,9,0,0,0,0,0,0,0,0,0,0,0,0,0
2469,[X1_X14_GET_req],2469,3,10,0,0,0,0,0,0,0,0,0,0,0,0,1
2470,REST_X14,2470,3,10,0,0,0,0,0,0,0,0,0,0,0,0,2
2471,REST_X14,2471,3,10,0,0,0,0,0,0,0,0,0,0,0,0,5
2472,[X14_X6_GET_req],2472,3,10,0,0,0,0,1,0,0,0,0,0,0,0,6
2473,REST_X6,2473,3,10,0,0,0,0,2,0,0,0,0,0,0,0,6
2474,REST_X6,2474,3,10,0,0,0,0,5,0,0,0,0,0,0,0,6
2475,[X6_X5_GET_req],2475,3,10,0,0,0,1,6,0,0,0,0,0,0,0,6
2476,REST_X5,2476,3,10,0,0,0,2,6,0,0,0,0,0,0,0,6
2477,REST_X5,2477,3,10,0,0,0,3,6,0,0,0,0,0,0,0,6
2478,[X6_X5_GET_resp_2xx],2478,3,10,0,0,0,0,3,0,0,0,0,0,0,0,6
2479,[X14_X6_GET_resp_2xx],2479,3,10,0,0,0,0,0,0,0,0,0,0,0,0,3
2480,[X1_X14_GET_resp_2xx],2480,3,3,0,0,0,0,0,0,0,0,0,0,0,0,0
2481,[X0_X1_GET_resp_2xx],2481,0,0,0,0,0,0,0,0,0,0,0,0,0,0,0
2482,REST_X0,2482,2,0,0,0,0,0,0,0,0,0,0,0,0,0,0
2483,[X0_X1_GET_req],2483,3,1,0,0,0,0,0,0,0,0,0,0,0,0,0
2484,REST_X1,2484,3,2,0,0,0,0,0,0,0,0,0,0,0,0,0
2485,REST_X1,2485,3,9,0,0,0,0,0,0,0,0,0,0,0,0,0
2486,[X1_X14_GET_req],2486,3,10,0,0,0,0,0,0,0,0,0,0,0,0,1
2487,REST_X14,2487,3,10,0,0,0,0,0,0,0,0,0,0,0,0,2
2488,REST_X14,2488,3,10,0,0,0,0,0,0,0,0,0,0,0,0,5
2489,[X14_X6_GET_req],2489,3,10,0,0,0,0,1,0,0,0,0,0,0,0,6
2490,REST_X6,2490,3,10,0,0,0,0,2,0,0,0,0,0,0,0,6
2491,REST_X6,2491,3,10,0,0,0,0,5,0,0,0,0,0,0,0,6
2492,[X6_X5_GET_req],2492,3,10,0,0,0,1,6,0,0,0,0,0,0,0,6
2493,REST_X5,2493,3,10,0,0,0,2,6,0,0,0,0,0,0,0,6
2494,REST_X5,2494,3,10,0,0,0,3,6,0,0,0,0,0,0,0,6
2495,[X6_X5_GET_resp_2xx],2495,3,10,0,0,0,0,3,0,0,0,0,0,0,0,6
2496,[X14_X6_GET_resp_2xx],2496,3,10,0,0,0,0,0,0,0,0,0,0,0,0,3
2497,[X1_X14_GET_resp_2xx],2497,3,3,0,0,0,0,0,0,0,0,0,0,0,0,0
2498,[X0_X1_GET_resp_2xx],2498,0,0,0,0,0,0,0,0,0,0,0,0,0,0,0
2499,REST_X0,2499,2,0,0,0,0,0,0,0,0,0,0,0,0,0,0
2500,[X0_X1_GET_req],2500,3,1,0,0,0,0,0,0,0,0,0,0,0,0,0
2501,REST_X1,2501,3,2,0,0,0,0,0,0,0,0,0,0,0,0,0
2502,REST_X1,2502,3,9,0,0,0,0,0,0,0,0,0,0,0,0,0
2503,[X1_X14_GET_req],2503,3,10,0,0,0,0,0,0,0,0,0,0,0,0,1
2504,REST_X14,2504,3,10,0,0,0,0,0,0,0,0,0,0,0,0,2
2505,REST_X14,2505,3,10,0,0,0,0,0,0,0,0,0,0,0,0,5
2506,[X14_X6_GET_req],2506,3,10,0,0,0,0,1,0,0,0,0,0,0,0,6
2507,REST_X6,2507,3,10,0,0,0,0,2,0,0,0,0,0,0,0,6
2508,REST_X6,2508,3,10,0,0,0,0,5,0,0,0,0,0,0,0,6
2509,[X6_X5_GET_req],2509,3,10,0,0,0,1,6,0,0,0,0,0,0,0,6
2510,REST_X5,2510,3,10,0,0,0,2,6,0,0,0,0,0,0,0,6
2511,REST_X5,2511,3,10,0,0,0,3,6,0,0,0,0,0,0,0,6
2512,[X6_X5_GET_resp_2xx],2512,3,10,0,0,0,0,3,0,0,0,0,0,0,0,6
2513,[X14_X6_GET_resp_2xx],2513,3,10,0,0,0,0,0,0,0,0,0,0,0,0,3
2514,[X1_X14_GET_resp_2xx],2514,3,3,0,0,0,0,0,0,0,0,0,0,0,0,0
2515,[X0_X1_GET_resp_2xx],2515,0,0,0,0,0,0,0,0,0,0,0,0,0,0,0
2516,REST_X0,2516,2,0,0,0,0,0,0,0,0,0,0,0,0,0,0
2517,[X0_X1_GET_req],2517,3,1,0,0,0,0,0,0,0,0,0,0,0,0,0
2518,REST_X1,2518,3,2,0,0,0,0,0,0,0,0,0,0,0,0,0
2519,REST_X1,2519,3,9,0,0,0,0,0,0,0,0,0,0,0,0,0
2520,[X1_X14_GET_req],2520,3,10,0,0,0,0,0,0,0,0,0,0,0,0,1
2521,REST_X14,2521,3,10,0,0,0,0,0,0,0,0,0,0,0,0,2
2522,REST_X14,2522,3,10,0,0,0,0,0,0,0,0,0,0,0,0,5
2523,[X14_X6_GET_req],2523,3,10,0,0,0,0,1,0,0,0,0,0,0,0,6
2524,REST_X6,2524,3,10,0,0,0,0,2,0,0,0,0,0,0,0,6
2525,REST_X6,2525,3,10,0,0,0,0,5,0,0,0,0,0,0,0,6
2526,[X6_X5_GET_req],2526,3,10,0,0,0,1,6,0,0,0,0,0,0,0,6
2527,REST_X5,2527,3,10,0,0,0,2,6,0,0,0,0,0,0,0,6
2528,REST_X5,2528,3,10,0,0,0,3,6,0,0,0,0,0,0,0,6
2529,[X6_X5_GET_resp_2xx],2529,3,10,0,0,0,0,3,0,0,0,0,0,0,0,6
2530,[X14_X6_GET_resp_2xx],2530,3,10,0,0,0,0,0,0,0,0,0,0,0,0,3
2531,[X1_X14_GET_resp_2xx],2531,3,3,0,0,0,0,0,0,0,0,0,0,0,0,0
2532,[X0_X1_GET_resp_2xx],2532,0,0,0,0,0,0,0,0,0,0,0,0,0,0,0
2533,REST_X0,2533,2,0,0,0,0,0,0,0,0,0,0,0,0,0,0
2534,[X0_X1_GET_req],2534,3,1,0,0,0,0,0,0,0,0,0,0,0,0,0
2535,REST_X1,2535,3,2,0,0,0,0,0,0,0,0,0,0,0,0,0
2536,REST_X1,2536,3,9,0,0,0,0,0,0,0,0,0,0,0,0,0
2537,[X1_X14_GET_req],2537,3,10,0,0,0,0,0,0,0,0,0,0,0,0,1
2538,REST_X14,2538,3,10,0,0,0,0,0,0,0,0,0,0,0,0,2
2539,REST_X14,2539,3,10,0,0,0,0,0,0,0,0,0,0,0,0,5
2540,[X14_X6_GET_req],2540,3,10,0,0,0,0,1,0,0,0,0,0,0,0,6
2541,REST_X6,2541,3,10,0,0,0,0,2,0,0,0,0,0,0,0,6
2542,REST_X6,2542,3,10,0,0,0,0,5,0,0,0,0,0,0,0,6
2543,[X6_X5_GET_req],2543,3,10,0,0,0,1,6,0,0,0,0,0,0,0,6
2544,REST_X5,2544,3,10,0,0,0,2,6,0,0,0,0,0,0,0,6
2545,REST_X5,2545,3,10,0,0,0,3,6,0,0,0,0,0,0,0,6
2546,[X6_X5_GET_resp_2xx],2546,3,10,0,0,0,0,3,0,0,0,0,0,0,0,6
2547,[X14_X6_GET_resp_2xx],2547,3,10,0,0,0,0,0,0,0,0,0,0,0,0,3
2548,[X1_X14_GET_resp_2xx],2548,3,3,0,0,0,0,0,0,0,0,0,0,0,0,0
2549,[X0_X1_GET_resp_2xx],2549,0,0,0,0,0,0,0,0,0,0,0,0,0,0,0
2550,REST_X0,2550,2,0,0,0,0,0,0,0,0,0,0,0,0,0,0
2551,[X0_X1_GET_req],2551,3,1,0,0,0,0,0,0,0,0,0,0,0,0,0
2552,REST_X1,2552,3,2,0,0,0,0,0,0,0,0,0,0,0,0,0
2553,REST_X1,2553,3,9,0,0,0,0,0,0,0,0,0,0,0,0,0
2554,[X1_X14_GET_req],2554,3,10,0,0,0,0,0,0,0,0,0,0,0,0,1
2555,REST_X14,2555,3,10,0,0,0,0,0,0,0,0,0,0,0,0,2
2556,REST_X14,2556,3,10,0,0,0,0,0,0,0,0,0,0,0,0,5
2557,[X14_X6_GET_req],2557,3,10,0,0,0,0,1,0,0,0,0,0,0,0,6
2558,REST_X6,2558,3,10,0,0,0,0,2,0,0,0,0,0,0,0,6
2559,REST_X6,2559,3,10,0,0,0,0,5,0,0,0,0,0,0,0,6
2560,[X6_X5_GET_req],2560,3,10,0,0,0,1,6,0,0,0,0,0,0,0,6
2561,REST_X5,2561,3,10,0,0,0,2,6,0,0,0,0,0,0,0,6
2562,REST_X5,2562,3,10,0,0,0,4,6,0,0,0,0,0,0,0,6
2563,[X6_X5_GET_resp_5xx],2563,3,10,0,0,0,0,7,0,0,0,0,0,0,0,6
2564,[X6_X5_GET_req],2564,3,10,0,0,0,1,8,0,0,0,0,0,0,0,6
2565,REST_X5,2565,3,10,0,0,0,2,8,0,0,0,0,0,0,0,6
2566,REST_X5,2566,3,10,0,0,0,3,8,0,0,0,0,0,0,0,6
2567,[X6_X5_GET_resp_2xx],2567,3,10,0,0,0,0,3,0,0,0,0,0,0,0,6
2568,[X14_X6_GET_resp_2xx],2568,3,10,0,0,0,0,0,0,0,0,0,0,0,0,3
2569,[X1_X14_GET_resp_2xx],2569,3,3,0,0,0,0,0,0,0,0,0,0,0,0,0
2570,[X0_X1_GET_resp_2xx],2570,0,0,0,0,0,0,0,0,0,0,0,0,0,0,0
2571,REST_X0,2571,2,0,0,0,0,0,0,0,0,0,0,0,0,0,0
2572,[X0_X1_GET_req],2572,3,1,0,0,0,0,0,0,0,0,0,0,0,0,0
2573,REST_X1,2573,3,2,0,0,0,0,0,0,0,0,0,0,0,0,0
2574,REST_X1,2574,3,5,0,0,0,0,0,0,0,0,0,0,0,0,0
2575,[X1_X8_GET_req],2575,3,6,0,0,0,0,0,0,1,0,0,0,0,0,0
2576,REST_X8,2576,3,6,0,0,0,0,0,0,2,0,0,0,0,0,0
2577,REST_X8,2577,3,6,0,0,0,0,0,0,5,0,0,0,0,0,0
2578,[X8_X12_GET_req],2578,3,6,0,0,0,0,0,0,6,0,0,0,1,0,0
2579,REST_X12,2579,3,6,0,0,0,0,0,0,6,0,0,0,2,0,0
2580,REST_X12,2580,3,6,0,0,0,0,0,0,6,0,0,0,9,0,0
2581,[X12_X13_GET_req],2581,3,6,0,0,0,0,0,0,6,0,0,0,10,1,0
2582,REST_X13,2582,3,6,0,0,0,0,0,0,6,0,0,0,10,2,0
2583,REST_X13,2583,3,6,0,0,0,0,0,0,6,0,0,0,10,5,0
2584,[X13_X4_GET_req],2584,3,6,0,0,1,0,0,0,6,0,0,0,10,6,0
2585,REST_X4,2585,3,6,0,0,2,0,0,0,6,0,0,0,10,6,0
2586,REST_X4,2586,3,6,0,0,5,0,0,0,6,0,0,0,10,6,0
2587,[X4_X2_GET_req],2587,3,6,1,0,6,0,0,0,6,0,0,0,10,6,0
2588,REST_X2,2588,3,6,2,0,6,0,0,0,6,0,0,0,10,6,0
2589,REST_X2,2589,3,6,3,0,6,0,0,0,6,0,0,0,10,6,0
2590,[X4_X2_GET_resp_2xx],2590,3,6,0,0,3,0,0,0,6,0,0,0,10,6,0
2591,[X13_X4_GET_resp_2xx],2591,3,6,0,0,0,0,0,0,6,0,0,0,10,3,0
2592,[X12_X13_GET_resp_2xx],2592,3,6,0,0,0,0,0,0,6,0,0,0,3,0,0
2593,[X8_X12_GET_resp_2xx],2593,3,6,0,0,0,0,0,0,3,0,0,0,0,0,0
2594,[X1_X8_GET_resp_2xx],2594,3,3,0,0,0,0,0,0,0,0,0,0,0,0,0
2595,[X0_X1_GET_resp_2xx],2595,0,0,0,0,0,0,0,0,0,0,0,0,0,0,0
2596,REST_X0,2596,2,0,0,0,0,0,0,0,0,0,0,0,0,0,0
2597,[X0_X1_GET_req],2597,3,1,0,0,0,0,0,0,0,0,0,0,0,0,0
2598,REST_X1,2598,3,2,0,0,0,0,0,0,0,0,0,0,0,0,0
2599,REST_X1,2599,3,5,0,0,0,0,0,0,0,0,0,0,0,0,0
2600,[X1_X8_GET_req],2600,3,6,0,0,0,0,0,0,1,0,0,0,0,0,0
2601,REST_X8,2601,3,6,0,0,0,0,0,0,2,0,0,0,0,0,0
2602,REST_X8,2602,3,6,0,0,0,0,0,0,5,0,0,0,0,0,0
2603,[X8_X12_GET_req],2603,3,6,0,0,0,0,0,0,6,0,0,0,1,0,0
2604,REST_X12,2604,3,6,0,0,0,0,0,0,6,0,0,0,2,0,0
2605,REST_X12,2605,3,6,0,0,0,0,0,0,6,0,0,0,5,0,0
2606,[X12_X3_GET_req],2606,3,6,0,1,0,0,0,0,6,0,0,0,6,0,0
2607,REST_X3,2607,3,6,0,2,0,0,0,0,6,0,0,0,6,0,0
2608,REST_X3,2608,3,6,0,5,0,0,0,0,6,0,0,0,6,0,0
2609,[X3_X9_GET_req],2609,3,6,0,6,0,0,0,0,6,1,0,0,6,0,0
2610,REST_X9,2610,3,6,0,6,0,0,0,0,6,2,0,0,6,0,0
2611,REST_X9,2611,3,6,0,6,0,0,0,0,6,3,0,0,6,0,0
2612,[X3_X9_GET_resp_2xx],2612,3,6,0,3,0,0,0,0,6,0,0,0,6,0,0
2613,[X12_X3_GET_resp_2xx],2613,3,6,0,0,0,0,0,0,6,0,0,0,3,0,0
2614,[X8_X12_GET_resp_2xx],2614,3,6,0,0,0,0,0,0,3,0,0,0,0,0,0
2615,[X1_X8_GET_resp_2xx],2615,3,3,0,0,0,0,0,0,0,0,0,0,0,0,0
2616,[X0_X1_GET_resp_2xx],2616,0,0,0,0,0,0,0,0,0,0,0,0,0,0,0
2617,REST_X0,2617,2,0,0,0,0,0,0,0,0,0,0,0,0,0,0
2618,[X0_X1_GET_req],2618,3,1,0,0,0,0,0,0,0,0,0,0,0,0,0
2619,REST_X1,2619,3,2,0,0,0,0,0,0,0,0,0,0,0,0,0
2620,REST_X1,2620,3,9,0,0,0,0,0,0,0,0,0,0,0,0,0
2621,[X1_X14_GET_req],2621,3,10,0,0,0,0,0,0,0,0,0,0,0,0,1
2622,REST_X14,2622,3,10,0,0,0,0,0,0,0,0,0,0,0,0,2
2623,REST_X14,2623,3,10,0,0,0,0,0,0,0,0,0,0,0,0,5
2624,[X14_X6_GET_req],2624,3,10,0,0,0,0,1,0,0,0,0,0,0,0,6
2625,REST_X6,2625,3,10,0,0,0,0,2,0,0,0,0,0,0,0,6
2626,REST_X6,2626,3,10,0,0,0,0,5,0,0,0,0,0,0,0,6
2627,[X6_X5_GET_req],2627,3,10,0,0,0,1,6,0,0,0,0,0,0,0,6
2628,REST_X5,2628,3,10,0,0,0,2,6,0,0,0,0,0,0,0,6
2629,REST_X5,2629,3,10,0,0,0,3,6,0,0,0,0,0,0,0,6
2630,[X6_X5_GET_resp_2xx],2630,3,10,0,0,0,0,3,0,0,0,0,0,0,0,6
2631,[X14_X6_GET_resp_2xx],2631,3,10,0,0,0,0,0,0,0,0,0,0,0,0,3
2632,[X1_X14_GET_resp_2xx],2632,3,3,0,0,0,0,0,0,0,0,0,0,0,0,0
2633,[X0_X1_GET_resp_2xx],2633,0,0,0,0,0,0,0,0,0,0,0,0,0,0,0
2634,REST_X0,2634,2,0,0,0,0,0,0,0,0,0,0,0,0,0,0
2635,[X0_X1_GET_req],2635,3,1,0,0,0,0,0,0,0,0,0,0,0,0,0
2636,REST_X1,2636,3,2,0,0,0,0,0,0,0,0,0,0,0,0,0
2637,REST_X1,2637,3,5,0,0,0,0,0,0,0,0,0,0,0,0,0
2638,[X1_X8_GET_req],2638,3,6,0,0,0,0,0,0,1,0,0,0,0,0,0
2639,REST_X8,2639,3,6,0,0,0,0,0,0,2,0,0,0,0,0,0
2640,REST_X8,2640,3,6,0,0,0,0,0,0,5,0,0,0,0,0,0
2641,[X8_X12_GET_req],2641,3,6,0,0,0,0,0,0,6,0,0,0,1,0,0
2642,REST_X12,2642,3,6,0,0,0,0,0,0,6,0,0,0,2,0,0
2643,REST_X12,2643,3,6,0,0,0,0,0,0,6,0,0,0,9,0,0
2644,[X12_X13_GET_req],2644,3,6,0,0,0,0,0,0,6,0,0,0,10,1,0
2645,REST_X13,2645,3,6,0,0,0,0,0,0,6,0,0,0,10,2,0
2646,REST_X13,2646,3,6,0,0,0,0,0,0,6,0,0,0,10,5,0
2647,[X13_X4_GET_req],2647,3,6,0,0,1,0,0,0,6,0,0,0,10,6,0
2648,REST_X4,2648,3,6,0,0,2,0,0,0,6,0,0,0,10,6,0
2649,REST_X4,2649,3,6,0,0,9,0,0,0,6,0,0,0,10,6,0
2650,[X4_X7_GET_req],2650,3,6,0,0,10,0,0,1,6,0,0,0,10,6,0
2651,REST_X7,2651,3,6,0,0,10,0,0,2,6,0,0,0,10,6,0
2652,REST_X7,2652,3,6,0,0,10,0,0,5,6,0,0,0,10,6,0
2653,[X7_X10_GET_req],2653,3,6,0,0,10,0,0,6,6,0,1,0,10,6,0
2654,REST_X10,2654,3,6,0,0,10,0,0,6,6,0,2,0,10,6,0
2655,REST_X10,2655,3,6,0,0,10,0,0,6,6,0,4,0,10,6,0
2656,[X7_X10_GET_resp_5xx],2656,3,6,0,0,10,0,0,7,6,0,0,0,10,6,0
2657,[X7_X10_GET_req],2657,3,6,0,0,10,0,0,8,6,0,1,0,10,6,0
2658,REST_X10,2658,3,6,0,0,10,0,0,8,6,0,2,0,10,6,0
2659,REST_X10,2659,3,6,0,0,10,0,0,8,6,0,3,0,10,6,0
2660,[X7_X10_GET_resp_2xx],2660,3,6,0,0,10,0,0,3,6,0,0,0,10,6,0
2661,[X4_X7_GET_resp_2xx],2661,3,6,0,0,3,0,0,0,6,0,0,0,10,6,0
2662,[X13_X4_GET_resp_2xx],2662,3,6,0,0,0,0,0,0,6,0,0,0,10,3,0
2663,[X12_X13_GET_resp_2xx],2663,3,6,0,0,0,0,0,0,6,0,0,0,3,0,0
2664,[X8_X12_GET_resp_2xx],2664,3,6,0,0,0,0,0,0,3,0,0,0,0,0,0
2665,[X1_X8_GET_resp_2xx],2665,3,3,0,0,0,0,0,0,0,0,0,0,0,0,0
2666,[X0_X1_GET_resp_2xx],2666,0,0,0,0,0,0,0,0,0,0,0,0,0,0,0
2667,REST_X0,2667,2,0,0,0,0,0,0,0,0,0,0,0,0,0,0
2668,[X0_X1_GET_req],2668,3,1,0,0,0,0,0,0,0,0,0,0,0,0,0
2669,REST_X1,2669,3,2,0,0,0,0,0,0,0,0,0,0,0,0,0
2670,REST_X1,2670,3,5,0,0,0,0,0,0,0,0,0,0,0,0,0
2671,[X1_X8_GET_req],2671,3,6,0,0,0,0,0,0,1,0,0,0,0,0,0
2672,REST_X8,2672,3,6,0,0,0,0,0,0,2,0,0,0,0,0,0
2673,REST_X8,2673,3,6,0,0,0,0,0,0,5,0,0,0,0,0,0
2674,[X8_X12_GET_req],2674,3,6,0,0,0,0,0,0,6,0,0,0,1,0,0
2675,REST_X12,2675,3,6,0,0,0,0,0,0,6,0,0,0,2,0,0
2676,REST_X12,2676,3,6,0,0,0,0,0,0,6,0,0,0,9,0,0
2677,[X12_X13_GET_req],2677,3,6,0,0,0,0,0,0,6,0,0,0,10,1,0
2678,REST_X13,2678,3,6,0,0,0,0,0,0,6,0,0,0,10,2,0
2679,REST_X13,2679,3,6,0,0,0,0,0,0,6,0,0,0,10,5,0
2680,[X13_X4_GET_req],2680,3,6,0,0,1,0,0,0,6,0,0,0,10,6,0
2681,REST_X4,2681,3,6,0,0,2,0,0,0,6,0,0,0,10,6,0
2682,REST_X4,2682,3,6,0,0,13,0,0,0,6,0,0,0,10,6,0
2683,[X4_X11_GET_req],2683,3,6,0,0,14,0,0,0,6,0,0,1,10,6,0
2684,REST_X11,2684,3,6,0,0,14,0,0,0,6,0,0,2,10,6,0
2685,REST_X11,2685,3,6,0,0,14,0,0,0,6,0,0,3,10,6,0
2686,[X4_X11_GET_resp_2xx],2686,3,6,0,0,3,0,0,0,6,0,0,0,10,6,0
2687,[X13_X4_GET_resp_2xx],2687,3,6,0,0,0,0,0,0,6,0,0,0,10,3,0
2688,[X12_X13_GET_resp_2xx],2688,3,6,0,0,0,0,0,0,6,0,0,0,3,0,0
2689,[X8_X12_GET_resp_2xx],2689,3,6,0,0,0,0,0,0,3,0,0,0,0,0,0
2690,[X1_X8_GET_resp_2xx],2690,3,3,0,0,0,0,0,0,0,0,0,0,0,0,0
2691,[X0_X1_GET_resp_2xx],2691,0,0,0,0,0,0,0,0,0,0,0,0,0,0,0
2692,REST_X0,2692,2,0,0,0,0,0,0,0,0,0,0,0,0,0,0
2693,[X0_X1_GET_req],2693,3,1,0,0,0,0,0,0,0,0,0,0,0,0,0
2694,REST_X1,2694,3,2,0,0,0,0,0,0,0,0,0,0,0,0,0
2695,REST_X1,2695,3,9,0,0,0,0,0,0,0,0,0,0,0,0,0
2696,[X1_X14_GET_req],2696,3,10,0,0,0,0,0,0,0,0,0,0,0,0,1
2697,REST_X14,2697,3,10,0,0,0,0,0,0,0,0,0,0,0,0,2
2698,REST_X14,2698,3,10,0,0,0,0,0,0,0,0,0,0,0,0,5
2699,[X14_X6_GET_req],2699,3,10,0,0,0,0,1,0,0,0,0,0,0,0,6
2700,REST_X6,2700,3,10,0,0,0,0,2,0,0,0,0,0,0,0,6
2701,REST_X6,2701,3,10,0,0,0,0,5,0,0,0,0,0,0,0,6
2702,[X6_X5_GET_req],2702,3,10,0,0,0,1,6,0,0,0,0,0,0,0,6
2703,REST_X5,2703,3,10,0,0,0,2,6,0,0,0,0,0,0,0,6
2704,REST_X5,2704,3,10,0,0,0,3,6,0,0,0,0,0,0,0,6
2705,[X6_X5_GET_resp_2xx],2705,3,10,0,0,0,0,3,0,0,0,0,0,0,0,6
2706,[X14_X6_GET_resp_2xx],2706,3,10,0,0,0,0,0,0,0,0,0,0,0,0,3
2707,[X1_X14_GET_resp_2xx],2707,3,3,0,0,0,0,0,0,0,0,0,0,0,0,0
2708,[X0_X1_GET_resp_2xx],2708,0,0,0,0,0,0,0,0,0,0,0,0,0,0,0
2709,REST_X0,2709,2,0,0,0,0,0,0,0,0,0,0,0,0,0,0
2710,[X0_X1_GET_req],2710,3,1,0,0,0,0,0,0,0,0,0,0,0,0,0
2711,REST_X1,2711,3,2,0,0,0,0,0,0,0,0,0,0,0,0,0
2712,REST_X1,2712,3,5,0,0,0,0,0,0,0,0,0,0,0,0,0
2713,[X1_X8_GET_req],2713,3,6,0,0,0,0,0,0,1,0,0,0,0,0,0
2714,REST_X8,2714,3,6,0,0,0,0,0,0,2,0,0,0,0,0,0
2715,REST_X8,2715,3,6,0,0,0,0,0,0,5,0,0,0,0,0,0
2716,[X8_X12_GET_req],2716,3,6,0,0,0,0,0,0,6,0,0,0,1,0,0
2717,REST_X12,2717,3,6,0,0,0,0,0,0,6,0,0,0,2,0,0
2718,REST_X12,2718,3,6,0,0,0,0,0,0,6,0,0,0,5,0,0
2719,[X12_X3_GET_req],2719,3,6,0,1,0,0,0,0,6,0,0,0,6,0,0
2720,REST_X3,2720,3,6,0,2,0,0,0,0,6,0,0,0,6,0,0
2721,REST_X3,2721,3,6,0,5,0,0,0,0,6,0,0,0,6,0,0
2722,[X3_X9_GET_req],2722,3,6,0,6,0,0,0,0,6,1,0,0,6,0,0
2723,REST_X9,2723,3,6,0,6,0,0,0,0,6,2,0,0,6,0,0
2724,REST_X9,2724,3,6,0,6,0,0,0,0,6,3,0,0,6,0,0
2725,[X3_X9_GET_resp_2xx],2725,3,6,0,3,0,0,0,0,6,0,0,0,6,0,0
2726,[X12_X3_GET_resp_2xx],2726,3,6,0,0,0,0,0,0,6,0,0,0,3,0,0
2727,[X8_X12_GET_resp_2xx],2727,3,6,0,0,0,0,0,0,3,0,0,0,0,0,0
2728,[X1_X8_GET_resp_2xx],2728,3,3,0,0,0,0,0,0,0,0,0,0,0,0,0
2729,[X0_X1_GET_resp_2xx],2729,0,0,0,0,0,0,0,0,0,0,0,0,0,0,0
2730,REST_X0,2730,2,0,0,0,0,0,0,0,0,0,0,0,0,0,0
2731,[X0_X1_GET_req],2731,3,1,0,0,0,0,0,0,0,0,0,0,0,0,0
2732,REST_X1,2732,3,2,0,0,0,0,0,0,0,0,0,0,0,0,0
2733,REST_X1,2733,3,9,0,0,0,0,0,0,0,0,0,0,0,0,0
2734,[X1_X14_GET_req],2734,3,10,0,0,0,0,0,0,0,0,0,0,0,0,1
2735,REST_X14,2735,3,10,0,0,0,0,0,0,0,0,0,0,0,0,2
2736,REST_X14,2736,3,10,0,0,0,0,0,0,0,0,0,0,0,0,5
2737,[X14_X6_GET_req],2737,3,10,0,0,0,0,1,0,0,0,0,0,0,0,6
2738,REST_X6,2738,3,10,0,0,0,0,2,0,0,0,0,0,0,0,6
2739,REST_X6,2739,3,10,0,0,0,0,5,0,0,0,0,0,0,0,6
2740,[X6_X5_GET_req],2740,3,10,0,0,0,1,6,0,0,0,0,0,0,0,6
2741,REST_X5,2741,3,10,0,0,0,2,6,0,0,0,0,0,0,0,6
2742,REST_X5,2742,3,10,0,0,0,3,6,0,0,0,0,0,0,0,6
2743,[X6_X5_GET_resp_2xx],2743,3,10,0,0,0,0,3,0,0,0,0,0,0,0,6
2744,[X14_X6_GET_resp_2xx],2744,3,10,0,0,0,0,0,0,0,0,0,0,0,0,3
2745,[X1_X14_GET_resp_2xx],2745,3,3,0,0,0,0,0,0,0,0,0,0,0,0,0
2746,[X0_X1_GET_resp_2xx],2746,0,0,0,0,0,0,0,0,0,0,0,0,0,0,0
2747,REST_X0,2747,2,0,0,0,0,0,0,0,0,0,0,0,0,0,0
2748,[X0_X1_GET_req],2748,3,1,0,0,0,0,0,0,0,0,0,0,0,0,0
2749,REST_X1,2749,3,2,0,0,0,0,0,0,0,0,0,0,0,0,0
2750,REST_X1,2750,3,9,0,0,0,0,0,0,0,0,0,0,0,0,0
2751,[X1_X14_GET_req],2751,3,10,0,0,0,0,0,0,0,0,0,0,0,0,1
2752,REST_X14,2752,3,10,0,0,0,0,0,0,0,0,0,0,0,0,2
2753,REST_X14,2753,3,10,0,0,0,0,0,0,0,0,0,0,0,0,5
2754,[X14_X6_GET_req],2754,3,10,0,0,0,0,1,0,0,0,0,0,0,0,6
2755,REST_X6,2755,3,10,0,0,0,0,2,0,0,0,0,0,0,0,6
2756,REST_X6,2756,3,10,0,0,0,0,5,0,0,0,0,0,0,0,6
2757,[X6_X5_GET_req],2757,3,10,0,0,0,1,6,0,0,0,0,0,0,0,6
2758,REST_X5,2758,3,10,0,0,0,2,6,0,0,0,0,0,0,0,6
2759,REST_X5,2759,3,10,0,0,0,3,6,0,0,0,0,0,0,0,6
2760,[X6_X5_GET_resp_2xx],2760,3,10,0,0,0,0,3,0,0,0,0,0,0,0,6
2761,[X14_X6_GET_resp_2xx],2761,3,10,0,0,0,0,0,0,0,0,0,0,0,0,3
2762,[X1_X14_GET_resp_2xx],2762,3,3,0,0,0,0,0,0,0,0,0,0,0,0,0
2763,[X0_X1_GET_resp_2xx],2763,0,0,0,0,0,0,0,0,0,0,0,0,0,0,0
2764,REST_X0,2764,2,0,0,0,0,0,0,0,0,0,0,0,0,0,0
2765,[X0_X1_GET_req],2765,3,1,0,0,0,0,0,0,0,0,0,0,0,0,0
2766,REST_X1,2766,3,2,0,0,0,0,0,0,0,0,0,0,0,0,0
2767,REST_X1,2767,3,5,0,0,0,0,0,0,0,0,0,0,0,0,0
2768,[X1_X8_GET_req],2768,3,6,0,0,0,0,0,0,1,0,0,0,0,0,0
2769,REST_X8,2769,3,6,0,0,0,0,0,0,2,0,0,0,0,0,0
2770,REST_X8,2770,3,6,0,0,0,0,0,0,5,0,0,0,0,0,0
2771,[X8_X12_GET_req],2771,3,6,0,0,0,0,0,0,6,0,0,0,1,0,0
2772,REST_X12,2772,3,6,0,0,0,0,0,0,6,0,0,0,2,0,0
2773,REST_X12,2773,3,6,0,0,0,0,0,0,6,0,0,0,9,0,0
2774,[X12_X13_GET_req],2774,3,6,0,0,0,0,0,0,6,0,0,0,10,1,0
2775,REST_X13,2775,3,6,0,0,0,0,0,0,6,0,0,0,10,2,0
2776,REST_X13,2776,3,6,0,0,0,0,0,0,6,0,0,0,10,5,0
2777,[X13_X4_GET_req],2777,3,6,0,0,1,0,0,0,6,0,0,0,10,6,0
2778,REST_X4,2778,3,6,0,0,2,0,0,0,6,0,0,0,10,6,0
2779,REST_X4,2779,3,6,0,0,9,0,0,0,6,0,0,0,10,6,0
2780,[X4_X7_GET_req],2780,3,6,0,0,10,0,0,1,6,0,0,0,10,6,0
2781,REST_X7,2781,3,6,0,0,10,0,0,2,6,0,0,0,10,6,0
2782,REST_X7,2782,3,6,0,0,10,0,0,5,6,0,0,0,10,6,0
2783,[X7_X10_GET_req],2783,3,6,0,0,10,0,0,6,6,0,1,0,10,6,0
2784,REST_X10,2784,3,6,0,0,10,0,0,6,6,0,2,0,10,6,0
2785,REST_X10,2785,3,6,0,0,10,0,0,6,6,0,4,0,10,6,0
2786,[X7_X10_GET_resp_5xx],2786,3,6,0,0,10,0,0,7,6,0,0,0,10,6,0
2787,[X7_X10_GET_req],2787,3,6,0,0,10,0,0,8,6,0,1,0,10,6,0
2788,REST_X10,2788,3,6,0,0,10,0,0,8,6,0,2,0,10,6,0
2789,REST_X10,2789,3,6,0,0,10,0,0,8,6,0,3,0,10,6,0
2790,[X7_X10_GET_resp_2xx],2790,3,6,0,0,10,0,0,3,6,0,0,0,10,6,0
2791,[X4_X7_GET_resp_2xx],2791,3,6,0,0,3,0,0,0,6,0,0,0,10,6,0
2792,[X13_X4_GET_resp_2xx],2792,3,6,0,0,0,0,0,0,6,0,0,0,10,3,0
2793,[X12_X13_GET_resp_2xx],2793,3,6,0,0,0,0,0,0,6,0,0,0,3,0,0
2794,[X8_X12_GET_resp_2xx],2794,3,6,0,0,0,0,0,0,3,0,0,0,0,0,0
2795,[X1_X8_GET_resp_2xx],2795,3,3,0,0,0,0,0,0,0,0,0,0,0,0,0
2796,[X0_X1_GET_resp_2xx],2796,0,0,0,0,0,0,0,0,0,0,0,0,0,0,0
2797,REST_X0,2797,2,0,0,0,0,0,0,0,0,0,0,0,0,0,0
2798,[X0_X1_GET_req],2798,3,1,0,0,0,0,0,0,0,0,0,0,0,0,0
2799,REST_X1,2799,3,2,0,0,0,0,0,0,0,0,0,0,0,0,0
2800,REST_X1,2800,3,9,0,0,0,0,0,0,0,0,0,0,0,0,0
2801,[X1_X14_GET_req],2801,3,10,0,0,0,0,0,0,0,0,0,0,0,0,1
2802,REST_X14,2802,3,10,0,0,0,0,0,0,0,0,0,0,0,0,2
2803,REST_X14,2803,3,10,0,0,0,0,0,0,0,0,0,0,0,0,5
2804,[X14_X6_GET_req],2804,3,10,0,0,0,0,1,0,0,0,0,0,0,0,6
2805,REST_X6,2805,3,10,0,0,0,0,2,0,0,0,0,0,0,0,6
2806,REST_X6,2806,3,10,0,0,0,0,5,0,0,0,0,0,0,0,6
2807,[X6_X5_GET_req],2807,3,10,0,0,0,1,6,0,0,0,0,0,0,0,6
2808,REST_X5,2808,3,10,0,0,0,2,6,0,0,0,0,0,0,0,6
2809,REST_X5,2809,3,10,0,0,0,3,6,0,0,0,0,0,0,0,6
2810,[X6_X5_GET_resp_2xx],2810,3,10,0,0,0,0,3,0,0,0,0,0,0,0,6
2811,[X14_X6_GET_resp_2xx],2811,3,10,0,0,0,0,0,0,0,0,0,0,0,0,3
2812,[X1_X14_GET_resp_2xx],2812,3,3,0,0,0,0,0,0,0,0,0,0,0,0,0
2813,[X0_X1_GET_resp_2xx],2813,0,0,0,0,0,0,0,0,0,0,0,0,0,0,0
2814,REST_X0,2814,2,0,0,0,0,0,0,0,0,0,0,0,0,0,0
2815,[X0_X1_GET_req],2815,3,1,0,0,0,0,0,0,0,0,0,0,0,0,0
2816,REST_X1,2816,3,2,0,0,0,0,0,0,0,0,0,0,0,0,0
2817,REST_X1,2817,3,9,0,0,0,0,0,0,0,0,0,0,0,0,0
2818,[X1_X14_GET_req],2818,3,10,0,0,0,0,0,0,0,0,0,0,0,0,1
2819,REST_X14,2819,3,10,0,0,0,0,0,0,0,0,0,0,0,0,2
2820,REST_X14,2820,3,10,0,0,0,0,0,0,0,0,0,0,0,0,5
2821,[X14_X6_GET_req],2821,3,10,0,0,0,0,1,0,0,0,0,0,0,0,6
2822,REST_X6,2822,3,10,0,0,0,0,2,0,0,0,0,0,0,0,6
2823,REST_X6,2823,3,10,0,0,0,0,5,0,0,0,0,0,0,0,6
2824,[X6_X5_GET_req],2824,3,10,0,0,0,1,6,0,0,0,0,0,0,0,6
2825,REST_X5,2825,3,10,0,0,0,2,6,0,0,0,0,0,0,0,6
2826,REST_X5,2826,3,10,0,0,0,3,6,0,0,0,0,0,0,0,6
2827,[X6_X5_GET_resp_2xx],2827,3,10,0,0,0,0,3,0,0,0,0,0,0,0,6
2828,[X14_X6_GET_resp_2xx],2828,3,10,0,0,0,0,0,0,0,0,0,0,0,0,3
2829,[X1_X14_GET_resp_2xx],2829,3,3,0,0,0,0,0,0,0,0,0,0,0,0,0
2830,[X0_X1_GET_resp_2xx],2830,0,0,0,0,0,0,0,0,0,0,0,0,0,0,0
2831,REST_X0,2831,2,0,0,0,0,0,0,0,0,0,0,0,0,0,0
2832,[X0_X1_GET_req],2832,3,1,0,0,0,0,0,0,0,0,0,0,0,0,0
2833,REST_X1,2833,3,2,0,0,0,0,0,0,0,0,0,0,0,0,0
2834,REST_X1,2834,3,5,0,0,0,0,0,0,0,0,0,0,0,0,0
2835,[X1_X8_GET_req],2835,3,6,0,0,0,0,0,0,1,0,0,0,0,0,0
2836,REST_X8,2836,3,6,0,0,0,0,0,0,2,0,0,0,0,0,0
2837,REST_X8,2837,3,6,0,0,0,0,0,0,5,0,0,0,0,0,0
2838,[X8_X12_GET_req],2838,3,6,0,0,0,0,0,0,6,0,0,0,1,0,0
2839,REST_X12,2839,3,6,0,0,0,0,0,0,6,0,0,0,2,0,0
2840,REST_X12,2840,3,6,0,0,0,0,0,0,6,0,0,0,9,0,0
2841,[X12_X13_GET_req],2841,3,6,0,0,0,0,0,0,6,0,0,0,10,1,0
2842,REST_X13,2842,3,6,0,0,0,0,0,0,6,0,0,0,10,2,0
2843,REST_X13,2843,3,6,0,0,0,0,0,0,6,0,0,0,10,5,0
2844,[X13_X4_GET_req],2844,3,6,0,0,1,0,0,0,6,0,0,0,10,6,0
2845,REST_X4,2845,3,6,0,0,2,0,0,0,6,0,0,0,10,6,0
2846,REST_X4,2846,3,6,0,0,5,0,0,0,6,0,0,0,10,6,0
2847,[X4_X2_GET_req],2847,3,6,1,0,6,0,0,0,6,0,0,0,10,6,0
2848,REST_X2,2848,3,6,2,0,6,0,0,0,6,0,0,0,10,6,0
2849,REST_X2,2849,3,6,3,0,6,0,0,0,6,0,0,0,10,6,0
2850,[X4_X2_GET_resp_2xx],2850,3,6,0,0,3,0,0,0,6,0,0,0,10,6,0
2851,[X13_X4_GET_resp_2xx],2851,3,6,0,0,0,0,0,0,6,0,0,0,10,3,0
2852,[X12_X13_GET_resp_2xx],2852,3,6,0,0,0,0,0,0,6,0,0,0,3,0,0
2853,[X8_X12_GET_resp_2xx],2853,3,6,0,0,0,0,0,0,3,0,0,0,0,0,0
2854,[X1_X8_GET_resp_2xx],2854,3,3,0,0,0,0,0,0,0,0,0,0,0,0,0
2855,[X0_X1_GET_resp_2xx],2855,0,0,0,0,0,0,0,0,0,0,0,0,0,0,0
2856,REST_X0,2856,2,0,0,0,0,0,0,0,0,0,0,0,0,0,0
2857,[X0_X1_GET_req],2857,3,1,0,0,0,0,0,0,0,0,0,0,0,0,0
2858,REST_X1,2858,3,2,0,0,0,0,0,0,0,0,0,0,0,0,0
2859,REST_X1,2859,3,9,0,0,0,0,0,0,0,0,0,0,0,0,0
2860,[X1_X14_GET_req],2860,3,10,0,0,0,0,0,0,0,0,0,0,0,0,1
2861,REST_X14,2861,3,10,0,0,0,0,0,0,0,0,0,0,0,0,2
2862,REST_X14,2862,3,10,0,0,0,0,0,0,0,0,0,0,0,0,5
2863,[X14_X6_GET_req],2863,3,10,0,0,0,0,1,0,0,0,0,0,0,0,6
2864,REST_X6,2864,3,10,0,0,0,0,2,0,0,0,0,0,0,0,6
2865,REST_X6,2865,3,10,0,0,0,0,5,0,0,0,0,0,0,0,6
2866,[X6_X5_GET_req],2866,3,10,0,0,0,1,6,0,0,0,0,0,0,0,6
2867,REST_X5,2867,3,10,0,0,0,2,6,0,0,0,0,0,0,0,6
2868,REST_X5,2868,3,10,0,0,0,4,6,0,0,0,0,0,0,0,6
2869,[X6_X5_GET_resp_5xx],2869,3,10,0,0,0,0,7,0,0,0,0,0,0,0,6
2870,[X6_X5_GET_req],2870,3,10,0,0,0,1,8,0,0,0,0,0,0,0,6
2871,REST_X5,2871,3,10,0,0,0,2,8,0,0,0,0,0,0,0,6
2872,REST_X5,2872,3,10,0,0,0,3,8,0,0,0,0,0,0,0,6
2873,[X6_X5_GET_resp_2xx],2873,3,10,0,0,0,0,3,0,0,0,0,0,0,0,6
2874,[X14_X6_GET_resp_2xx],2874,3,10,0,0,0,0,0,0,0,0,0,0,0,0,3
2875,[X1_X14_GET_resp_2xx],2875,3,3,0,0,0,0,0,0,0,0,0,0,0,0,0
2876,[X0_X1_GET_resp_2xx],2876,0,0,0,0,0,0,0,0,0,0,0,0,0,0,0
2877,REST_X0,2877,2,0,0,0,0,0,0,0,0,0,0,0,0,0,0
2878,[X0_X1_GET_req],2878,3,1,0,0,0,0,0,0,0,0,0,0,0,0,0
2879,REST_X1,2879,3,2,0,0,0,0,0,0,0,0,0,0,0,0,0
2880,REST_X1,2880,3,9,0,0,0,0,0,0,0,0,0,0,0,0,0
2881,[X1_X14_GET_req],2881,3,10,0,0,0,0,0,0,0,0,0,0,0,0,1
2882,REST_X14,2882,3,10,0,0,0,0,0,0,0,0,0,0,0,0,2
2883,REST_X14,2883,3,10,0,0,0,0,0,0,0,0,0,0,0,0,5
2884,[X14_X6_GET_req],2884,3,10,0,0,0,0,1,0,0,0,0,0,0,0,6
2885,REST_X6,2885,3,10,0,0,0,0,2,0,0,0,0,0,0,0,6
2886,REST_X6,2886,3,10,0,0,0,0,5,0,0,0,0,0,0,0,6
2887,[X6_X5_GET_req],2887,3,10,0,0,0,1,6,0,0,0,0,0,0,0,6
2888,REST_X5,2888,3,10,0,0,0,2,6,0,0,0,0,0,0,0,6
2889,REST_X5,2889,3,10,0,0,0,4,6,0,0,0,0,0,0,0,6
2890,[X6_X5_GET_resp_5xx],2890,3,10,0,0,0,0,7,0,0,0,0,0,0,0,6
2891,[X6_X5_GET_req],2891,3,10,0,0,0,1,8,0,0,0,0,0,0,0,6
2892,REST_X5,2892,3,10,0,0,0,2,8,0,0,0,0,0,0,0,6
2893,REST_X5,2893,3,10,0,0,0,3,8,0,0,0,0,0,0,0,6
2894,[X6_X5_GET_resp_2xx],2894,3,10,0,0,0,0,3,0,0,0,0,0,0,0,6
2895,[X14_X6_GET_resp_2xx],2895,3,10,0,0,0,0,0,0,0,0,0,0,0,0,3
2896,[X1_X14_GET_resp_2xx],2896,3,3,0,0,0,0,0,0,0,0,0,0,0,0,0
2897,[X0_X1_GET_resp_2xx],2897,0,0,0,0,0,0,0,0,0,0,0,0,0,0,0
2898,REST_X0,2898,2,0,0,0,0,0,0,0,0,0,0,0,0,0,0
2899,[X0_X1_GET_req],2899,3,1,0,0,0,0,0,0,0,0,0,0,0,0,0
2900,REST_X1,2900,3,2,0,0,0,0,0,0,0,0,0,0,0,0,0
2901,REST_X1,2901,3,5,0,0,0,0,0,0,0,0,0,0,0,0,0
2902,[X1_X8_GET_req],2902,3,6,0,0,0,0,0,0,1,0,0,0,0,0,0
2903,REST_X8,2903,3,6,0,0,0,0,0,0,2,0,0,0,0,0,0
2904,REST_X8,2904,3,6,0,0,0,0,0,0,5,0,0,0,0,0,0
2905,[X8_X12_GET_req],2905,3,6,0,0,0,0,0,0,6,0,0,0,1,0,0
2906,REST_X12,2906,3,6,0,0,0,0,0,0,6,0,0,0,2,0,0
2907,REST_X12,2907,3,6,0,0,0,0,0,0,6,0,0,0,9,0,0
2908,[X12_X13_GET_req],2908,3,6,0,0,0,0,0,0,6,0,0,0,10,1,0
2909,REST_X13,2909,3,6,0,0,0,0,0,0,6,0,0,0,10,2,0
2910,REST_X13,2910,3,6,0,0,0,0,0,0,6,0,0,0,10,5,0
2911,[X13_X4_GET_req],2911,3,6,0,0,1,0,0,0,6,0,0,0,10,6,0
2912,REST_X4,2912,3,6,0,0,2,0,0,0,6,0,0,0,10,6,0
2913,REST_X4,2913,3,6,0,0,9,0,0,0,6,0,0,0,10,6,0
2914,[X4_X7_GET_req],2914,3,6,0,0,10,0,0,1,6,0,0,0,10,6,0
2915,REST_X7,2915,3,6,0,0,10,0,0,2,6,0,0,0,10,6,0
2916,REST_X7,2916,3,6,0,0,10,0,0,5,6,0,0,0,10,6,0
2917,[X7_X10_GET_req],2917,3,6,0,0,10,0,0,6,6,0,1,0,10,6,0
2918,REST_X10,2918,3,6,0,0,10,0,0,6,6,0,2,0,10,6,0
2919,REST_X10,2919,3,6,0,0,10,0,0,6,6,0,3,0,10,6,0
2920,[X7_X10_GET_resp_2xx],2920,3,6,0,0,10,0,0,3,6,0,0,0,10,6,0
2921,[X4_X7_GET_resp_2xx],2921,3,6,0,0,3,0,0,0,6,0,0,0,10,6,0
2922,[X13_X4_GET_resp_2xx],2922,3,6,0,0,0,0,0,0,6,0,0,0,10,3,0
2923,[X12_X13_GET_resp_2xx],2923,3,6,0,0,0,0,0,0,6,0,0,0,3,0,0
2924,[X8_X12_GET_resp_2xx],2924,3,6,0,0,0,0,0,0,3,0,0,0,0,0,0
2925,[X1_X8_GET_resp_2xx],2925,3,3,0,0,0,0,0,0,0,0,0,0,0,0,0
2926,[X0_X1_GET_resp_2xx],2926,0,0,0,0,0,0,0,0,0,0,0,0,0,0,0
2927,REST_X0,2927,2,0,0,0,0,0,0,0,0,0,0,0,0,0,0
2928,[X0_X1_GET_req],2928,3,1,0,0,0,0,0,0,0,0,0,0,0,0,0
2929,REST_X1,2929,3,2,0,0,0,0,0,0,0,0,0,0,0,0,0
2930,REST_X1,2930,3,5,0,0,0,0,0,0,0,0,0,0,0,0,0
2931,[X1_X8_GET_req],2931,3,6,0,0,0,0,0,0,1,0,0,0,0,0,0
2932,REST_X8,2932,3,6,0,0,0,0,0,0,2,0,0,0,0,0,0
2933,REST_X8,2933,3,6,0,0,0,0,0,0,5,0,0,0,0,0,0
2934,[X8_X12_GET_req],2934,3,6,0,0,0,0,0,0,6,0,0,0,1,0,0
2935,REST_X12,2935,3,6,0,0,0,0,0,0,6,0,0,0,2,0,0
2936,REST_X12,2936,3,6,0,0,0,0,0,0,6,0,0,0,9,0,0
2937,[X12_X13_GET_req],2937,3,6,0,0,0,0,0,0,6,0,0,0,10,1,0
2938,REST_X13,2938,3,6,0,0,0,0,0,0,6,0,0,0,10,2,0
2939,REST_X13,2939,3,6,0,0,0,0,0,0,6,0,0,0,10,5,0
2940,[X13_X4_GET_req],2940,3,6,0,0,1,0,0,0,6,0,0,0,10,6,0
2941,REST_X4,2941,3,6,0,0,2,0,0,0,6,0,0,0,10,6,0
2942,REST_X4,2942,3,6,0,0,13,0,0,0,6,0,0,0,10,6,0
2943,[X4_X11_GET_req],2943,3,6,0,0,14,0,0,0,6,0,0,1,10,6,0
2944,REST_X11,2944,3,6,0,0,14,0,0,0,6,0,0,2,10,6,0
2945,REST_X11,2945,3,6,0,0,14,0,0,0,6,0,0,4,10,6,0
2946,[X4_X11_GET_resp_5xx],2946,3,6,0,0,15,0,0,0,6,0,0,0,10,6,0
2947,[X4_X11_GET_req],2947,3,6,0,0,16,0,0,0,6,0,0,1,10,6,0
2948,REST_X11,2948,3,6,0,0,16,0,0,0,6,0,0,2,10,6,0
2949,REST_X11,2949,3,6,0,0,16,0,0,0,6,0,0,3,10,6,0
2950,[X4_X11_GET_resp_2xx],2950,3,6,0,0,3,0,0,0,6,0,0,0,10,6,0
2951,[X13_X4_GET_resp_2xx],2951,3,6,0,0,0,0,0,0,6,0,0,0,10,3,0
2952,[X12_X13_GET_resp_2xx],2952,3,6,0,0,0,0,0,0,6,0,0,0,3,0,0
2953,[X8_X12_GET_resp_2xx],2953,3,6,0,0,0,0,0,0,3,0,0,0,0,0,0
2954,[X1_X8_GET_resp_2xx],2954,3,3,0,0,0,0,0,0,0,0,0,0,0,0,0
2955,[X0_X1_GET_resp_2xx],2955,0,0,0,0,0,0,0,0,0,0,0,0,0,0,0
2956,REST_X0,2956,2,0,0,0,0,0,0,0,0,0,0,0,0,0,0
2957,[X0_X1_GET_req],2957,3,1,0,0,0,0,0,0,0,0,0,0,0,0,0
2958,REST_X1,2958,3,2,0,0,0,0,0,0,0,0,0,0,0,0,0
2959,REST_X1,2959,3,9,0,0,0,0,0,0,0,0,0,0,0,0,0
2960,[X1_X14_GET_req],2960,3,10,0,0,0,0,0,0,0,0,0,0,0,0,1
2961,REST_X14,2961,3,10,0,0,0,0,0,0,0,0,0,0,0,0,2
2962,REST_X14,2962,3,10,0,0,0,0,0,0,0,0,0,0,0,0,5
2963,[X14_X6_GET_req],2963,3,10,0,0,0,0,1,0,0,0,0,0,0,0,6
2964,REST_X6,2964,3,10,0,0,0,0,2,0,0,0,0,0,0,0,6
2965,REST_X6,2965,3,10,0,0,0,0,5,0,0,0,0,0,0,0,6
2966,[X6_X5_GET_req],2966,3,10,0,0,0,1,6,0,0,0,0,0,0,0,6
2967,REST_X5,2967,3,10,0,0,0,2,6,0,0,0,0,0,0,0,6
2968,REST_X5,2968,3,10,0,0,0,3,6,0,0,0,0,0,0,0,6
2969,[X6_X5_GET_resp_2xx],2969,3,10,0,0,0,0,3,0,0,0,0,0,0,0,6
2970,[X14_X6_GET_resp_2xx],2970,3,10,0,0,0,0,0,0,0,0,0,0,0,0,3
2971,[X1_X14_GET_resp_2xx],2971,3,3,0,0,0,0,0,0,0,0,0,0,0,0,0
2972,[X0_X1_GET_resp_2xx],2972,0,0,0,0,0,0,0,0,0,0,0,0,0,0,0
2973,REST_X0,2973,2,0,0,0,0,0,0,0,0,0,0,0,0,0,0
2974,[X0_X1_GET_req],2974,3,1,0,0,0,0,0,0,0,0,0,0,0,0,0
2975,REST_X1,2975,3,2,0,0,0,0,0,0,0,0,0,0,0,0,0
2976,REST_X1,2976,3,9,0,0,0,0,0,0,0,0,0,0,0,0,0
2977,[X1_X14_GET_req],2977,3,10,0,0,0,0,0,0,0,0,0,0,0,0,1
2978,REST_X14,2978,3,10,0,0,0,0,0,0,0,0,0,0,0,0,2
2979,REST_X14,2979,3,10,0,0,0,0,0,0,0,0,0,0,0,0,5
2980,[X14_X6_GET_req],2980,3,10,0,0,0,0,1,0,0,0,0,0,0,0,6
2981,REST_X6,2981,3,10,0,0,0,0,2,0,0,0,0,0,0,0,6
2982,REST_X6,2982,3,10,0,0,0,0,5,0,0,0,0,0,0,0,6
2983,[X6_X5_GET_req],2983,3,10,0,0,0,1,6,0,0,0,0,0,0,0,6
2984,REST_X5,2984,3,10,0,0,0,2,6,0,0,0,0,0,0,0,6
2985,REST_X5,2985,3,10,0,0,0,3,6,0,0,0,0,0,0,0,6
2986,[X6_X5_GET_resp_2xx],2986,3,10,0,0,0,0,3,0,0,0,0,0,0,0,6
2987,[X14_X6_GET_resp_2xx],2987,3,10,0,0,0,0,0,0,0,0,0,0,0,0,3
2988,[X1_X14_GET_resp_2xx],2988,3,3,0,0,0,0,0,0,0,0,0,0,0,0,0
2989,[X0_X1_GET_resp_2xx],2989,0,0,0,0,0,0,0,0,0,0,0,0,0,0,0
2990,REST_X0,2990,2,0,0,0,0,0,0,0,0,0,0,0,0,0,0
2991,[X0_X1_GET_req],2991,3,1,0,0,0,0,0,0,0,0,0,0,0,0,0
2992,REST_X1,2992,3,2,0,0,0,0,0,0,0,0,0,0,0,0,0
2993,REST_X1,2993,3,9,0,0,0,0,0,0,0,0,0,0,0,0,0
2994,[X1_X14_GET_req],2994,3,10,0,0,0,0,0,0,0,0,0,0,0,0,1
2995,REST_X14,2995,3,10,0,0,0,0,0,0,0,0,0,0,0,0,2
2996,REST_X14,2996,3,10,0,0,0,0,0,0,0,0,0,0,0,0,5
2997,[X14_X6_GET_req],2997,3,10,0,0,0,0,1,0,0,0,0,0,0,0,6
2998,REST_X6,2998,3,10,0,0,0,0,2,0,0,0,0,0,0,0,6
2999,REST_X6,2999,3,10,0,0,0,0,5,0,0,0,0,0,0,0,6
3000,[X6_X5_GET_req],3000,3,10,0,0,0,1,6,0,0,0,0,0,0,0,6
3001,REST_X5,3001,3,10,0,0,0,2,6,0,0,0,0,0,0,0,6
3002,REST_X5,3002,3,10,0,0,0,4,6,0,0,0,0,0,0,0,6
3003,[X6_X5_GET_resp_5xx],3003,3,10,0,0,0,0,7,0,0,0,0,0,0,0,6
3004,[X6_X5_GET_req],3004,3,10,0,0,0,1,8,0,0,0,0,0,0,0,6
3005,REST_X5,3005,3,10,0,0,0,2,8,0,0,0,0,0,0,0,6
3006,REST_X5,3006,3,10,0,0,0,3,8,0,0,0,0,0,0,0,6
3007,[X6_X5_GET_resp_2xx],3007,3,10,0,0,0,0,3,0,0,0,0,0,0,0,6
3008,[X14_X6_GET_resp_2xx],3008,3,10,0,0,0,0,0,0,0,0,0,0,0,0,3
3009,[X1_X14_GET_resp_2xx],3009,3,3,0,0,0,0,0,0,0,0,0,0,0,0,0
3010,[X0_X1_GET_resp_2xx],3010,0,0,0,0,0,0,0,0,0,0,0,0,0,0,0
3011,REST_X0,3011,2,0,0,0,0,0,0,0,0,0,0,0,0,0,0
3012,[X0_X1_GET_req],3012,3,1,0,0,0,0,0,0,0,0,0,0,0,0,0
3013,REST_X1,3013,3,2,0,0,0,0,0,0,0,0,0,0,0,0,0
3014,REST_X1,3014,3,5,0,0,0,0,0,0,0,0,0,0,0,0,0
3015,[X1_X8_GET_req],3015,3,6,0,0,0,0,0,0,1,0,0,0,0,0,0
3016,REST_X8,3016,3,6,0,0,0,0,0,0,2,0,0,0,0,0,0
3017,REST_X8,3017,3,6,0,0,0,0,0,0,5,0,0,0,0,0,0
3018,[X8_X12_GET_req],3018,3,6,0,0,0,0,0,0,6,0,0,0,1,0,0
3019,REST_X12,3019,3,6,0,0,0,0,0,0,6,0,0,0,2,0,0
3020,REST_X12,3020,3,6,0,0,0,0,0,0,6,0,0,0,5,0,0
3021,[X12_X3_GET_req],3021,3,6,0,1,0,0,0,0,6,0,0,0,6,0,0
3022,REST_X3,3022,3,6,0,2,0,0,0,0,6,0,0,0,6,0,0
3023,REST_X3,3023,3,6,0,5,0,0,0,0,6,0,0,0,6,0,0
3024,[X3_X9_GET_req],3024,3,6,0,6,0,0,0,0,6,1,0,0,6,0,0
3025,REST_X9,3025,3,6,0,6,0,0,0,0,6,2,0,0,6,0,0
3026,REST_X9,3026,3,6,0,6,0,0,0,0,6,3,0,0,6,0,0
3027,[X3_X9_GET_resp_2xx],3027,3,6,0,3,0,0,0,0,6,0,0,0,6,0,0
3028,[X12_X3_GET_resp_2xx],3028,3,6,0,0,0,0,0,0,6,0,0,0,3,0,0
3029,[X8_X12_GET_resp_2xx],3029,3,6,0,0,0,0,0,0,3,0,0,0,0,0,0
3030,[X1_X8_GET_resp_2xx],3030,3,3,0,0,0,0,0,0,0,0,0,0,0,0,0
3031,[X0_X1_GET_resp_2xx],3031,0,0,0,0,0,0,0,0,0,0,0,0,0,0,0
3032,REST_X0,3032,2,0,0,0,0,0,0,0,0,0,0,0,0,0,0
3033,[X0_X1_GET_req],3033,3,1,0,0,0,0,0,0,0,0,0,0,0,0,0
3034,REST_X1,3034,3,2,0,0,0,0,0,0,0,0,0,0,0,0,0
3035,REST_X1,3035,3,5,0,0,0,0,0,0,0,0,0,0,0,0,0
3036,[X1_X8_GET_req],3036,3,6,0,0,0,0,0,0,1,0,0,0,0,0,0
3037,REST_X8,3037,3,6,0,0,0,0,0,0,2,0,0,0,0,0,0
3038,REST_X8,3038,3,6,0,0,0,0,0,0,5,0,0,0,0,0,0
3039,[X8_X12_GET_req],3039,3,6,0,0,0,0,0,0,6,0,0,0,1,0,0
3040,REST_X12,3040,3,6,0,0,0,0,0,0,6,0,0,0,2,0,0
3041,REST_X12,3041,3,6,0,0,0,0,0,0,6,0,0,0,9,0,0
3042,[X12_X13_GET_req],3042,3,6,0,0,0,0,0,0,6,0,0,0,10,1,0
3043,REST_X13,3043,3,6,0,0,0,0,0,0,6,0,0,0,10,2,0
3044,REST_X13,3044,3,6,0,0,0,0,0,0,6,0,0,0,10,5,0
3045,[X13_X4_GET_req],3045,3,6,0,0,1,0,0,0,6,0,0,0,10,6,0
3046,REST_X4,3046,3,6,0,0,2,0,0,0,6,0,0,0,10,6,0
3047,REST_X4,3047,3,6,0,0,13,0,0,0,6,0,0,0,10,6,0
3048,[X4_X11_GET_req],3048,3,6,0,0,14,0,0,0,6,0,0,1,10,6,0
3049,REST_X11,3049,3,6,0,0,14,0,0,0,6,0,0,2,10,6,0
3050,REST_X11,3050,3,6,0,0,14,0,0,0,6,0,0,3,10,6,0
3051,[X4_X11_GET_resp_2xx],3051,3,6,0,0,3,0,0,0,6,0,0,0,10,6,0
3052,[X13_X4_GET_resp_2xx],3052,3,6,0,0,0,0,0,0,6,0,0,0,10,3,0
3053,[X12_X13_GET_resp_2xx],3053,3,6,0,0,0,0,0,0,6,0,0,0,3,0,0
3054,[X8_X12_GET_resp_2xx],3054,3,6,0,0,0,0,0,0,3,0,0,0,0,0,0
3055,[X1_X8_GET_resp_2xx],3055,3,3,0,0,0,0,0,0,0,0,0,0,0,0,0
3056,[X0_X1_GET_resp_2xx],3056,0,0,0,0,0,0,0,0,0,0,0,0,0,0,0
3057,REST_X0,3057,2,0,0,0,0,0,0,0,0,0,0,0,0,0,0
3058,[X0_X1_GET_req],3058,3,1,0,0,0,0,0,0,0,0,0,0,0,0,0
3059,REST_X1,3059,3,2,0,0,0,0,0,0,0,0,0,0,0,0,0
3060,REST_X1,3060,3,9,0,0,0,0,0,0,0,0,0,0,0,0,0
3061,[X1_X14_GET_req],3061,3,10,0,0,0,0,0,0,0,0,0,0,0,0,1
3062,REST_X14,3062,3,10,0,0,0,0,0,0,0,0,0,0,0,0,2
3063,REST_X14,3063,3,10,0,0,0,0,0,0,0,0,0,0,0,0,5
3064,[X14_X6_GET_req],3064,3,10,0,0,0,0,1,0,0,0,0,0,0,0,6
3065,REST_X6,3065,3,10,0,0,0,0,2,0,0,0,0,0,0,0,6
3066,REST_X6,3066,3,10,0,0,0,0,5,0,0,0,0,0,0,0,6
3067,[X6_X5_GET_req],3067,3,10,0,0,0,1,6,0,0,0,0,0,0,0,6
3068,REST_X5,3068,3,10,0,0,0,2,6,0,0,0,0,0,0,0,6
3069,REST_X5,3069,3,10,0,0,0,3,6,0,0,0,0,0,0,0,6
3070,[X6_X5_GET_resp_2xx],3070,3,10,0,0,0,0,3,0,0,0,0,0,0,0,6
3071,[X14_X6_GET_resp_2xx],3071,3,10,0,0,0,0,0,0,0,0,0,0,0,0,3
3072,[X1_X14_GET_resp_2xx],3072,3,3,0,0,0,0,0,0,0,0,0,0,0,0,0
3073,[X0_X1_GET_resp_2xx],3073,0,0,0,0,0,0,0,0,0,0,0,0,0,0,0
3074,REST_X0,3074,2,0,0,0,0,0,0,0,0,0,0,0,0,0,0
3075,[X0_X1_GET_req],3075,3,1,0,0,0,0,0,0,0,0,0,0,0,0,0
3076,REST_X1,3076,3,2,0,0,0,0,0,0,0,0,0,0,0,0,0
3077,REST_X1,3077,3,9,0,0,0,0,0,0,0,0,0,0,0,0,0
3078,[X1_X14_GET_req],3078,3,10,0,0,0,0,0,0,0,0,0,0,0,0,1
3079,REST_X14,3079,3,10,0,0,0,0,0,0,0,0,0,0,0,0,2
3080,REST_X14,3080,3,10,0,0,0,0,0,0,0,0,0,0,0,0,5
3081,[X14_X6_GET_req],3081,3,10,0,0,0,0,1,0,0,0,0,0,0,0,6
3082,REST_X6,3082,3,10,0,0,0,0,2,0,0,0,0,0,0,0,6
3083,REST_X6,3083,3,10,0,0,0,0,5,0,0,0,0,0,0,0,6
3084,[X6_X5_GET_req],3084,3,10,0,0,0,1,6,0,0,0,0,0,0,0,6
3085,REST_X5,3085,3,10,0,0,0,2,6,0,0,0,0,0,0,0,6
3086,REST_X5,3086,3,10,0,0,0,3,6,0,0,0,0,0,0,0,6
3087,[X6_X5_GET_resp_2xx],3087,3,10,0,0,0,0,3,0,0,0,0,0,0,0,6
3088,[X14_X6_GET_resp_2xx],3088,3,10,0,0,0,0,0,0,0,0,0,0,0,0,3
3089,[X1_X14_GET_resp_2xx],3089,3,3,0,0,0,0,0,0,0,0,0,0,0,0,0
3090,[X0_X1_GET_resp_2xx],3090,0,0,0,0,0,0,0,0,0,0,0,0,0,0,0
3091,REST_X0,3091,2,0,0,0,0,0,0,0,0,0,0,0,0,0,0
3092,[X0_X1_GET_req],3092,3,1,0,0,0,0,0,0,0,0,0,0,0,0,0
3093,REST_X1,3093,3,2,0,0,0,0,0,0,0,0,0,0,0,0,0
3094,REST_X1,3094,3,5,0,0,0,0,0,0,0,0,0,0,0,0,0
3095,[X1_X8_GET_req],3095,3,6,0,0,0,0,0,0,1,0,0,0,0,0,0
3096,REST_X8,3096,3,6,0,0,0,0,0,0,2,0,0,0,0,0,0
3097,REST_X8,3097,3,6,0,0,0,0,0,0,5,0,0,0,0,0,0
3098,[X8_X12_GET_req],3098,3,6,0,0,0,0,0,0,6,0,0,0,1,0,0
3099,REST_X12,3099,3,6,0,0,0,0,0,0,6,0,0,0,2,0,0
3100,REST_X12,3100,3,6,0,0,0,0,0,0,6,0,0,0,9,0,0
3101,[X12_X13_GET_req],3101,3,6,0,0,0,0,0,0,6,0,0,0,10,1,0
3102,REST_X13,3102,3,6,0,0,0,0,0,0,6,0,0,0,10,2,0
3103,REST_X13,3103,3,6,0,0,0,0,0,0,6,0,0,0,10,5,0
3104,[X13_X4_GET_req],3104,3,6,0,0,1,0,0,0,6,0,0,0,10,6,0
3105,REST_X4,3105,3,6,0,0,2,0,0,0,6,0,0,0,10,6,0
3106,REST_X4,3106,3,6,0,0,5,0,0,0,6,0,0,0,10,6,0
3107,[X4_X2_GET_req],3107,3,6,1,0,6,0,0,0,6,0,0,0,10,6,0
3108,REST_X2,3108,3,6,2,0,6,0,0,0,6,0,0,0,10,6,0
3109,REST_X2,3109,3,6,3,0,6,0,0,0,6,0,0,0,10,6,0
3110,[X4_X2_GET_resp_2xx],3110,3,6,0,0,3,0,0,0,6,0,0,0,10,6,0
3111,[X13_X4_GET_resp_2xx],3111,3,6,0,0,0,0,0,0,6,0,0,0,10,3,0
3112,[X12_X13_GET_resp_2xx],3112,3,6,0,0,0,0,0,0,6,0,0,0,3,0,0
3113,[X8_X12_GET_resp_2xx],3113,3,6,0,0,0,0,0,0,3,0,0,0,0,0,0
3114,[X1_X8_GET_resp_2xx],3114,3,3,0,0,0,0,0,0,0,0,0,0,0,0,0
3115,[X0_X1_GET_resp_2xx],3115,0,0,0,0,0,0,0,0,0,0,0,0,0,0,0
3116,REST_X0,3116,2,0,0,0,0,0,0,0,0,0,0,0,0,0,0
3117,[X0_X1_GET_req],3117,3,1,0,0,0,0,0,0,0,0,0,0,0,0,0
3118,REST_X1,3118,3,2,0,0,0,0,0,0,0,0,0,0,0,0,0
3119,REST_X1,3119,3,9,0,0,0,0,0,0,0,0,0,0,0,0,0
3120,[X1_X14_GET_req],3120,3,10,0,0,0,0,0,0,0,0,0,0,0,0,1
3121,REST_X14,3121,3,10,0,0,0,0,0,0,0,0,0,0,0,0,2
3122,REST_X14,3122,3,10,0,0,0,0,0,0,0,0,0,0,0,0,5
3123,[X14_X6_GET_req],3123,3,10,0,0,0,0,1,0,0,0,0,0,0,0,6
3124,REST_X6,3124,3,10,0,0,0,0,2,0,0,0,0,0,0,0,6
3125,REST_X6,3125,3,10,0,0,0,0,5,0,0,0,0,0,0,0,6
3126,[X6_X5_GET_req],3126,3,10,0,0,0,1,6,0,0,0,0,0,0,0,6
3127,REST_X5,3127,3,10,0,0,0,2,6,0,0,0,0,0,0,0,6
3128,REST_X5,3128,3,10,0,0,0,3,6,0,0,0,0,0,0,0,6
3129,[X6_X5_GET_resp_2xx],3129,3,10,0,0,0,0,3,0,0,0,0,0,0,0,6
3130,[X14_X6_GET_resp_2xx],3130,3,10,0,0,0,0,0,0,0,0,0,0,0,0,3
3131,[X1_X14_GET_resp_2xx],3131,3,3,0,0,0,0,0,0,0,0,0,0,0,0,0
3132,[X0_X1_GET_resp_2xx],3132,0,0,0,0,0,0,0,0,0,0,0,0,0,0,0
3133,REST_X0,3133,2,0,0,0,0,0,0,0,0,0,0,0,0,0,0
3134,[X0_X1_GET_req],3134,3,1,0,0,0,0,0,0,0,0,0,0,0,0,0
3135,REST_X1,3135,3,2,0,0,0,0,0,0,0,0,0,0,0,0,0
3136,REST_X1,3136,3,5,0,0,0,0,0,0,0,0,0,0,0,0,0
3137,[X1_X8_GET_req],3137,3,6,0,0,0,0,0,0,1,0,0,0,0,0,0
3138,REST_X8,3138,3,6,0,0,0,0,0,0,2,0,0,0,0,0,0
3139,REST_X8,3139,3,6,0,0,0,0,0,0,5,0,0,0,0,0,0
3140,[X8_X12_GET_req],3140,3,6,0,0,0,0,0,0,6,0,0,0,1,0,0
3141,REST_X12,3141,3,6,0,0,0,0,0,0,6,0,0,0,2,0,0
3142,REST_X12,3142,3,6,0,0,0,0,0,0,6,0,0,0,9,0,0
3143,[X12_X13_GET_req],3143,3,6,0,0,0,0,0,0,6,0,0,0,10,1,0
3144,REST_X13,3144,3,6,0,0,0,0,0,0,6,0,0,0,10,2,0
3145,REST_X13,3145,3,6,0,0,0,0,0,0,6,0,0,0,10,5,0
3146,[X13_X4_GET_req],3146,3,6,0,0,1,0,0,0,6,0,0,0,10,6,0
3147,REST_X4,3147,3,6,0,0,2,0,0,0,6,0,0,0,10,6,0
3148,REST_X4,3148,3,6,0,0,13,0,0,0,6,0,0,0,10,6,0
3149,[X4_X11_GET_req],3149,3,6,0,0,14,0,0,0,6,0,0,1,10,6,0
3150,REST_X11,3150,3,6,0,0,14,0,0,0,6,0,0,2,10,6,0
3151,REST_X11,3151,3,6,0,0,14,0,0,0,6,0,0,3,10,6,0
3152,[X4_X11_GET_resp_2xx],3152,3,6,0,0,3,0,0,0,6,0,0,0,10,6,0
3153,[X13_X4_GET_resp_2xx],3153,3,6,0,0,0,0,0,0,6,0,0,0,10,3,0
3154,[X12_X13_GET_resp_2xx],3154,3,6,0,0,0,0,0,0,6,0,0,0,3,0,0
3155,[X8_X12_GET_resp_2xx],3155,3,6,0,0,0,0,0,0,3,0,0,0,0,0,0
3156,[X1_X8_GET_resp_2xx],3156,3,3,0,0,0,0,0,0,0,0,0,0,0,0,0
3157,[X0_X1_GET_resp_2xx],3157,0,0,0,0,0,0,0,0,0,0,0,0,0,0,0
3158,REST_X0,3158,2,0,0,0,0,0,0,0,0,0,0,0,0,0,0
3159,[X0_X1_GET_req],3159,3,1,0,0,0,0,0,0,0,0,0,0,0,0,0
3160,REST_X1,3160,3,2,0,0,0,0,0,0,0,0,0,0,0,0,0
3161,REST_X1,3161,3,9,0,0,0,0,0,0,0,0,0,0,0,0,0
3162,[X1_X14_GET_req],3162,3,10,0,0,0,0,0,0,0,0,0,0,0,0,1
3163,REST_X14,3163,3,10,0,0,0,0,0,0,0,0,0,0,0,0,2
3164,REST_X14,3164,3,10,0,0,0,0,0,0,0,0,0,0,0,0,5
3165,[X14_X6_GET_req],3165,3,10,0,0,0,0,1,0,0,0,0,0,0,0,6
3166,REST_X6,3166,3,10,0,0,0,0,2,0,0,0,0,0,0,0,6
3167,REST_X6,3167,3,10,0,0,0,0,5,0,0,0,0,0,0,0,6
3168,[X6_X5_GET_req],3168,3,10,0,0,0,1,6,0,0,0,0,0,0,0,6
3169,REST_X5,3169,3,10,0,0,0,2,6,0,0,0,0,0,0,0,6
3170,REST_X5,3170,3,10,0,0,0,3,6,0,0,0,0,0,0,0,6
3171,[X6_X5_GET_resp_2xx],3171,3,10,0,0,0,0,3,0,0,0,0,0,0,0,6
3172,[X14_X6_GET_resp_2xx],3172,3,10,0,0,0,0,0,0,0,0,0,0,0,0,3
3173,[X1_X14_GET_resp_2xx],3173,3,3,0,0,0,0,0,0,0,0,0,0,0,0,0
3174,[X0_X1_GET_resp_2xx],3174,0,0,0,0,0,0,0,0,0,0,0,0,0,0,0
3175,REST_X0,3175,2,0,0,0,0,0,0,0,0,0,0,0,0,0,0
3176,[X0_X1_GET_req],3176,3,1,0,0,0,0,0,0,0,0,0,0,0,0,0
3177,REST_X1,3177,3,2,0,0,0,0,0,0,0,0,0,0,0,0,0
3178,REST_X1,3178,3,9,0,0,0,0,0,0,0,0,0,0,0,0,0
3179,[X1_X14_GET_req],3179,3,10,0,0,0,0,0,0,0,0,0,0,0,0,1
3180,REST_X14,3180,3,10,0,0,0,0,0,0,0,0,0,0,0,0,2
3181,REST_X14,3181,3,10,0,0,0,0,0,0,0,0,0,0,0,0,5
3182,[X14_X6_GET_req],3182,3,10,0,0,0,0,1,0,0,0,0,0,0,0,6
3183,REST_X6,3183,3,10,0,0,0,0,2,0,0,0,0,0,0,0,6
3184,REST_X6,3184,3,10,0,0,0,0,5,0,0,0,0,0,0,0,6
3185,[X6_X5_GET_req],3185,3,10,0,0,0,1,6,0,0,0,0,0,0,0,6
3186,REST_X5,3186,3,10,0,0,0,2,6,0,0,0,0,0,0,0,6
3187,REST_X5,3187,3,10,0,0,0,3,6,0,0,0,0,0,0,0,6
3188,[X6_X5_GET_resp_2xx],3188,3,10,0,0,0,0,3,0,0,0,0,0,0,0,6
3189,[X14_X6_GET_resp_2xx],3189,3,10,0,0,0,0,0,0,0,0,0,0,0,0,3
3190,[X1_X14_GET_resp_2xx],3190,3,3,0,0,0,0,0,0,0,0,0,0,0,0,0
3191,[X0_X1_GET_resp_2xx],3191,0,0,0,0,0,0,0,0,0,0,0,0,0,0,0
3192,REST_X0,3192,2,0,0,0,0,0,0,0,0,0,0,0,0,0,0
3193,[X0_X1_GET_req],3193,3,1,0,0,0,0,0,0,0,0,0,0,0,0,0
3194,REST_X1,3194,3,2,0,0,0,0,0,0,0,0,0,0,0,0,0
3195,REST_X1,3195,3,9,0,0,0,0,0,0,0,0,0,0,0,0,0
3196,[X1_X14_GET_req],3196,3,10,0,0,0,0,0,0,0,0,0,0,0,0,1
3197,REST_X14,3197,3,10,0,0,0,0,0,0,0,0,0,0,0,0,2
3198,REST_X14,3198,3,10,0,0,0,0,0,0,0,0,0,0,0,0,5
3199,[X14_X6_GET_req],3199,3,10,0,0,0,0,1,0,0,0,0,0,0,0,6
3200,REST_X6,3200,3,10,0,0,0,0,2,0,0,0,0,0,0,0,6
3201,REST_X6,3201,3,10,0,0,0,0,5,0,0,0,0,0,0,0,6
3202,[X6_X5_GET_req],3202,3,10,0,0,0,1,6,0,0,0,0,0,0,0,6
3203,REST_X5,3203,3,10,0,0,0,2,6,0,0,0,0,0,0,0,6
3204,REST_X5,3204,3,10,0,0,0,3,6,0,0,0,0,0,0,0,6
3205,[X6_X5_GET_resp_2xx],3205,3,10,0,0,0,0,3,0,0,0,0,0,0,0,6
3206,[X14_X6_GET_resp_2xx],3206,3,10,0,0,0,0,0,0,0,0,0,0,0,0,3
3207,[X1_X14_GET_resp_2xx],3207,3,3,0,0,0,0,0,0,0,0,0,0,0,0,0
3208,[X0_X1_GET_resp_2xx],3208,0,0,0,0,0,0,0,0,0,0,0,0,0,0,0
3209,REST_X0,3209,2,0,0,0,0,0,0,0,0,0,0,0,0,0,0
3210,[X0_X1_GET_req],3210,3,1,0,0,0,0,0,0,0,0,0,0,0,0,0
3211,REST_X1,3211,3,2,0,0,0,0,0,0,0,0,0,0,0,0,0
3212,REST_X1,3212,3,9,0,0,0,0,0,0,0,0,0,0,0,0,0
3213,[X1_X14_GET_req],3213,3,10,0,0,0,0,0,0,0,0,0,0,0,0,1
3214,REST_X14,3214,3,10,0,0,0,0,0,0,0,0,0,0,0,0,2
3215,REST_X14,3215,3,10,0,0,0,0,0,0,0,0,0,0,0,0,5
3216,[X14_X6_GET_req],3216,3,10,0,0,0,0,1,0,0,0,0,0,0,0,6
3217,REST_X6,3217,3,10,0,0,0,0,2,0,0,0,0,0,0,0,6
3218,REST_X6,3218,3,10,0,0,0,0,5,0,0,0,0,0,0,0,6
3219,[X6_X5_GET_req],3219,3,10,0,0,0,1,6,0,0,0,0,0,0,0,6
3220,REST_X5,3220,3,10,0,0,0,2,6,0,0,0,0,0,0,0,6
3221,REST_X5,3221,3,10,0,0,0,3,6,0,0,0,0,0,0,0,6
3222,[X6_X5_GET_resp_2xx],3222,3,10,0,0,0,0,3,0,0,0,0,0,0,0,6
3223,[X14_X6_GET_resp_2xx],3223,3,10,0,0,0,0,0,0,0,0,0,0,0,0,3
3224,[X1_X14_GET_resp_2xx],3224,3,3,0,0,0,0,0,0,0,0,0,0,0,0,0
3225,[X0_X1_GET_resp_2xx],3225,0,0,0,0,0,0,0,0,0,0,0,0,0,0,0
3226,REST_X0,3226,2,0,0,0,0,0,0,0,0,0,0,0,0,0,0
3227,[X0_X1_GET_req],3227,3,1,0,0,0,0,0,0,0,0,0,0,0,0,0
3228,REST_X1,3228,3,2,0,0,0,0,0,0,0,0,0,0,0,0,0
3229,REST_X1,3229,3,9,0,0,0,0,0,0,0,0,0,0,0,0,0
3230,[X1_X14_GET_req],3230,3,10,0,0,0,0,0,0,0,0,0,0,0,0,1
3231,REST_X14,3231,3,10,0,0,0,0,0,0,0,0,0,0,0,0,2
3232,REST_X14,3232,3,10,0,0,0,0,0,0,0,0,0,0,0,0,5
3233,[X14_X6_GET_req],3233,3,10,0,0,0,0,1,0,0,0,0,0,0,0,6
3234,REST_X6,3234,3,10,0,0,0,0,2,0,0,0,0,0,0,0,6
3235,REST_X6,3235,3,10,0,0,0,0,5,0,0,0,0,0,0,0,6
3236,[X6_X5_GET_req],3236,3,10,0,0,0,1,6,0,0,0,0,0,0,0,6
3237,REST_X5,3237,3,10,0,0,0,2,6,0,0,0,0,0,0,0,6
3238,REST_X5,3238,3,10,0,0,0,3,6,0,0,0,0,0,0,0,6
3239,[X6_X5_GET_resp_2xx],3239,3,10,0,0,0,0,3,0,0,0,0,0,0,0,6
3240,[X14_X6_GET_resp_2xx],3240,3,10,0,0,0,0,0,0,0,0,0,0,0,0,3
3241,[X1_X14_GET_resp_2xx],3241,3,3,0,0,0,0,0,0,0,0,0,0,0,0,0
3242,[X0_X1_GET_resp_2xx],3242,0,0,0,0,0,0,0,0,0,0,0,0,0,0,0
3243,REST_X0,3243,2,0,0,0,0,0,0,0,0,0,0,0,0,0,0
3244,[X0_X1_GET_req],3244,3,1,0,0,0,0,0,0,0,0,0,0,0,0,0
3245,REST_X1,3245,3,2,0,0,0,0,0,0,0,0,0,0,0,0,0
3246,REST_X1,3246,3,5,0,0,0,0,0,0,0,0,0,0,0,0,0
3247,[X1_X8_GET_req],3247,3,6,0,0,0,0,0,0,1,0,0,0,0,0,0
3248,REST_X8,3248,3,6,0,0,0,0,0,0,2,0,0,0,0,0,0
3249,REST_X8,3249,3,6,0,0,0,0,0,0,5,0,0,0,0,0,0
3250,[X8_X12_GET_req],3250,3,6,0,0,0,0,0,0,6,0,0,0,1,0,0
3251,REST_X12,3251,3,6,0,0,0,0,0,0,6,0,0,0,2,0,0
3252,REST_X12,3252,3,6,0,0,0,0,0,0,6,0,0,0,9,0,0
3253,[X12_X13_GET_req],3253,3,6,0,0,0,0,0,0,6,0,0,0,10,1,0
3254,REST_X13,3254,3,6,0,0,0,0,0,0,6,0,0,0,10,2,0
3255,REST_X13,3255,3,6,0,0,0,0,0,0,6,0,0,0,10,5,0
3256,[X13_X4_GET_req],3256,3,6,0,0,1,0,0,0,6,0,0,0,10,6,0
3257,REST_X4,3257,3,6,0,0,2,0,0,0,6,0,0,0,10,6,0
3258,REST_X4,3258,3,6,0,0,5,0,0,0,6,0,0,0,10,6,0
3259,[X4_X2_GET_req],3259,3,6,1,0,6,0,0,0,6,0,0,0,10,6,0
3260,REST_X2,3260,3,6,2,0,6,0,0,0,6,0,0,0,10,6,0
3261,REST_X2,3261,3,6,4,0,6,0,0,0,6,0,0,0,10,6,0
3262,[X4_X2_GET_resp_5xx],3262,3,6,0,0,7,0,0,0,6,0,0,0,10,6,0
3263,[X4_X2_GET_req],3263,3,6,1,0,8,0,0,0,6,0,0,0,10,6,0
3264,REST_X2,3264,3,6,2,0,8,0,0,0,6,0,0,0,10,6,0
3265,REST_X2,3265,3,6,3,0,8,0,0,0,6,0,0,0,10,6,0
3266,[X4_X2_GET_resp_2xx],3266,3,6,0,0,3,0,0,0,6,0,0,0,10,6,0
3267,[X13_X4_GET_resp_2xx],3267,3,6,0,0,0,0,0,0,6,0,0,0,10,3,0
3268,[X12_X13_GET_resp_2xx],3268,3,6,0,0,0,0,0,0,6,0,0,0,3,0,0
3269,[X8_X12_GET_resp_2xx],3269,3,6,0,0,0,0,0,0,3,0,0,0,0,0,0
3270,[X1_X8_GET_resp_2xx],3270,3,3,0,0,0,0,0,0,0,0,0,0,0,0,0
3271,[X0_X1_GET_resp_2xx],3271,0,0,0,0,0,0,0,0,0,0,0,0,0,0,0
3272,REST_X0,3272,2,0,0,0,0,0,0,0,0,0,0,0,0,0,0
3273,[X0_X1_GET_req],3273,3,1,0,0,0,0,0,0,0,0,0,0,0,0,0
3274,REST_X1,3274,3,2,0,0,0,0,0,0,0,0,0,0,0,0,0
3275,REST_X1,3275,3,9,0,0,0,0,0,0,0,0,0,0,0,0,0
3276,[X1_X14_GET_req],3276,3,10,0,0,0,0,0,0,0,0,0,0,0,0,1
3277,REST_X14,3277,3,10,0,0,0,0,0,0,0,0,0,0,0,0,2
3278,REST_X14,3278,3,10,0,0,0,0,0,0,0,0,0,0,0,0,5
3279,[X14_X6_GET_req],3279,3,10,0,0,0,0,1,0,0,0,0,0,0,0,6
3280,REST_X6,3280,3,10,0,0,0,0,2,0,0,0,0,0,0,0,6
3281,REST_X6,3281,3,10,0,0,0,0,5,0,0,0,0,0,0,0,6
3282,[X6_X5_GET_req],3282,3,10,0,0,0,1,6,0,0,0,0,0,0,0,6
3283,REST_X5,3283,3,10,0,0,0,2,6,0,0,0,0,0,0,0,6
3284,REST_X5,3284,3,10,0,0,0,3,6,0,0,0,0,0,0,0,6
3285,[X6_X5_GET_resp_2xx],3285,3,10,0,0,0,0,3,0,0,0,0,0,0,0,6
3286,[X14_X6_GET_resp_2xx],3286,3,10,0,0,0,0,0,0,0,0,0,0,0,0,3
3287,[X1_X14_GET_resp_2xx],3287,3,3,0,0,0,0,0,0,0,0,0,0,0,0,0
3288,[X0_X1_GET_resp_2xx],3288,0,0,0,0,0,0,0,0,0,0,0,0,0,0,0
3289,REST_X0,3289,2,0,0,0,0,0,0,0,0,0,0,0,0,0,0
3290,[X0_X1_GET_req],3290,3,1,0,0,0,0,0,0,0,0,0,0,0,0,0
3291,REST_X1,3291,3,2,0,0,0,0,0,0,0,0,0,0,0,0,0
3292,REST_X1,3292,3,5,0,0,0,0,0,0,0,0,0,0,0,0,0
3293,[X1_X8_GET_req],3293,3,6,0,0,0,0,0,0,1,0,0,0,0,0,0
3294,REST_X8,3294,3,6,0,0,0,0,0,0,2,0,0,0,0,0,0
3295,REST_X8,3295,3,6,0,0,0,0,0,0,5,0,0,0,0,0,0
3296,[X8_X12_GET_req],3296,3,6,0,0,0,0,0,0,6,0,0,0,1,0,0
3297,REST_X12,3297,3,6,0,0,0,0,0,0,6,0,0,0,2,0,0
3298,REST_X12,3298,3,6,0,0,0,0,0,0,6,0,0,0,9,0,0
3299,[X12_X13_GET_req],3299,3,6,0,0,0,0,0,0,6,0,0,0,10,1,0
3300,REST_X13,3300,3,6,0,0,0,0,0,0,6,0,0,0,10,2,0
3301,REST_X13,3301,3,6,0,0,0,0,0,0,6,0,0,0,10,5,0
3302,[X13_X4_GET_req],3302,3,6,0,0,1,0,0,0,6,0,0,0,10,6,0
3303,REST_X4,3303,3,6,0,0,2,0,0,0,6,0,0,0,10,6,0
3304,REST_X4,3304,3,6,0,0,9,0,0,0,6,0,0,0,10,6,0
3305,[X4_X7_GET_req],3305,3,6,0,0,10,0,0,1,6,0,0,0,10,6,0
3306,REST_X7,3306,3,6,0,0,10,0,0,2,6,0,0,0,10,6,0
3307,REST_X7,3307,3,6,0,0,10,0,0,5,6,0,0,0,10,6,0
3308,[X7_X10_GET_req],3308,3,6,0,0,10,0,0,6,6,0,1,0,10,6,0
3309,REST_X10,3309,3,6,0,0,10,0,0,6,6,0,2,0,10,6,0
3310,REST_X10,3310,3,6,0,0,10,0,0,6,6,0,3,0,10,6,0
3311,[X7_X10_GET_resp_2xx],3311,3,6,0,0,10,0,0,3,6,0,0,0,10,6,0
3312,[X4_X7_GET_resp_2xx],3312,3,6,0,0,3,0,0,0,6,0,0,0,10,6,0
3313,[X13_X4_GET_resp_2xx],3313,3,6,0,0,0,0,0,0,6,0,0,0,10,3,0
3314,[X12_X13_GET_resp_2xx],3314,3,6,0,0,0,0,0,0,6,0,0,0,3,0,0
3315,[X8_X12_GET_resp_2xx],3315,3,6,0,0,0,0,0,0,3,0,0,0,0,0,0
3316,[X1_X8_GET_resp_2xx],3316,3,3,0,0,0,0,0,0,0,0,0,0,0,0,0
3317,[X0_X1_GET_resp_2xx],3317,0,0,0,0,0,0,0,0,0,0,0,0,0,0,0
3318,REST_X0,3318,2,0,0,0,0,0,0,0,0,0,0,0,0,0,0
3319,[X0_X1_GET_req],3319,3,1,0,0,0,0,0,0,0,0,0,0,0,0,0
3320,REST_X1,3320,3,2,0,0,0,0,0,0,0,0,0,0,0,0,0
3321,REST_X1,3321,3,5,0,0,0,0,0,0,0,0,0,0,0,0,0
3322,[X1_X8_GET_req],3322,3,6,0,0,0,0,0,0,1,0,0,0,0,0,0
3323,REST_X8,3323,3,6,0,0,0,0,0,0,2,0,0,0,0,0,0
3324,REST_X8,3324,3,6,0,0,0,0,0,0,5,0,0,0,0,0,0
3325,[X8_X12_GET_req],3325,3,6,0,0,0,0,0,0,6,0,0,0,1,0,0
3326,REST_X12,3326,3,6,0,0,0,0,0,0,6,0,0,0,2,0,0
3327,REST_X12,3327,3,6,0,0,0,0,0,0,6,0,0,0,9,0,0
3328,[X12_X13_GET_req],3328,3,6,0,0,0,0,0,0,6,0,0,0,10,1,0
3329,REST_X13,3329,3,6,0,0,0,0,0,0,6,0,0,0,10,2,0
3330,REST_X13,3330,3,6,0,0,0,0,0,0,6,0,0,0,10,5,0
3331,[X13_X4_GET_req],3331,3,6,0,0,1,0,0,0,6,0,0,0,10,6,0
3332,REST_X4,3332,3,6,0,0,2,0,0,0,6,0,0,0,10,6,0
3333,REST_X4,3333,3,6,0,0,13,0,0,0,6,0,0,0,10,6,0
3334,[X4_X11_GET_req],3334,3,6,0,0,14,0,0,0,6,0,0,1,10,6,0
3335,REST_X11,3335,3,6,0,0,14,0,0,0,6,0,0,2,10,6,0
3336,REST_X11,3336,3,6,0,0,14,0,0,0,6,0,0,3,10,6,0
3337,[X4_X11_GET_resp_2xx],3337,3,6,0,0,3,0,0,0,6,0,0,0,10,6,0
3338,[X13_X4_GET_resp_2xx],3338,3,6,0,0,0,0,0,0,6,0,0,0,10,3,0
3339,[X12_X13_GET_resp_2xx],3339,3,6,0,0,0,0,0,0,6,0,0,0,3,0,0
3340,[X8_X12_GET_resp_2xx],3340,3,6,0,0,0,0,0,0,3,0,0,0,0,0,0
3341,[X1_X8_GET_resp_2xx],3341,3,3,0,0,0,0,0,0,0,0,0,0,0,0,0
3342,[X0_X1_GET_resp_2xx],3342,0,0,0,0,0,0,0,0,0,0,0,0,0,0,0
3343,REST_X0,3343,2,0,0,0,0,0,0,0,0,0,0,0,0,0,0
3344,[X0_X1_GET_req],3344,3,1,0,0,0,0,0,0,0,0,0,0,0,0,0
3345,REST_X1,3345,3,2,0,0,0,0,0,0,0,0,0,0,0,0,0
3346,REST_X1,3346,3,5,0,0,0,0,0,0,0,0,0,0,0,0,0
3347,[X1_X8_GET_req],3347,3,6,0,0,0,0,0,0,1,0,0,0,0,0,0
3348,REST_X8,3348,3,6,0,0,0,0,0,0,2,0,0,0,0,0,0
3349,REST_X8,3349,3,6,0,0,0,0,0,0,5,0,0,0,0,0,0
3350,[X8_X12_GET_req],3350,3,6,0,0,0,0,0,0,6,0,0,0,1,0,0
3351,REST_X12,3351,3,6,0,0,0,0,0,0,6,0,0,0,2,0,0
3352,REST_X12,3352,3,6,0,0,0,0,0,0,6,0,0,0,9,0,0
3353,[X12_X13_GET_req],3353,3,6,0,0,0,0,0,0,6,0,0,0,10,1,0
3354,REST_X13,3354,3,6,0,0,0,0,0,0,6,0,0,0,10,2,0
3355,REST_X13,3355,3,6,0,0,0,0,0,0,6,0,0,0,10,5,0
3356,[X13_X4_GET_req],3356,3,6,0,0,1,0,0,0,6,0,0,0,10,6,0
3357,REST_X4,3357,3,6,0,0,2,0,0,0,6,0,0,0,10,6,0
3358,REST_X4,3358,3,6,0,0,5,0,0,0,6,0,0,0,10,6,0
3359,[X4_X2_GET_req],3359,3,6,1,0,6,0,0,0,6,0,0,0,10,6,0
3360,REST_X2,3360,3,6,2,0,6,0,0,0,6,0,0,0,10,6,0
3361,REST_X2,3361,3,6,3,0,6,0,0,0,6,0,0,0,10,6,0
3362,[X4_X2_GET_resp_2xx],3362,3,6,0,0,3,0,0,0,6,0,0,0,10,6,0
3363,[X13_X4_GET_resp_2xx],3363,3,6,0,0,0,0,0,0,6,0,0,0,10,3,0
3364,[X12_X13_GET_resp_2xx],3364,3,6,0,0,0,0,0,0,6,0,0,0,3,0,0
3365,[X8_X12_GET_resp_2xx],3365,3,6,0,0,0,0,0,0,3,0,0,0,0,0,0
3366,[X1_X8_GET_resp_2xx],3366,3,3,0,0,0,0,0,0,0,0,0,0,0,0,0
3367,[X0_X1_GET_resp_2xx],3367,0,0,0,0,0,0,0,0,0,0,0,0,0,0,0
3368,REST_X0,3368,2,0,0,0,0,0,0,0,0,0,0,0,0,0,0
3369,[X0_X1_GET_req],3369,3,1,0,0,0,0,0,0,0,0,0,0,0,0,0
3370,REST_X1,3370,3,2,0,0,0,0,0,0,0,0,0,0,0,0,0
3371,REST_X1,3371,3,9,0,0,0,0,0,0,0,0,0,0,0,0,0
3372,[X1_X14_GET_req],3372,3,10,0,0,0,0,0,0,0,0,0,0,0,0,1
3373,REST_X14,3373,3,10,0,0,0,0,0,0,0,0,0,0,0,0,2
3374,REST_X14,3374,3,10,0,0,0,0,0,0,0,0,0,0,0,0,5
3375,[X14_X6_GET_req],3375,3,10,0,0,0,0,1,0,0,0,0,0,0,0,6
3376,REST_X6,3376,3,10,0,0,0,0,2,0,0,0,0,0,0,0,6
3377,REST_X6,3377,3,10,0,0,0,0,5,0,0,0,0,0,0,0,6
3378,[X6_X5_GET_req],3378,3,10,0,0,0,1,6,0,0,0,0,0,0,0,6
3379,REST_X5,3379,3,10,0,0,0,2,6,0,0,0,0,0,0,0,6
3380,REST_X5,3380,3,10,0,0,0,3,6,0,0,0,0,0,0,0,6
3381,[X6_X5_GET_resp_2xx],3381,3,10,0,0,0,0,3,0,0,0,0,0,0,0,6
3382,[X14_X6_GET_resp_2xx],3382,3,10,0,0,0,0,0,0,0,0,0,0,0,0,3
3383,[X1_X14_GET_resp_2xx],3383,3,3,0,0,0,0,0,0,0,0,0,0,0,0,0
3384,[X0_X1_GET_resp_2xx],3384,0,0,0,0,0,0,0,0,0,0,0,0,0,0,0
3385,REST_X0,3385,2,0,0,0,0,0,0,0,0,0,0,0,0,0,0
3386,[X0_X1_GET_req],3386,3,1,0,0,0,0,0,0,0,0,0,0,0,0,0
3387,REST_X1,3387,3,2,0,0,0,0,0,0,0,0,0,0,0,0,0
3388,REST_X1,3388,3,5,0,0,0,0,0,0,0,0,0,0,0,0,0
3389,[X1_X8_GET_req],3389,3,6,0,0,0,0,0,0,1,0,0,0,0,0,0
3390,REST_X8,3390,3,6,0,0,0,0,0,0,2,0,0,0,0,0,0
3391,REST_X8,3391,3,6,0,0,0,0,0,0,5,0,0,0,0,0,0
3392,[X8_X12_GET_req],3392,3,6,0,0,0,0,0,0,6,0,0,0,1,0,0
3393,REST_X12,3393,3,6,0,0,0,0,0,0,6,0,0,0,2,0,0
3394,REST_X12,3394,3,6,0,0,0,0,0,0,6,0,0,0,5,0,0
3395,[X12_X3_GET_req],3395,3,6,0,1,0,0,0,0,6,0,0,0,6,0,0
3396,REST_X3,3396,3,6,0,2,0,0,0,0,6,0,0,0,6,0,0
3397,REST_X3,3397,3,6,0,5,0,0,0,0,6,0,0,0,6,0,0
3398,[X3_X9_GET_req],3398,3,6,0,6,0,0,0,0,6,1,0,0,6,0,0
3399,REST_X9,3399,3,6,0,6,0,0,0,0,6,2,0,0,6,0,0
3400,REST_X9,3400,3,6,0,6,0,0,0,0,6,3,0,0,6,0,0
3401,[X3_X9_GET_resp_2xx],3401,3,6,0,3,0,0,0,0,6,0,0,0,6,0,0
3402,[X12_X3_GET_resp_2xx],3402,3,6,0,0,0,0,0,0,6,0,0,0,3,0,0
3403,[X8_X12_GET_resp_2xx],3403,3,6,0,0,0,0,0,0,3,0,0,0,0,0,0
3404,[X1_X8_GET_resp_2xx],3404,3,3,0,0,0,0,0,0,0,0,0,0,0,0,0
3405,[X0_X1_GET_resp_2xx],3405,0,0,0,0,0,0,0,0,0,0,0,0,0,0,0
3406,REST_X0,3406,2,0,0,0,0,0,0,0,0,0,0,0,0,0,0
3407,[X0_X1_GET_req],3407,3,1,0,0,0,0,0,0,0,0,0,0,0,0,0
3408,REST_X1,3408,3,2,0,0,0,0,0,0,0,0,0,0,0,0,0
3409,REST_X1,3409,3,5,0,0,0,0,0,0,0,0,0,0,0,0,0
3410,[X1_X8_GET_req],3410,3,6,0,0,0,0,0,0,1,0,0,0,0,0,0
3411,REST_X8,3411,3,6,0,0,0,0,0,0,2,0,0,0,0,0,0
3412,REST_X8,3412,3,6,0,0,0,0,0,0,5,0,0,0,0,0,0
3413,[X8_X12_GET_req],3413,3,6,0,0,0,0,0,0,6,0,0,0,1,0,0
3414,REST_X12,3414,3,6,0,0,0,0,0,0,6,0,0,0,2,0,0
3415,REST_X12,3415,3,6,0,0,0,0,0,0,6,0,0,0,5,0,0
3416,[X12_X3_GET_req],3416,3,6,0,1,0,0,0,0,6,0,0,0,6,0,0
3417,REST_X3,3417,3,6,0,2,0,0,0,0,6,0,0,0,6,0,0
3418,REST_X3,3418,3,6,0,5,0,0,0,0,6,0,0,0,6,0,0
3419,[X3_X9_GET_req],3419,3,6,0,6,0,0,0,0,6,1,0,0,6,0,0
3420,REST_X9,3420,3,6,0,6,0,0,0,0,6,2,0,0,6,0,0
3421,REST_X9,3421,3,6,0,6,0,0,0,0,6,4,0,0,6,0,0
3422,[X3_X9_GET_resp_5xx],3422,3,6,0,7,0,0,0,0,6,0,0,0,6,0,0
3423,[X3_X9_GET_req],3423,3,6,0,8,0,0,0,0,6,1,0,0,6,0,0
3424,REST_X9,3424,3,6,0,8,0,0,0,0,6,2,0,0,6,0,0
3425,REST_X9,3425,3,6,0,8,0,0,0,0,6,3,0,0,6,0,0
3426,[X3_X9_GET_resp_2xx],3426,3,6,0,3,0,0,0,0,6,0,0,0,6,0,0
3427,[X12_X3_GET_resp_2xx],3427,3,6,0,0,0,0,0,0,6,0,0,0,3,0,0
3428,[X8_X12_GET_resp_2xx],3428,3,6,0,0,0,0,0,0,3,0,0,0,0,0,0
3429,[X1_X8_GET_resp_2xx],3429,3,3,0,0,0,0,0,0,0,0,0,0,0,0,0
3430,[X0_X1_GET_resp_2xx],3430,0,0,0,0,0,0,0,0,0,0,0,0,0,0,0
3431,REST_X0,3431,2,0,0,0,0,0,0,0,0,0,0,0,0,0,0
3432,[X0_X1_GET_req],3432,3,1,0,0,0,0,0,0,0,0,0,0,0,0,0
3433,REST_X1,3433,3,2,0,0,0,0,0,0,0,0,0,0,0,0,0
3434,REST_X1,3434,3,5,0,0,0,0,0,0,0,0,0,0,0,0,0
3435,[X1_X8_GET_req],3435,3,6,0,0,0,0,0,0,1,0,0,0,0,0,0
3436,REST_X8,3436,3,6,0,0,0,0,0,0,2,0,0,0,0,0,0
3437,REST_X8,3437,3,6,0,0,0,0,0,0,5,0,0,0,0,0,0
3438,[X8_X12_GET_req],3438,3,6,0,0,0,0,0,0,6,0,0,0,1,0,0
3439,REST_X12,3439,3,6,0,0,0,0,0,0,6,0,0,0,2,0,0
3440,REST_X12,3440,3,6,0,0,0,0,0,0,6,0,0,0,9,0,0
3441,[X12_X13_GET_req],3441,3,6,0,0,0,0,0,0,6,0,0,0,10,1,0
3442,REST_X13,3442,3,6,0,0,0,0,0,0,6,0,0,0,10,2,0
3443,REST_X13,3443,3,6,0,0,0,0,0,0,6,0,0,0,10,5,0
3444,[X13_X4_GET_req],3444,3,6,0,0,1,0,0,0,6,0,0,0,10,6,0
3445,REST_X4,3445,3,6,0,0,2,0,0,0,6,0,0,0,10,6,0
3446,REST_X4,3446,3,6,0,0,13,0,0,0,6,0,0,0,10,6,0
3447,[X4_X11_GET_req],3447,3,6,0,0,14,0,0,0,6,0,0,1,10,6,0
3448,REST_X11,3448,3,6,0,0,14,0,0,0,6,0,0,2,10,6,0
3449,REST_X11,3449,3,6,0,0,14,0,0,0,6,0,0,3,10,6,0
3450,[X4_X11_GET_resp_2xx],3450,3,6,0,0,3,0,0,0,6,0,0,0,10,6,0
3451,[X13_X4_GET_resp_2xx],3451,3,6,0,0,0,0,0,0,6,0,0,0,10,3,0
3452,[X12_X13_GET_resp_2xx],3452,3,6,0,0,0,0,0,0,6,0,0,0,3,0,0
3453,[X8_X12_GET_resp_2xx],3453,3,6,0,0,0,0,0,0,3,0,0,0,0,0,0
3454,[X1_X8_GET_resp_2xx],3454,3,3,0,0,0,0,0,0,0,0,0,0,0,0,0
3455,[X0_X1_GET_resp_2xx],3455,0,0,0,0,0,0,0,0,0,0,0,0,0,0,0
3456,REST_X0,3456,2,0,0,0,0,0,0,0,0,0,0,0,0,0,0
3457,[X0_X1_GET_req],3457,3,1,0,0,0,0,0,0,0,0,0,0,0,0,0
3458,REST_X1,3458,3,2,0,0,0,0,0,0,0,0,0,0,0,0,0
3459,REST_X1,3459,3,5,0,0,0,0,0,0,0,0,0,0,0,0,0
3460,[X1_X8_GET_req],3460,3,6,0,0,0,0,0,0,1,0,0,0,0,0,0
3461,REST_X8,3461,3,6,0,0,0,0,0,0,2,0,0,0,0,0,0
3462,REST_X8,3462,3,6,0,0,0,0,0,0,5,0,0,0,0,0,0
3463,[X8_X12_GET_req],3463,3,6,0,0,0,0,0,0,6,0,0,0,1,0,0
3464,REST_X12,3464,3,6,0,0,0,0,0,0,6,0,0,0,2,0,0
3465,REST_X12,3465,3,6,0,0,0,0,0,0,6,0,0,0,9,0,0
3466,[X12_X13_GET_req],3466,3,6,0,0,0,0,0,0,6,0,0,0,10,1,0
3467,REST_X13,3467,3,6,0,0,0,0,0,0,6,0,0,0,10,2,0
3468,REST_X13,3468,3,6,0,0,0,0,0,0,6,0,0,0,10,5,0
3469,[X13_X4_GET_req],3469,3,6,0,0,1,0,0,0,6,0,0,0,10,6,0
3470,REST_X4,3470,3,6,0,0,2,0,0,0,6,0,0,0,10,6,0
3471,REST_X4,3471,3,6,0,0,9,0,0,0,6,0,0,0,10,6,0
3472,[X4_X7_GET_req],3472,3,6,0,0,10,0,0,1,6,0,0,0,10,6,0
3473,REST_X7,3473,3,6,0,0,10,0,0,2,6,0,0,0,10,6,0
3474,REST_X7,3474,3,6,0,0,10,0,0,5,6,0,0,0,10,6,0
3475,[X7_X10_GET_req],3475,3,6,0,0,10,0,0,6,6,0,1,0,10,6,0
3476,REST_X10,3476,3,6,0,0,10,0,0,6,6,0,2,0,10,6,0
3477,REST_X10,3477,3,6,0,0,10,0,0,6,6,0,3,0,10,6,0
3478,[X7_X10_GET_resp_2xx],3478,3,6,0,0,10,0,0,3,6,0,0,0,10,6,0
3479,[X4_X7_GET_resp_2xx],3479,3,6,0,0,3,0,0,0,6,0,0,0,10,6,0
3480,[X13_X4_GET_resp_2xx],3480,3,6,0,0,0,0,0,0,6,0,0,0,10,3,0
3481,[X12_X13_GET_resp_2xx],3481,3,6,0,0,0,0,0,0,6,0,0,0,3,0,0
3482,[X8_X12_GET_resp_2xx],3482,3,6,0,0,0,0,0,0,3,0,0,0,0,0,0
3483,[X1_X8_GET_resp_2xx],3483,3,3,0,0,0,0,0,0,0,0,0,0,0,0,0
3484,[X0_X1_GET_resp_2xx],3484,0,0,0,0,0,0,0,0,0,0,0,0,0,0,0
3485,REST_X0,3485,2,0,0,0,0,0,0,0,0,0,0,0,0,0,0
3486,[X0_X1_GET_req],3486,3,1,0,0,0,0,0,0,0,0,0,0,0,0,0
3487,REST_X1,3487,3,2,0,0,0,0,0,0,0,0,0,0,0,0,0
3488,REST_X1,3488,3,5,0,0,0,0,0,0,0,0,0,0,0,0,0
3489,[X1_X8_GET_req],3489,3,6,0,0,0,0,0,0,1,0,0,0,0,0,0
3490,REST_X8,3490,3,6,0,0,0,0,0,0,2,0,0,0,0,0,0
3491,REST_X8,3491,3,6,0,0,0,0,0,0,5,0,0,0,0,0,0
3492,[X8_X12_GET_req],3492,3,6,0,0,0,0,0,0,6,0,0,0,1,0,0
3493,REST_X12,3493,3,6,0,0,0,0,0,0,6,0,0,0,2,0,0
3494,REST_X12,3494,3,6,0,0,0,0,0,0,6,0,0,0,9,0,0
3495,[X12_X13_GET_req],3495,3,6,0,0,0,0,0,0,6,0,0,0,10,1,0
3496,REST_X13,3496,3,6,0,0,0,0,0,0,6,0,0,0,10,2,0
3497,REST_X13,3497,3,6,0,0,0,0,0,0,6,0,0,0,10,5,0
3498,[X13_X4_GET_req],3498,3,6,0,0,1,0,0,0,6,0,0,0,10,6,0
3499,REST_X4,3499,3,6,0,0,2,0,0,0,6,0,0,0,10,6,0
3500,REST_X4,3500,3,6,0,0,13,0,0,0,6,0,0,0,10,6,0
3501,[X4_X11_GET_req],3501,3,6,0,0,14,0,0,0,6,0,0,1,10,6,0
3502,REST_X11,3502,3,6,0,0,14,0,0,0,6,0,0,2,10,6,0
3503,REST_X11,3503,3,6,0,0,14,0,0,0,6,0,0,3,10,6,0
3504,[X4_X11_GET_resp_2xx],3504,3,6,0,0,3,0,0,0,6,0,0,0,10,6,0
3505,[X13_X4_GET_resp_2xx],3505,3,6,0,0,0,0,0,0,6,0,0,0,10,3,0
3506,[X12_X13_GET_resp_2xx],3506,3,6,0,0,0,0,0,0,6,0,0,0,3,0,0
3507,[X8_X12_GET_resp_2xx],3507,3,6,0,0,0,0,0,0,3,0,0,0,0,0,0
3508,[X1_X8_GET_resp_2xx],3508,3,3,0,0,0,0,0,0,0,0,0,0,0,0,0
3509,[X0_X1_GET_resp_2xx],3509,0,0,0,0,0,0,0,0,0,0,0,0,0,0,0
3510,REST_X0,3510,2,0,0,0,0,0,0,0,0,0,0,0,0,0,0
3511,[X0_X1_GET_req],3511,3,1,0,0,0,0,0,0,0,0,0,0,0,0,0
3512,REST_X1,3512,3,2,0,0,0,0,0,0,0,0,0,0,0,0,0
3513,REST_X1,3513,3,5,0,0,0,0,0,0,0,0,0,0,0,0,0
3514,[X1_X8_GET_req],3514,3,6,0,0,0,0,0,0,1,0,0,0,0,0,0
3515,REST_X8,3515,3,6,0,0,0,0,0,0,2,0,0,0,0,0,0
3516,REST_X8,3516,3,6,0,0,0,0,0,0,5,0,0,0,0,0,0
3517,[X8_X12_GET_req],3517,3,6,0,0,0,0,0,0,6,0,0,0,1,0,0
3518,REST_X12,3518,3,6,0,0,0,0,0,0,6,0,0,0,2,0,0
3519,REST_X12,3519,3,6,0,0,0,0,0,0,6,0,0,0,5,0,0
3520,[X12_X3_GET_req],3520,3,6,0,1,0,0,0,0,6,0,0,0,6,0,0
3521,REST_X3,3521,3,6,0,2,0,0,0,0,6,0,0,0,6,0,0
3522,REST_X3,3522,3,6,0,5,0,0,0,0,6,0,0,0,6,0,0
3523,[X3_X9_GET_req],3523,3,6,0,6,0,0,0,0,6,1,0,0,6,0,0
3524,REST_X9,3524,3,6,0,6,0,0,0,0,6,2,0,0,6,0,0
3525,REST_X9,3525,3,6,0,6,0,0,0,0,6,3,0,0,6,0,0
3526,[X3_X9_GET_resp_2xx],3526,3,6,0,3,0,0,0,0,6,0,0,0,6,0,0
3527,[X12_X3_GET_resp_2xx],3527,3,6,0,0,0,0,0,0,6,0,0,0,3,0,0
3528,[X8_X12_GET_resp_2xx],3528,3,6,0,0,0,0,0,0,3,0,0,0,0,0,0
3529,[X1_X8_GET_resp_2xx],3529,3,3,0,0,0,0,0,0,0,0,0,0,0,0,0
3530,[X0_X1_GET_resp_2xx],3530,0,0,0,0,0,0,0,0,0,0,0,0,0,0,0
3531,REST_X0,3531,2,0,0,0,0,0,0,0,0,0,0,0,0,0,0
3532,[X0_X1_GET_req],3532,3,1,0,0,0,0,0,0,0,0,0,0,0,0,0
3533,REST_X1,3533,3,2,0,0,0,0,0,0,0,0,0,0,0,0,0
3534,REST_X1,3534,3,9,0,0,0,0,0,0,0,0,0,0,0,0,0
3535,[X1_X14_GET_req],3535,3,10,0,0,0,0,0,0,0,0,0,0,0,0,1
3536,REST_X14,3536,3,10,0,0,0,0,0,0,0,0,0,0,0,0,2
3537,REST_X14,3537,3,10,0,0,0,0,0,0,0,0,0,0,0,0,5
3538,[X14_X6_GET_req],3538,3,10,0,0,0,0,1,0,0,0,0,0,0,0,6
3539,REST_X6,3539,3,10,0,0,0,0,2,0,0,0,0,0,0,0,6
3540,REST_X6,3540,3,10,0,0,0,0,5,0,0,0,0,0,0,0,6
3541,[X6_X5_GET_req],3541,3,10,0,0,0,1,6,0,0,0,0,0,0,0,6
3542,REST_X5,3542,3,10,0,0,0,2,6,0,0,0,0,0,0,0,6
3543,REST_X5,3543,3,10,0,0,0,3,6,0,0,0,0,0,0,0,6
3544,[X6_X5_GET_resp_2xx],3544,3,10,0,0,0,0,3,0,0,0,0,0,0,0,6
3545,[X14_X6_GET_resp_2xx],3545,3,10,0,0,0,0,0,0,0,0,0,0,0,0,3
3546,[X1_X14_GET_resp_2xx],3546,3,3,0,0,0,0,0,0,0,0,0,0,0,0,0
3547,[X0_X1_GET_resp_2xx],3547,0,0,0,0,0,0,0,0,0,0,0,0,0,0,0
3548,REST_X0,3548,2,0,0,0,0,0,0,0,0,0,0,0,0,0,0
3549,[X0_X1_GET_req],3549,3,1,0,0,0,0,0,0,0,0,0,0,0,0,0
3550,REST_X1,3550,3,2,0,0,0,0,0,0,0,0,0,0,0,0,0
3551,REST_X1,3551,3,9,0,0,0,0,0,0,0,0,0,0,0,0,0
3552,[X1_X14_GET_req],3552,3,10,0,0,0,0,0,0,0,0,0,0,0,0,1
3553,REST_X14,3553,3,10,0,0,0,0,0,0,0,0,0,0,0,0,2
3554,REST_X14,3554,3,10,0,0,0,0,0,0,0,0,0,0,0,0,5
3555,[X14_X6_GET_req],3555,3,10,0,0,0,0,1,0,0,0,0,0,0,0,6
3556,REST_X6,3556,3,10,0,0,0,0,2,0,0,0,0,0,0,0,6
3557,REST_X6,3557,3,10,0,0,0,0,5,0,0,0,0,0,0,0,6
3558,[X6_X5_GET_req],3558,3,10,0,0,0,1,6,0,0,0,0,0,0,0,6
3559,REST_X5,3559,3,10,0,0,0,2,6,0,0,0,0,0,0,0,6
3560,REST_X5,3560,3,10,0,0,0,3,6,0,0,0,0,0,0,0,6
3561,[X6_X5_GET_resp_2xx],3561,3,10,0,0,0,0,3,0,0,0,0,0,0,0,6
3562,[X14_X6_GET_resp_2xx],3562,3,10,0,0,0,0,0,0,0,0,0,0,0,0,3
3563,[X1_X14_GET_resp_2xx],3563,3,3,0,0,0,0,0,0,0,0,0,0,0,0,0
3564,[X0_X1_GET_resp_2xx],3564,0,0,0,0,0,0,0,0,0,0,0,0,0,0,0
3565,REST_X0,3565,2,0,0,0,0,0,0,0,0,0,0,0,0,0,0
3566,[X0_X1_GET_req],3566,3,1,0,0,0,0,0,0,0,0,0,0,0,0,0
3567,REST_X1,3567,3,2,0,0,0,0,0,0,0,0,0,0,0,0,0
3568,REST_X1,3568,3,5,0,0,0,0,0,0,0,0,0,0,0,0,0
3569,[X1_X8_GET_req],3569,3,6,0,0,0,0,0,0,1,0,0,0,0,0,0
3570,REST_X8,3570,3,6,0,0,0,0,0,0,2,0,0,0,0,0,0
3571,REST_X8,3571,3,6,0,0,0,0,0,0,5,0,0,0,0,0,0
3572,[X8_X12_GET_req],3572,3,6,0,0,0,0,0,0,6,0,0,0,1,0,0
3573,REST_X12,3573,3,6,0,0,0,0,0,0,6,0,0,0,2,0,0
3574,REST_X12,3574,3,6,0,0,0,0,0,0,6,0,0,0,9,0,0
3575,[X12_X13_GET_req],3575,3,6,0,0,0,0,0,0,6,0,0,0,10,1,0
3576,REST_X13,3576,3,6,0,0,0,0,0,0,6,0,0,0,10,2,0
3577,REST_X13,3577,3,6,0,0,0,0,0,0,6,0,0,0,10,5,0
3578,[X13_X4_GET_req],3578,3,6,0,0,1,0,0,0,6,0,0,0,10,6,0
3579,REST_X4,3579,3,6,0,0,2,0,0,0,6,0,0,0,10,6,0
3580,REST_X4,3580,3,6,0,0,9,0,0,0,6,0,0,0,10,6,0
3581,[X4_X7_GET_req],3581,3,6,0,0,10,0,0,1,6,0,0,0,10,6,0
3582,REST_X7,3582,3,6,0,0,10,0,0,2,6,0,0,0,10,6,0
3583,REST_X7,3583,3,6,0,0,10,0,0,5,6,0,0,0,10,6,0
3584,[X7_X10_GET_req],3584,3,6,0,0,10,0,0,6,6,0,1,0,10,6,0
3585,REST_X10,3585,3,6,0,0,10,0,0,6,6,0,2,0,10,6,0
3586,REST_X10,3586,3,6,0,0,10,0,0,6,6,0,3,0,10,6,0
3587,[X7_X10_GET_resp_2xx],3587,3,6,0,0,10,0,0,3,6,0,0,0,10,6,0
3588,[X4_X7_GET_resp_2xx],3588,3,6,0,0,3,0,0,0,6,0,0,0,10,6,0
3589,[X13_X4_GET_resp_2xx],3589,3,6,0,0,0,0,0,0,6,0,0,0,10,3,0
3590,[X12_X13_GET_resp_2xx],3590,3,6,0,0,0,0,0,0,6,0,0,0,3,0,0
3591,[X8_X12_GET_resp_2xx],3591,3,6,0,0,0,0,0,0,3,0,0,0,0,0,0
3592,[X1_X8_GET_resp_2xx],3592,3,3,0,0,0,0,0,0,0,0,0,0,0,0,0
3593,[X0_X1_GET_resp_2xx],3593,0,0,0,0,0,0,0,0,0,0,0,0,0,0,0
3594,REST_X0,3594,2,0,0,0,0,0,0,0,0,0,0,0,0,0,0
3595,[X0_X1_GET_req],3595,3,1,0,0,0,0,0,0,0,0,0,0,0,0,0
3596,REST_X1,3596,3,2,0,0,0,0,0,0,0,0,0,0,0,0,0
3597,REST_X1,3597,3,9,0,0,0,0,0,0,0,0,0,0,0,0,0
3598,[X1_X14_GET_req],3598,3,10,0,0,0,0,0,0,0,0,0,0,0,0,1
3599,REST_X14,3599,3,10,0,0,0,0,0,0,0,0,0,0,0,0,2
3600,REST_X14,3600,3,10,0,0,0,0,0,0,0,0,0,0,0,0,5
3601,[X14_X6_GET_req],3601,3,10,0,0,0,0,1,0,0,0,0,0,0,0,6
3602,REST_X6,3602,3,10,0,0,0,0,2,0,0,0,0,0,0,0,6
3603,REST_X6,3603,3,10,0,0,0,0,5,0,0,0,0,0,0,0,6
3604,[X6_X5_GET_req],3604,3,10,0,0,0,1,6,0,0,0,0,0,0,0,6
3605,REST_X5,3605,3,10,0,0,0,2,6,0,0,0,0,0,0,0,6
3606,REST_X5,3606,3,10,0,0,0,3,6,0,0,0,0,0,0,0,6
3607,[X6_X5_GET_resp_2xx],3607,3,10,0,0,0,0,3,0,0,0,0,0,0,0,6
3608,[X14_X6_GET_resp_2xx],3608,3,10,0,0,0,0,0,0,0,0,0,0,0,0,3
3609,[X1_X14_GET_resp_2xx],3609,3,3,0,0,0,0,0,0,0,0,0,0,0,0,0
3610,[X0_X1_GET_resp_2xx],3610,0,0,0,0,0,0,0,0,0,0,0,0,0,0,0
3611,REST_X0,3611,2,0,0,0,0,0,0,0,0,0,0,0,0,0,0
3612,[X0_X1_GET_req],3612,3,1,0,0,0,0,0,0,0,0,0,0,0,0,0
3613,REST_X1,3613,3,2,0,0,0,0,0,0,0,0,0,0,0,0,0
3614,REST_X1,3614,3,9,0,0,0,0,0,0,0,0,0,0,0,0,0
3615,[X1_X14_GET_req],3615,3,10,0,0,0,0,0,0,0,0,0,0,0,0,1
3616,REST_X14,3616,3,10,0,0,0,0,0,0,0,0,0,0,0,0,2
3617,REST_X14,3617,3,10,0,0,0,0,0,0,0,0,0,0,0,0,5
3618,[X14_X6_GET_req],3618,3,10,0,0,0,0,1,0,0,0,0,0,0,0,6
3619,REST_X6,3619,3,10,0,0,0,0,2,0,0,0,0,0,0,0,6
3620,REST_X6,3620,3,10,0,0,0,0,5,0,0,0,0,0,0,0,6
3621,[X6_X5_GET_req],3621,3,10,0,0,0,1,6,0,0,0,0,0,0,0,6
3622,REST_X5,3622,3,10,0,0,0,2,6,0,0,0,0,0,0,0,6
3623,REST_X5,3623,3,10,0,0,0,3,6,0,0,0,0,0,0,0,6
3624,[X6_X5_GET_resp_2xx],3624,3,10,0,0,0,0,3,0,0,0,0,0,0,0,6
3625,[X14_X6_GET_resp_2xx],3625,3,10,0,0,0,0,0,0,0,0,0,0,0,0,3
3626,[X1_X14_GET_resp_2xx],3626,3,3,0,0,0,0,0,0,0,0,0,0,0,0,0
3627,[X0_X1_GET_resp_2xx],3627,0,0,0,0,0,0,0,0,0,0,0,0,0,0,0
3628,REST_X0,3628,2,0,0,0,0,0,0,0,0,0,0,0,0,0,0
3629,[X0_X1_GET_req],3629,3,1,0,0,0,0,0,0,0,0,0,0,0,0,0
3630,REST_X1,3630,3,2,0,0,0,0,0,0,0,0,0,0,0,0,0
3631,REST_X1,3631,3,5,0,0,0,0,0,0,0,0,0,0,0,0,0
3632,[X1_X8_GET_req],3632,3,6,0,0,0,0,0,0,1,0,0,0,0,0,0
3633,REST_X8,3633,3,6,0,0,0,0,0,0,2,0,0,0,0,0,0
3634,REST_X8,3634,3,6,0,0,0,0,0,0,5,0,0,0,0,0,0
3635,[X8_X12_GET_req],3635,3,6,0,0,0,0,0,0,6,0,0,0,1,0,0
3636,REST_X12,3636,3,6,0,0,0,0,0,0,6,0,0,0,2,0,0
3637,REST_X12,3637,3,6,0,0,0,0,0,0,6,0,0,0,9,0,0
3638,[X12_X13_GET_req],3638,3,6,0,0,0,0,0,0,6,0,0,0,10,1,0
3639,REST_X13,3639,3,6,0,0,0,0,0,0,6,0,0,0,10,2,0
3640,REST_X13,3640,3,6,0,0,0,0,0,0,6,0,0,0,10,5,0
3641,[X13_X4_GET_req],3641,3,6,0,0,1,0,0,0,6,0,0,0,10,6,0
3642,REST_X4,3642,3,6,0,0,2,0,0,0,6,0,0,0,10,6,0
3643,REST_X4,3643,3,6,0,0,5,0,0,0,6,0,0,0,10,6,0
3644,[X4_X2_GET_req],3644,3,6,1,0,6,0,0,0,6,0,0,0,10,6,0
3645,REST_X2,3645,3,6,2,0,6,0,0,0,6,0,0,0,10,6,0
3646,REST_X2,3646,3,6,3,0,6,0,0,0,6,0,0,0,10,6,0
3647,[X4_X2_GET_resp_2xx],3647,3,6,0,0,3,0,0,0,6,0,0,0,10,6,0
3648,[X13_X4_GET_resp_2xx],3648,3,6,0,0,0,0,0,0,6,0,0,0,10,3,0
3649,[X12_X13_GET_resp_2xx],3649,3,6,0,0,0,0,0,0,6,0,0,0,3,0,0
3650,[X8_X12_GET_resp_2xx],3650,3,6,0,0,0,0,0,0,3,0,0,0,0,0,0
3651,[X1_X8_GET_resp_2xx],3651,3,3,0,0,0,0,0,0,0,0,0,0,0,0,0
3652,[X0_X1_GET_resp_2xx],3652,0,0,0,0,0,0,0,0,0,0,0,0,0,0,0
3653,REST_X0,3653,2,0,0,0,0,0,0,0,0,0,0,0,0,0,0
3654,[X0_X1_GET_req],3654,3,1,0,0,0,0,0,0,0,0,0,0,0,0,0
3655,REST_X1,3655,3,2,0,0,0,0,0,0,0,0,0,0,0,0,0
3656,REST_X1,3656,3,5,0,0,0,0,0,0,0,0,0,0,0,0,0
3657,[X1_X8_GET_req],3657,3,6,0,0,0,0,0,0,1,0,0,0,0,0,0
3658,REST_X8,3658,3,6,0,0,0,0,0,0,2,0,0,0,0,0,0
3659,REST_X8,3659,3,6,0,0,0,0,0,0,5,0,0,0,0,0,0
3660,[X8_X12_GET_req],3660,3,6,0,0,0,0,0,0,6,0,0,0,1,0,0
3661,REST_X12,3661,3,6,0,0,0,0,0,0,6,0,0,0,2,0,0
3662,REST_X12,3662,3,6,0,0,0,0,0,0,6,0,0,0,5,0,0
3663,[X12_X3_GET_req],3663,3,6,0,1,0,0,0,0,6,0,0,0,6,0,0
3664,REST_X3,3664,3,6,0,2,0,0,0,0,6,0,0,0,6,0,0
3665,REST_X3,3665,3,6,0,5,0,0,0,0,6,0,0,0,6,0,0
3666,[X3_X9_GET_req],3666,3,6,0,6,0,0,0,0,6,1,0,0,6,0,0
3667,REST_X9,3667,3,6,0,6,0,0,0,0,6,2,0,0,6,0,0
3668,REST_X9,3668,3,6,0,6,0,0,0,0,6,3,0,0,6,0,0
3669,[X3_X9_GET_resp_2xx],3669,3,6,0,3,0,0,0,0,6,0,0,0,6,0,0
3670,[X12_X3_GET_resp_2xx],3670,3,6,0,0,0,0,0,0,6,0,0,0,3,0,0
3671,[X8_X12_GET_resp_2xx],3671,3,6,0,0,0,0,0,0,3,0,0,0,0,0,0
3672,[X1_X8_GET_resp_2xx],3672,3,3,0,0,0,0,0,0,0,0,0,0,0,0,0
3673,[X0_X1_GET_resp_2xx],3673,0,0,0,0,0,0,0,0,0,0,0,0,0,0,0
3674,REST_X0,3674,2,0,0,0,0,0,0,0,0,0,0,0,0,0,0
3675,[X0_X1_GET_req],3675,3,1,0,0,0,0,0,0,0,0,0,0,0,0,0
3676,REST_X1,3676,3,2,0,0,0,0,0,0,0,0,0,0,0,0,0
3677,REST_X1,3677,3,9,0,0,0,0,0,0,0,0,0,0,0,0,0
3678,[X1_X14_GET_req],3678,3,10,0,0,0,0,0,0,0,0,0,0,0,0,1
3679,REST_X14,3679,3,10,0,0,0,0,0,0,0,0,0,0,0,0,2
3680,REST_X14,3680,3,10,0,0,0,0,0,0,0,0,0,0,0,0,5
3681,[X14_X6_GET_req],3681,3,10,0,0,0,0,1,0,0,0,0,0,0,0,6
3682,REST_X6,3682,3,10,0,0,0,0,2,0,0,0,0,0,0,0,6
3683,REST_X6,3683,3,10,0,0,0,0,5,0,0,0,0,0,0,0,6
3684,[X6_X5_GET_req],3684,3,10,0,0,0,1,6,0,0,0,0,0,0,0,6
3685,REST_X5,3685,3,10,0,0,0,2,6,0,0,0,0,0,0,0,6
3686,REST_X5,3686,3,10,0,0,0,3,6,0,0,0,0,0,0,0,6
3687,[X6_X5_GET_resp_2xx],3687,3,10,0,0,0,0,3,0,0,0,0,0,0,0,6
3688,[X14_X6_GET_resp_2xx],3688,3,10,0,0,0,0,0,0,0,0,0,0,0,0,3
3689,[X1_X14_GET_resp_2xx],3689,3,3,0,0,0,0,0,0,0,0,0,0,0,0,0
3690,[X0_X1_GET_resp_2xx],3690,0,0,0,0,0,0,0,0,0,0,0,0,0,0,0
3691,REST_X0,3691,2,0,0,0,0,0,0,0,0,0,0,0,0,0,0
3692,[X0_X1_GET_req],3692,3,1,0,0,0,0,0,0,0,0,0,0,0,0,0
3693,REST_X1,3693,3,2,0,0,0,0,0,0,0,0,0,0,0,0,0
3694,REST_X1,3694,3,9,0,0,0,0,0,0,0,0,0,0,0,0,0
3695,[X1_X14_GET_req],3695,3,10,0,0,0,0,0,0,0,0,0,0,0,0,1
3696,REST_X14,3696,3,10,0,0,0,0,0,0,0,0,0,0,0,0,2
3697,REST_X14,3697,3,10,0,0,0,0,0,0,0,0,0,0,0,0,5
3698,[X14_X6_GET_req],3698,3,10,0,0,0,0,1,0,0,0,0,0,0,0,6
3699,REST_X6,3699,3,10,0,0,0,0,2,0,0,0,0,0,0,0,6
3700,REST_X6,3700,3,10,0,0,0,0,5,0,0,0,0,0,0,0,6
3701,[X6_X5_GET_req],3701,3,10,0,0,0,1,6,0,0,0,0,0,0,0,6
3702,REST_X5,3702,3,10,0,0,0,2,6,0,0,0,0,0,0,0,6
3703,REST_X5,3703,3,10,0,0,0,3,6,0,0,0,0,0,0,0,6
3704,[X6_X5_GET_resp_2xx],3704,3,10,0,0,0,0,3,0,0,0,0,0,0,0,6
3705,[X14_X6_GET_resp_2xx],3705,3,10,0,0,0,0,0,0,0,0,0,0,0,0,3
3706,[X1_X14_GET_resp_2xx],3706,3,3,0,0,0,0,0,0,0,0,0,0,0,0,0
3707,[X0_X1_GET_resp_2xx],3707,0,0,0,0,0,0,0,0,0,0,0,0,0,0,0
3708,REST_X0,3708,2,0,0,0,0,0,0,0,0,0,0,0,0,0,0
3709,[X0_X1_GET_req],3709,3,1,0,0,0,0,0,0,0,0,0,0,0,0,0
3710,REST_X1,3710,3,2,0,0,0,0,0,0,0,0,0,0,0,0,0
3711,REST_X1,3711,3,9,0,0,0,0,0,0,0,0,0,0,0,0,0
3712,[X1_X14_GET_req],3712,3,10,0,0,0,0,0,0,0,0,0,0,0,0,1
3713,REST_X14,3713,3,10,0,0,0,0,0,0,0,0,0,0,0,0,2
3714,REST_X14,3714,3,10,0,0,0,0,0,0,0,0,0,0,0,0,5
3715,[X14_X6_GET_req],3715,3,10,0,0,0,0,1,0,0,0,0,0,0,0,6
3716,REST_X6,3716,3,10,0,0,0,0,2,0,0,0,0,0,0,0,6
3717,REST_X6,3717,3,10,0,0,0,0,5,0,0,0,0,0,0,0,6
3718,[X6_X5_GET_req],3718,3,10,0,0,0,1,6,0,0,0,0,0,0,0,6
3719,REST_X5,3719,3,10,0,0,0,2,6,0,0,0,0,0,0,0,6
3720,REST_X5,3720,3,10,0,0,0,3,6,0,0,0,0,0,0,0,6
3721,[X6_X5_GET_resp_2xx],3721,3,10,0,0,0,0,3,0,0,0,0,0,0,0,6
3722,[X14_X6_GET_resp_2xx],3722,3,10,0,0,0,0,0,0,0,0,0,0,0,0,3
3723,[X1_X14_GET_resp_2xx],3723,3,3,0,0,0,0,0,0,0,0,0,0,0,0,0
3724,[X0_X1_GET_resp_2xx],3724,0,0,0,0,0,0,0,0,0,0,0,0,0,0,0
3725,REST_X0,3725,2,0,0,0,0,0,0,0,0,0,0,0,0,0,0
3726,[X0_X1_GET_req],3726,3,1,0,0,0,0,0,0,0,0,0,0,0,0,0
3727,REST_X1,3727,3,2,0,0,0,0,0,0,0,0,0,0,0,0,0
3728,REST_X1,3728,3,9,0,0,0,0,0,0,0,0,0,0,0,0,0
3729,[X1_X14_GET_req],3729,3,10,0,0,0,0,0,0,0,0,0,0,0,0,1
3730,REST_X14,3730,3,10,0,0,0,0,0,0,0,0,0,0,0,0,2
3731,REST_X14,3731,3,10,0,0,0,0,0,0,0,0,0,0,0,0,5
3732,[X14_X6_GET_req],3732,3,10,0,0,0,0,1,0,0,0,0,0,0,0,6
3733,REST_X6,3733,3,10,0,0,0,0,2,0,0,0,0,0,0,0,6
3734,REST_X6,3734,3,10,0,0,0,0,5,0,0,0,0,0,0,0,6
3735,[X6_X5_GET_req],3735,3,10,0,0,0,1,6,0,0,0,0,0,0,0,6
3736,REST_X5,3736,3,10,0,0,0,2,6,0,0,0,0,0,0,0,6
3737,REST_X5,3737,3,10,0,0,0,3,6,0,0,0,0,0,0,0,6
3738,[X6_X5_GET_resp_2xx],3738,3,10,0,0,0,0,3,0,0,0,0,0,0,0,6
3739,[X14_X6_GET_resp_2xx],3739,3,10,0,0,0,0,0,0,0,0,0,0,0,0,3
3740,[X1_X14_GET_resp_2xx],3740,3,3,0,0,0,0,0,0,0,0,0,0,0,0,0
3741,[X0_X1_GET_resp_2xx],3741,0,0,0,0,0,0,0,0,0,0,0,0,0,0,0
3742,REST_X0,3742,2,0,0,0,0,0,0,0,0,0,0,0,0,0,0
3743,[X0_X1_GET_req],3743,3,1,0,0,0,0,0,0,0,0,0,0,0,0,0
3744,REST_X1,3744,3,2,0,0,0,0,0,0,0,0,0,0,0,0,0
3745,REST_X1,3745,3,5,0,0,0,0,0,0,0,0,0,0,0,0,0
3746,[X1_X8_GET_req],3746,3,6,0,0,0,0,0,0,1,0,0,0,0,0,0
3747,REST_X8,3747,3,6,0,0,0,0,0,0,2,0,0,0,0,0,0
3748,REST_X8,3748,3,6,0,0,0,0,0,0,5,0,0,0,0,0,0
3749,[X8_X12_GET_req],3749,3,6,0,0,0,0,0,0,6,0,0,0,1,0,0
3750,REST_X12,3750,3,6,0,0,0,0,0,0,6,0,0,0,2,0,0
3751,REST_X12,3751,3,6,0,0,0,0,0,0,6,0,0,0,5,0,0
3752,[X12_X3_GET_req],3752,3,6,0,1,0,0,0,0,6,0,0,0,6,0,0
3753,REST_X3,3753,3,6,0,2,0,0,0,0,6,0,0,0,6,0,0
3754,REST_X3,3754,3,6,0,5,0,0,0,0,6,0,0,0,6,0,0
3755,[X3_X9_GET_req],3755,3,6,0,6,0,0,0,0,6,1,0,0,6,0,0
3756,REST_X9,3756,3,6,0,6,0,0,0,0,6,2,0,0,6,0,0
3757,REST_X9,3757,3,6,0,6,0,0,0,0,6,3,0,0,6,0,0
3758,[X3_X9_GET_resp_2xx],3758,3,6,0,3,0,0,0,0,6,0,0,0,6,0,0
3759,[X12_X3_GET_resp_2xx],3759,3,6,0,0,0,0,0,0,6,0,0,0,3,0,0
3760,[X8_X12_GET_resp_2xx],3760,3,6,0,0,0,0,0,0,3,0,0,0,0,0,0
3761,[X1_X8_GET_resp_2xx],3761,3,3,0,0,0,0,0,0,0,0,0,0,0,0,0
3762,[X0_X1_GET_resp_2xx],3762,0,0,0,0,0,0,0,0,0,0,0,0,0,0,0
3763,REST_X0,3763,2,0,0,0,0,0,0,0,0,0,0,0,0,0,0
3764,[X0_X1_GET_req],3764,3,1,0,0,0,0,0,0,0,0,0,0,0,0,0
3765,REST_X1,3765,3,2,0,0,0,0,0,0,0,0,0,0,0,0,0
3766,REST_X1,3766,3,5,0,0,0,0,0,0,0,0,0,0,0,0,0
3767,[X1_X8_GET_req],3767,3,6,0,0,0,0,0,0,1,0,0,0,0,0,0
3768,REST_X8,3768,3,6,0,0,0,0,0,0,2,0,0,0,0,0,0
3769,REST_X8,3769,3,6,0,0,0,0,0,0,5,0,0,0,0,0,0
3770,[X8_X12_GET_req],3770,3,6,0,0,0,0,0,0,6,0,0,0,1,0,0
3771,REST_X12,3771,3,6,0,0,0,0,0,0,6,0,0,0,2,0,0
3772,REST_X12,3772,3,6,0,0,0,0,0,0,6,0,0,0,5,0,0
3773,[X12_X3_GET_req],3773,3,6,0,1,0,0,0,0,6,0,0,0,6,0,0
3774,REST_X3,3774,3,6,0,2,0,0,0,0,6,0,0,0,6,0,0
3775,REST_X3,3775,3,6,0,5,0,0,0,0,6,0,0,0,6,0,0
3776,[X3_X9_GET_req],3776,3,6,0,6,0,0,0,0,6,1,0,0,6,0,0
3777,REST_X9,3777,3,6,0,6,0,0,0,0,6,2,0,0,6,0,0
3778,REST_X9,3778,3,6,0,6,0,0,0,0,6,4,0,0,6,0,0
3779,[X3_X9_GET_resp_5xx],3779,3,6,0,7,0,0,0,0,6,0,0,0,6,0,0
3780,[X3_X9_GET_req],3780,3,6,0,8,0,0,0,0,6,1,0,0,6,0,0
3781,REST_X9,3781,3,6,0,8,0,0,0,0,6,2,0,0,6,0,0
3782,REST_X9,3782,3,6,0,8,0,0,0,0,6,3,0,0,6,0,0
3783,[X3_X9_GET_resp_2xx],3783,3,6,0,3,0,0,0,0,6,0,0,0,6,0,0
3784,[X12_X3_GET_resp_2xx],3784,3,6,0,0,0,0,0,0,6,0,0,0,3,0,0
3785,[X8_X12_GET_resp_2xx],3785,3,6,0,0,0,0,0,0,3,0,0,0,0,0,0
3786,[X1_X8_GET_resp_2xx],3786,3,3,0,0,0,0,0,0,0,0,0,0,0,0,0
3787,[X0_X1_GET_resp_2xx],3787,0,0,0,0,0,0,0,0,0,0,0,0,0,0,0
3788,REST_X0,3788,2,0,0,0,0,0,0,0,0,0,0,0,0,0,0
3789,[X0_X1_GET_req],3789,3,1,0,0,0,0,0,0,0,0,0,0,0,0,0
3790,REST_X1,3790,3,2,0,0,0,0,0,0,0,0,0,0,0,0,0
3791,REST_X1,3791,3,5,0,0,0,0,0,0,0,0,0,0,0,0,0
3792,[X1_X8_GET_req],3792,3,6,0,0,0,0,0,0,1,0,0,0,0,0,0
3793,REST_X8,3793,3,6,0,0,0,0,0,0,2,0,0,0,0,0,0
3794,REST_X8,3794,3,6,0,0,0,0,0,0,5,0,0,0,0,0,0
3795,[X8_X12_GET_req],3795,3,6,0,0,0,0,0,0,6,0,0,0,1,0,0
3796,REST_X12,3796,3,6,0,0,0,0,0,0,6,0,0,0,2,0,0
3797,REST_X12,3797,3,6,0,0,0,0,0,0,6,0,0,0,5,0,0
3798,[X12_X3_GET_req],3798,3,6,0,1,0,0,0,0,6,0,0,0,6,0,0
3799,REST_X3,3799,3,6,0,2,0,0,0,0,6,0,0,0,6,0,0
3800,REST_X3,3800,3,6,0,5,0,0,0,0,6,0,0,0,6,0,0
3801,[X3_X9_GET_req],3801,3,6,0,6,0,0,0,0,6,1,0,0,6,0,0
3802,REST_X9,3802,3,6,0,6,0,0,0,0,6,2,0,0,6,0,0
3803,REST_X9,3803,3,6,0,6,0,0,0,0,6,4,0,0,6,0,0
3804,[X3_X9_GET_resp_5xx],3804,3,6,0,7,0,0,0,0,6,0,0,0,6,0,0
3805,[X3_X9_GET_req],3805,3,6,0,8,0,0,0,0,6,1,0,0,6,0,0
3806,REST_X9,3806,3,6,0,8,0,0,0,0,6,2,0,0,6,0,0
3807,REST_X9,3807,3,6,0,8,0,0,0,0,6,4,0,0,6,0,0
3808,[X3_X9_GET_resp_5xx],3808,3,6,0,4,0,0,0,0,6,0,0,0,6,0,0
3809,[X12_X3_GET_resp_5xx],3809,3,6,0,0,0,0,0,0,6,0,0,0,7,0,0
3810,[X12_X3_GET_req],3810,3,6,0,1,0,0,0,0,6,0,0,0,8,0,0
3811,REST_X3,3811,3,6,0,2,0,0,0,0,6,0,0,0,8,0,0
3812,REST_X3,3812,3,6,0,5,0,0,0,0,6,0,0,0,8,0,0
3813,[X3_X9_GET_req],3813,3,6,0,6,0,0,0,0,6,1,0,0,8,0,0
3814,REST_X9,3814,3,6,0,6,0,0,0,0,6,2,0,0,8,0,0
3815,REST_X9,3815,3,6,0,6,0,0,0,0,6,3,0,0,8,0,0
3816,[X3_X9_GET_resp_2xx],3816,3,6,0,3,0,0,0,0,6,0,0,0,8,0,0
3817,[X12_X3_GET_resp_2xx],3817,3,6,0,0,0,0,0,0,6,0,0,0,3,0,0
3818,[X8_X12_GET_resp_2xx],3818,3,6,0,0,0,0,0,0,3,0,0,0,0,0,0
3819,[X1_X8_GET_resp_2xx],3819,3,3,0,0,0,0,0,0,0,0,0,0,0,0,0
3820,[X0_X1_GET_resp_2xx],3820,0,0,0,0,0,0,0,0,0,0,0,0,0,0,0
3821,REST_X0,3821,2,0,0,0,0,0,0,0,0,0,0,0,0,0,0
3822,[X0_X1_GET_req],3822,3,1,0,0,0,0,0,0,0,0,0,0,0,0,0
3823,REST_X1,3823,3,2,0,0,0,0,0,0,0,0,0,0,0,0,0
3824,REST_X1,3824,3,9,0,0,0,0,0,0,0,0,0,0,0,0,0
3825,[X1_X14_GET_req],3825,3,10,0,0,0,0,0,0,0,0,0,0,0,0,1
3826,REST_X14,3826,3,10,0,0,0,0,0,0,0,0,0,0,0,0,2
3827,REST_X14,3827,3,10,0,0,0,0,0,0,0,0,0,0,0,0,5
3828,[X14_X6_GET_req],3828,3,10,0,0,0,0,1,0,0,0,0,0,0,0,6
3829,REST_X6,3829,3,10,0,0,0,0,2,0,0,0,0,0,0,0,6
3830,REST_X6,3830,3,10,0,0,0,0,5,0,0,0,0,0,0,0,6
3831,[X6_X5_GET_req],3831,3,10,0,0,0,1,6,0,0,0,0,0,0,0,6
3832,REST_X5,3832,3,10,0,0,0,2,6,0,0,0,0,0,0,0,6
3833,REST_X5,3833,3,10,0,0,0,4,6,0,0,0,0,0,0,0,6
3834,[X6_X5_GET_resp_5xx],3834,3,10,0,0,0,0,7,0,0,0,0,0,0,0,6
3835,[X6_X5_GET_req],3835,3,10,0,0,0,1,8,0,0,0,0,0,0,0,6
3836,REST_X5,3836,3,10,0,0,0,2,8,0,0,0,0,0,0,0,6
3837,REST_X5,3837,3,10,0,0,0,3,8,0,0,0,0,0,0,0,6
3838,[X6_X5_GET_resp_2xx],3838,3,10,0,0,0,0,3,0,0,0,0,0,0,0,6
3839,[X14_X6_GET_resp_2xx],3839,3,10,0,0,0,0,0,0,0,0,0,0,0,0,3
3840,[X1_X14_GET_resp_2xx],3840,3,3,0,0,0,0,0,0,0,0,0,0,0,0,0
3841,[X0_X1_GET_resp_2xx],3841,0,0,0,0,0,0,0,0,0,0,0,0,0,0,0
3842,REST_X0,3842,2,0,0,0,0,0,0,0,0,0,0,0,0,0,0
3843,[X0_X1_GET_req],3843,3,1,0,0,0,0,0,0,0,0,0,0,0,0,0
3844,REST_X1,3844,3,2,0,0,0,0,0,0,0,0,0,0,0,0,0
3845,REST_X1,3845,3,5,0,0,0,0,0,0,0,0,0,0,0,0,0
3846,[X1_X8_GET_req],3846,3,6,0,0,0,0,0,0,1,0,0,0,0,0,0
3847,REST_X8,3847,3,6,0,0,0,0,0,0,2,0,0,0,0,0,0
3848,REST_X8,3848,3,6,0,0,0,0,0,0,5,0,0,0,0,0,0
3849,[X8_X12_GET_req],3849,3,6,0,0,0,0,0,0,6,0,0,0,1,0,0
3850,REST_X12,3850,3,6,0,0,0,0,0,0,6,0,0,0,2,0,0
3851,REST_X12,3851,3,6,0,0,0,0,0,0,6,0,0,0,9,0,0
3852,[X12_X13_GET_req],3852,3,6,0,0,0,0,0,0,6,0,0,0,10,1,0
3853,REST_X13,3853,3,6,0,0,0,0,0,0,6,0,0,0,10,2,0
3854,REST_X13,3854,3,6,0,0,0,0,0,0,6,0,0,0,10,5,0
3855,[X13_X4_GET_req],3855,3,6,0,0,1,0,0,0,6,0,0,0,10,6,0
3856,REST_X4,3856,3,6,0,0,2,0,0,0,6,0,0,0,10,6,0
3857,REST_X4,3857,3,6,0,0,5,0,0,0,6,0,0,0,10,6,0
3858,[X4_X2_GET_req],3858,3,6,1,0,6,0,0,0,6,0,0,0,10,6,0
3859,REST_X2,3859,3,6,2,0,6,0,0,0,6,0,0,0,10,6,0
3860,REST_X2,3860,3,6,3,0,6,0,0,0,6,0,0,0,10,6,0
3861,[X4_X2_GET_resp_2xx],3861,3,6,0,0,3,0,0,0,6,0,0,0,10,6,0
3862,[X13_X4_GET_resp_2xx],3862,3,6,0,0,0,0,0,0,6,0,0,0,10,3,0
3863,[X12_X13_GET_resp_2xx],3863,3,6,0,0,0,0,0,0,6,0,0,0,3,0,0
3864,[X8_X12_GET_resp_2xx],3864,3,6,0,0,0,0,0,0,3,0,0,0,0,0,0
3865,[X1_X8_GET_resp_2xx],3865,3,3,0,0,0,0,0,0,0,0,0,0,0,0,0
3866,[X0_X1_GET_resp_2xx],3866,0,0,0,0,0,0,0,0,0,0,0,0,0,0,0
3867,REST_X0,3867,2,0,0,0,0,0,0,0,0,0,0,0,0,0,0
3868,[X0_X1_GET_req],3868,3,1,0,0,0,0,0,0,0,0,0,0,0,0,0
3869,REST_X1,3869,3,2,0,0,0,0,0,0,0,0,0,0,0,0,0
3870,REST_X1,3870,3,5,0,0,0,0,0,0,0,0,0,0,0,0,0
3871,[X1_X8_GET_req],3871,3,6,0,0,0,0,0,0,1,0,0,0,0,0,0
3872,REST_X8,3872,3,6,0,0,0,0,0,0,2,0,0,0,0,0,0
3873,REST_X8,3873,3,6,0,0,0,0,0,0,5,0,0,0,0,0,0
3874,[X8_X12_GET_req],3874,3,6,0,0,0,0,0,0,6,0,0,0,1,0,0
3875,REST_X12,3875,3,6,0,0,0,0,0,0,6,0,0,0,2,0,0
3876,REST_X12,3876,3,6,0,0,0,0,0,0,6,0,0,0,9,0,0
3877,[X12_X13_GET_req],3877,3,6,0,0,0,0,0,0,6,0,0,0,10,1,0
3878,REST_X13,3878,3,6,0,0,0,0,0,0,6,0,0,0,10,2,0
3879,REST_X13,3879,3,6,0,0,0,0,0,0,6,0,0,0,10,5,0
3880,[X13_X4_GET_req],3880,3,6,0,0,1,0,0,0,6,0,0,0,10,6,0
3881,REST_X4,3881,3,6,0,0,2,0,0,0,6,0,0,0,10,6,0
3882,REST_X4,3882,3,6,0,0,5,0,0,0,6,0,0,0,10,6,0
3883,[X4_X2_GET_req],3883,3,6,1,0,6,0,0,0,6,0,0,0,10,6,0
3884,REST_X2,3884,3,6,2,0,6,0,0,0,6,0,0,0,10,6,0
3885,REST_X2,3885,3,6,3,0,6,0,0,0,6,0,0,0,10,6,0
3886,[X4_X2_GET_resp_2xx],3886,3,6,0,0,3,0,0,0,6,0,0,0,10,6,0
3887,[X13_X4_GET_resp_2xx],3887,3,6,0,0,0,0,0,0,6,0,0,0,10,3,0
3888,[X12_X13_GET_resp_2xx],3888,3,6,0,0,0,0,0,0,6,0,0,0,3,0,0
3889,[X8_X12_GET_resp_2xx],3889,3,6,0,0,0,0,0,0,3,0,0,0,0,0,0
3890,[X1_X8_GET_resp_2xx],3890,3,3,0,0,0,0,0,0,0,0,0,0,0,0,0
3891,[X0_X1_GET_resp_2xx],3891,0,0,0,0,0,0,0,0,0,0,0,0,0,0,0
3892,REST_X0,3892,2,0,0,0,0,0,0,0,0,0,0,0,0,0,0
3893,[X0_X1_GET_req],3893,3,1,0,0,0,0,0,0,0,0,0,0,0,0,0
3894,REST_X1,3894,3,2,0,0,0,0,0,0,0,0,0,0,0,0,0
3895,REST_X1,3895,3,9,0,0,0,0,0,0,0,0,0,0,0,0,0
3896,[X1_X14_GET_req],3896,3,10,0,0,0,0,0,0,0,0,0,0,0,0,1
3897,REST_X14,3897,3,10,0,0,0,0,0,0,0,0,0,0,0,0,2
3898,REST_X14,3898,3,10,0,0,0,0,0,0,0,0,0,0,0,0,5
3899,[X14_X6_GET_req],3899,3,10,0,0,0,0,1,0,0,0,0,0,0,0,6
3900,REST_X6,3900,3,10,0,0,0,0,2,0,0,0,0,0,0,0,6
3901,REST_X6,3901,3,10,0,0,0,0,5,0,0,0,0,0,0,0,6
3902,[X6_X5_GET_req],3902,3,10,0,0,0,1,6,0,0,0,0,0,0,0,6
3903,REST_X5,3903,3,10,0,0,0,2,6,0,0,0,0,0,0,0,6
3904,REST_X5,3904,3,10,0,0,0,3,6,0,0,0,0,0,0,0,6
3905,[X6_X5_GET_resp_2xx],3905,3,10,0,0,0,0,3,0,0,0,0,0,0,0,6
3906,[X14_X6_GET_resp_2xx],3906,3,10,0,0,0,0,0,0,0,0,0,0,0,0,3
3907,[X1_X14_GET_resp_2xx],3907,3,3,0,0,0,0,0,0,0,0,0,0,0,0,0
3908,[X0_X1_GET_resp_2xx],3908,0,0,0,0,0,0,0,0,0,0,0,0,0,0,0
3909,REST_X0,3909,2,0,0,0,0,0,0,0,0,0,0,0,0,0,0
3910,[X0_X1_GET_req],3910,3,1,0,0,0,0,0,0,0,0,0,0,0,0,0
3911,REST_X1,3911,3,2,0,0,0,0,0,0,0,0,0,0,0,0,0
3912,REST_X1,3912,3,5,0,0,0,0,0,0,0,0,0,0,0,0,0
3913,[X1_X8_GET_req],3913,3,6,0,0,0,0,0,0,1,0,0,0,0,0,0
3914,REST_X8,3914,3,6,0,0,0,0,0,0,2,0,0,0,0,0,0
3915,REST_X8,3915,3,6,0,0,0,0,0,0,5,0,0,0,0,0,0
3916,[X8_X12_GET_req],3916,3,6,0,0,0,0,0,0,6,0,0,0,1,0,0
3917,REST_X12,3917,3,6,0,0,0,0,0,0,6,0,0,0,2,0,0
3918,REST_X12,3918,3,6,0,0,0,0,0,0,6,0,0,0,5,0,0
3919,[X12_X3_GET_req],3919,3,6,0,1,0,0,0,0,6,0,0,0,6,0,0
3920,REST_X3,3920,3,6,0,2,0,0,0,0,6,0,0,0,6,0,0
3921,REST_X3,3921,3,6,0,5,0,0,0,0,6,0,0,0,6,0,0
3922,[X3_X9_GET_req],3922,3,6,0,6,0,0,0,0,6,1,0,0,6,0,0
3923,REST_X9,3923,3,6,0,6,0,0,0,0,6,2,0,0,6,0,0
3924,REST_X9,3924,3,6,0,6,0,0,0,0,6,4,0,0,6,0,0
3925,[X3_X9_GET_resp_5xx],3925,3,6,0,7,0,0,0,0,6,0,0,0,6,0,0
3926,[X3_X9_GET_req],3926,3,6,0,8,0,0,0,0,6,1,0,0,6,0,0
3927,REST_X9,3927,3,6,0,8,0,0,0,0,6,2,0,0,6,0,0
3928,REST_X9,3928,3,6,0,8,0,0,0,0,6,4,0,0,6,0,0
3929,[X3_X9_GET_resp_5xx],3929,3,6,0,4,0,0,0,0,6,0,0,0,6,0,0
3930,[X12_X3_GET_resp_5xx],3930,3,6,0,0,0,0,0,0,6,0,0,0,7,0,0
3931,[X12_X3_GET_req],3931,3,6,0,1,0,0,0,0,6,0,0,0,8,0,0
3932,REST_X3,3932,3,6,0,2,0,0,0,0,6,0,0,0,8,0,0
3933,REST_X3,3933,3,6,0,5,0,0,0,0,6,0,0,0,8,0,0
3934,[X3_X9_GET_req],3934,3,6,0,6,0,0,0,0,6,1,0,0,8,0,0
3935,REST_X9,3935,3,6,0,6,0,0,0,0,6,2,0,0,8,0,0
3936,REST_X9,3936,3,6,0,6,0,0,0,0,6,3,0,0,8,0,0
3937,[X3_X9_GET_resp_2xx],3937,3,6,0,3,0,0,0,0,6,0,0,0,8,0,0
3938,[X12_X3_GET_resp_2xx],3938,3,6,0,0,0,0,0,0,6,0,0,0,3,0,0
3939,[X8_X12_GET_resp_2xx],3939,3,6,0,0,0,0,0,0,3,0,0,0,0,0,0
3940,[X1_X8_GET_resp_2xx],3940,3,3,0,0,0,0,0,0,0,0,0,0,0,0,0
3941,[X0_X1_GET_resp_2xx],3941,0,0,0,0,0,0,0,0,0,0,0,0,0,0,0
3942,REST_X0,3942,2,0,0,0,0,0,0,0,0,0,0,0,0,0,0
3943,[X0_X1_GET_req],3943,3,1,0,0,0,0,0,0,0,0,0,0,0,0,0
3944,REST_X1,3944,3,2,0,0,0,0,0,0,0,0,0,0,0,0,0
3945,REST_X1,3945,3,9,0,0,0,0,0,0,0,0,0,0,0,0,0
3946,[X1_X14_GET_req],3946,3,10,0,0,0,0,0,0,0,0,0,0,0,0,1
3947,REST_X14,3947,3,10,0,0,0,0,0,0,0,0,0,0,0,0,2
3948,REST_X14,3948,3,10,0,0,0,0,0,0,0,0,0,0,0,0,5
3949,[X14_X6_GET_req],3949,3,10,0,0,0,0,1,0,0,0,0,0,0,0,6
3950,REST_X6,3950,3,10,0,0,0,0,2,0,0,0,0,0,0,0,6
3951,REST_X6,3951,3,10,0,0,0,0,5,0,0,0,0,0,0,0,6
3952,[X6_X5_GET_req],3952,3,10,0,0,0,1,6,0,0,0,0,0,0,0,6
3953,REST_X5,3953,3,10,0,0,0,2,6,0,0,0,0,0,0,0,6
3954,REST_X5,3954,3,10,0,0,0,3,6,0,0,0,0,0,0,0,6
3955,[X6_X5_GET_resp_2xx],3955,3,10,0,0,0,0,3,0,0,0,0,0,0,0,6
3956,[X14_X6_GET_resp_2xx],3956,3,10,0,0,0,0,0,0,0,0,0,0,0,0,3
3957,[X1_X14_GET_resp_2xx],3957,3,3,0,0,0,0,0,0,0,0,0,0,0,0,0
3958,[X0_X1_GET_resp_2xx],3958,0,0,0,0,0,0,0,0,0,0,0,0,0,0,0
3959,REST_X0,3959,2,0,0,0,0,0,0,0,0,0,0,0,0,0,0
3960,[X0_X1_GET_req],3960,3,1,0,0,0,0,0,0,0,0,0,0,0,0,0
3961,REST_X1,3961,3,2,0,0,0,0,0,0,0,0,0,0,0,0,0
3962,REST_X1,3962,3,9,0,0,0,0,0,0,0,0,0,0,0,0,0
3963,[X1_X14_GET_req],3963,3,10,0,0,0,0,0,0,0,0,0,0,0,0,1
3964,REST_X14,3964,3,10,0,0,0,0,0,0,0,0,0,0,0,0,2
3965,REST_X14,3965,3,10,0,0,0,0,0,0,0,0,0,0,0,0,5
3966,[X14_X6_GET_req],3966,3,10,0,0,0,0,1,0,0,0,0,0,0,0,6
3967,REST_X6,3967,3,10,0,0,0,0,2,0,0,0,0,0,0,0,6
3968,REST_X6,3968,3,10,0,0,0,0,5,0,0,0,0,0,0,0,6
3969,[X6_X5_GET_req],3969,3,10,0,0,0,1,6,0,0,0,0,0,0,0,6
3970,REST_X5,3970,3,10,0,0,0,2,6,0,0,0,0,0,0,0,6
3971,REST_X5,3971,3,10,0,0,0,3,6,0,0,0,0,0,0,0,6
3972,[X6_X5_GET_resp_2xx],3972,3,10,0,0,0,0,3,0,0,0,0,0,0,0,6
3973,[X14_X6_GET_resp_2xx],3973,3,10,0,0,0,0,0,0,0,0,0,0,0,0,3
3974,[X1_X14_GET_resp_2xx],3974,3,3,0,0,0,0,0,0,0,0,0,0,0,0,0
3975,[X0_X1_GET_resp_2xx],3975,0,0,0,0,0,0,0,0,0,0,0,0,0,0,0
3976,REST_X0,3976,2,0,0,0,0,0,0,0,0,0,0,0,0,0,0
3977,[X0_X1_GET_req],3977,3,1,0,0,0,0,0,0,0,0,0,0,0,0,0
3978,REST_X1,3978,3,2,0,0,0,0,0,0,0,0,0,0,0,0,0
3979,REST_X1,3979,3,5,0,0,0,0,0,0,0,0,0,0,0,0,0
3980,[X1_X8_GET_req],3980,3,6,0,0,0,0,0,0,1,0,0,0,0,0,0
3981,REST_X8,3981,3,6,0,0,0,0,0,0,2,0,0,0,0,0,0
3982,REST_X8,3982,3,6,0,0,0,0,0,0,5,0,0,0,0,0,0
3983,[X8_X12_GET_req],3983,3,6,0,0,0,0,0,0,6,0,0,0,1,0,0
3984,REST_X12,3984,3,6,0,0,0,0,0,0,6,0,0,0,2,0,0
3985,REST_X12,3985,3,6,0,0,0,0,0,0,6,0,0,0,9,0,0
3986,[X12_X13_GET_req],3986,3,6,0,0,0,0,0,0,6,0,0,0,10,1,0
3987,REST_X13,3987,3,6,0,0,0,0,0,0,6,0,0,0,10,2,0
3988,REST_X13,3988,3,6,0,0,0,0,0,0,6,0,0,0,10,5,0
3989,[X13_X4_GET_req],3989,3,6,0,0,1,0,0,0,6,0,0,0,10,6,0
3990,REST_X4,3990,3,6,0,0,2,0,0,0,6,0,0,0,10,6,0
3991,REST_X4,3991,3,6,0,0,13,0,0,0,6,0,0,0,10,6,0
3992,[X4_X11_GET_req],3992,3,6,0,0,14,0,0,0,6,0,0,1,10,6,0
3993,REST_X11,3993,3,6,0,0,14,0,0,0,6,0,0,2,10,6,0
3994,REST_X11,3994,3,6,0,0,14,0,0,0,6,0,0,3,10,6,0
3995,[X4_X11_GET_resp_2xx],3995,3,6,0,0,3,0,0,0,6,0,0,0,10,6,0
3996,[X13_X4_GET_resp_2xx],3996,3,6,0,0,0,0,0,0,6,0,0,0,10,3,0
3997,[X12_X13_GET_resp_2xx],3997,3,6,0,0,0,0,0,0,6,0,0,0,3,0,0
3998,[X8_X12_GET_resp_2xx],3998,3,6,0,0,0,0,0,0,3,0,0,0,0,0,0
3999,[X1_X8_GET_resp_2xx],3999,3,3,0,0,0,0,0,0,0,0,0,0,0,0,0
4000,[X0_X1_GET_resp_2xx],4000,0,0,0,0,0,0,0,0,0,0,0,0,0,0,0
4001,REST_X0,4001,2,0,0,0,0,0,0,0,0,0,0,0,0,0,0
4002,[X0_X1_GET_req],4002,3,1,0,0,0,0,0,0,0,0,0,0,0,0,0
4003,REST_X1,4003,3,2,0,0,0,0,0,0,0,0,0,0,0,0,0
4004,REST_X1,4004,3,5,0,0,0,0,0,0,0,0,0,0,0,0,0
4005,[X1_X8_GET_req],4005,3,6,0,0,0,0,0,0,1,0,0,0,0,0,0
4006,REST_X8,4006,3,6,0,0,0,0,0,0,2,0,0,0,0,0,0
4007,REST_X8,4007,3,6,0,0,0,0,0,0,5,0,0,0,0,0,0
4008,[X8_X12_GET_req],4008,3,6,0,0,0,0,0,0,6,0,0,0,1,0,0
4009,REST_X12,4009,3,6,0,0,0,0,0,0,6,0,0,0,2,0,0
4010,REST_X12,4010,3,6,0,0,0,0,0,0,6,0,0,0,5,0,0
4011,[X12_X3_GET_req],4011,3,6,0,1,0,0,0,0,6,0,0,0,6,0,0
4012,REST_X3,4012,3,6,0,2,0,0,0,0,6,0,0,0,6,0,0
4013,REST_X3,4013,3,6,0,5,0,0,0,0,6,0,0,0,6,0,0
4014,[X3_X9_GET_req],4014,3,6,0,6,0,0,0,0,6,1,0,0,6,0,0
4015,REST_X9,4015,3,6,0,6,0,0,0,0,6,2,0,0,6,0,0
4016,REST_X9,4016,3,6,0,6,0,0,0,0,6,3,0,0,6,0,0
4017,[X3_X9_GET_resp_2xx],4017,3,6,0,3,0,0,0,0,6,0,0,0,6,0,0
4018,[X12_X3_GET_resp_2xx],4018,3,6,0,0,0,0,0,0,6,0,0,0,3,0,0
4019,[X8_X12_GET_resp_2xx],4019,3,6,0,0,0,0,0,0,3,0,0,0,0,0,0
4020,[X1_X8_GET_resp_2xx],4020,3,3,0,0,0,0,0,0,0,0,0,0,0,0,0
4021,[X0_X1_GET_resp_2xx],4021,0,0,0,0,0,0,0,0,0,0,0,0,0,0,0
4022,REST_X0,4022,2,0,0,0,0,0,0,0,0,0,0,0,0,0,0
4023,[X0_X1_GET_req],4023,3,1,0,0,0,0,0,0,0,0,0,0,0,0,0
4024,REST_X1,4024,3,2,0,0,0,0,0,0,0,0,0,0,0,0,0
4025,REST_X1,4025,3,9,0,0,0,0,0,0,0,0,0,0,0,0,0
4026,[X1_X14_GET_req],4026,3,10,0,0,0,0,0,0,0,0,0,0,0,0,1
4027,REST_X14,4027,3,10,0,0,0,0,0,0,0,0,0,0,0,0,2
4028,REST_X14,4028,3,10,0,0,0,0,0,0,0,0,0,0,0,0,5
4029,[X14_X6_GET_req],4029,3,10,0,0,0,0,1,0,0,0,0,0,0,0,6
4030,REST_X6,4030,3,10,0,0,0,0,2,0,0,0,0,0,0,0,6
4031,REST_X6,4031,3,10,0,0,0,0,5,0,0,0,0,0,0,0,6
4032,[X6_X5_GET_req],4032,3,10,0,0,0,1,6,0,0,0,0,0,0,0,6
4033,REST_X5,4033,3,10,0,0,0,2,6,0,0,0,0,0,0,0,6
4034,REST_X5,4034,3,10,0,0,0,3,6,0,0,0,0,0,0,0,6
4035,[X6_X5_GET_resp_2xx],4035,3,10,0,0,0,0,3,0,0,0,0,0,0,0,6
4036,[X14_X6_GET_resp_2xx],4036,3,10,0,0,0,0,0,0,0,0,0,0,0,0,3
4037,[X1_X14_GET_resp_2xx],4037,3,3,0,0,0,0,0,0,0,0,0,0,0,0,0
4038,[X0_X1_GET_resp_2xx],4038,0,0,0,0,0,0,0,0,0,0,0,0,0,0,0
4039,REST_X0,4039,2,0,0,0,0,0,0,0,0,0,0,0,0,0,0
4040,[X0_X1_GET_req],4040,3,1,0,0,0,0,0,0,0,0,0,0,0,0,0
4041,REST_X1,4041,3,2,0,0,0,0,0,0,0,0,0,0,0,0,0
4042,REST_X1,4042,3,5,0,0,0,0,0,0,0,0,0,0,0,0,0
4043,[X1_X8_GET_req],4043,3,6,0,0,0,0,0,0,1,0,0,0,0,0,0
4044,REST_X8,4044,3,6,0,0,0,0,0,0,2,0,0,0,0,0,0
4045,REST_X8,4045,3,6,0,0,0,0,0,0,5,0,0,0,0,0,0
4046,[X8_X12_GET_req],4046,3,6,0,0,0,0,0,0,6,0,0,0,1,0,0
4047,REST_X12,4047,3,6,0,0,0,0,0,0,6,0,0,0,2,0,0
4048,REST_X12,4048,3,6,0,0,0,0,0,0,6,0,0,0,5,0,0
4049,[X12_X3_GET_req],4049,3,6,0,1,0,0,0,0,6,0,0,0,6,0,0
4050,REST_X3,4050,3,6,0,2,0,0,0,0,6,0,0,0,6,0,0
4051,REST_X3,4051,3,6,0,5,0,0,0,0,6,0,0,0,6,0,0
4052,[X3_X9_GET_req],4052,3,6,0,6,0,0,0,0,6,1,0,0,6,0,0
4053,REST_X9,4053,3,6,0,6,0,0,0,0,6,2,0,0,6,0,0
4054,REST_X9,4054,3,6,0,6,0,0,0,0,6,3,0,0,6,0,0
4055,[X3_X9_GET_resp_2xx],4055,3,6,0,3,0,0,0,0,6,0,0,0,6,0,0
4056,[X12_X3_GET_resp_2xx],4056,3,6,0,0,0,0,0,0,6,0,0,0,3,0,0
4057,[X8_X12_GET_resp_2xx],4057,3,6,0,0,0,0,0,0,3,0,0,0,0,0,0
4058,[X1_X8_GET_resp_2xx],4058,3,3,0,0,0,0,0,0,0,0,0,0,0,0,0
4059,[X0_X1_GET_resp_2xx],4059,0,0,0,0,0,0,0,0,0,0,0,0,0,0,0
4060,REST_X0,4060,2,0,0,0,0,0,0,0,0,0,0,0,0,0,0
4061,[X0_X1_GET_req],4061,3,1,0,0,0,0,0,0,0,0,0,0,0,0,0
4062,REST_X1,4062,3,2,0,0,0,0,0,0,0,0,0,0,0,0,0
4063,REST_X1,4063,3,9,0,0,0,0,0,0,0,0,0,0,0,0,0
4064,[X1_X14_GET_req],4064,3,10,0,0,0,0,0,0,0,0,0,0,0,0,1
4065,REST_X14,4065,3,10,0,0,0,0,0,0,0,0,0,0,0,0,2
4066,REST_X14,4066,3,10,0,0,0,0,0,0,0,0,0,0,0,0,5
4067,[X14_X6_GET_req],4067,3,10,0,0,0,0,1,0,0,0,0,0,0,0,6
4068,REST_X6,4068,3,10,0,0,0,0,2,0,0,0,0,0,0,0,6
4069,REST_X6,4069,3,10,0,0,0,0,5,0,0,0,0,0,0,0,6
4070,[X6_X5_GET_req],4070,3,10,0,0,0,1,6,0,0,0,0,0,0,0,6
4071,REST_X5,4071,3,10,0,0,0,2,6,0,0,0,0,0,0,0,6
4072,REST_X5,4072,3,10,0,0,0,3,6,0,0,0,0,0,0,0,6
4073,[X6_X5_GET_resp_2xx],4073,3,10,0,0,0,0,3,0,0,0,0,0,0,0,6
4074,[X14_X6_GET_resp_2xx],4074,3,10,0,0,0,0,0,0,0,0,0,0,0,0,3
4075,[X1_X14_GET_resp_2xx],4075,3,3,0,0,0,0,0,0,0,0,0,0,0,0,0
4076,[X0_X1_GET_resp_2xx],4076,0,0,0,0,0,0,0,0,0,0,0,0,0,0,0
4077,REST_X0,4077,2,0,0,0,0,0,0,0,0,0,0,0,0,0,0
4078,[X0_X1_GET_req],4078,3,1,0,0,0,0,0,0,0,0,0,0,0,0,0
4079,REST_X1,4079,3,2,0,0,0,0,0,0,0,0,0,0,0,0,0
4080,REST_X1,4080,3,9,0,0,0,0,0,0,0,0,0,0,0,0,0
4081,[X1_X14_GET_req],4081,3,10,0,0,0,0,0,0,0,0,0,0,0,0,1
4082,REST_X14,4082,3,10,0,0,0,0,0,0,0,0,0,0,0,0,2
4083,REST_X14,4083,3,10,0,0,0,0,0,0,0,0,0,0,0,0,5
4084,[X14_X6_GET_req],4084,3,10,0,0,0,0,1,0,0,0,0,0,0,0,6
4085,REST_X6,4085,3,10,0,0,0,0,2,0,0,0,0,0,0,0,6
4086,REST_X6,4086,3,10,0,0,0,0,5,0,0,0,0,0,0,0,6
4087,[X6_X5_GET_req],4087,3,10,0,0,0,1,6,0,0,0,0,0,0,0,6
4088,REST_X5,4088,3,10,0,0,0,2,6,0,0,0,0,0,0,0,6
4089,REST_X5,4089,3,10,0,0,0,4,6,0,0,0,0,0,0,0,6
4090,[X6_X5_GET_resp_5xx],4090,3,10,0,0,0,0,7,0,0,0,0,0,0,0,6
4091,[X6_X5_GET_req],4091,3,10,0,0,0,1,8,0,0,0,0,0,0,0,6
4092,REST_X5,4092,3,10,0,0,0,2,8,0,0,0,0,0,0,0,6
4093,REST_X5,4093,3,10,0,0,0,3,8,0,0,0,0,0,0,0,6
4094,[X6_X5_GET_resp_2xx],4094,3,10,0,0,0,0,3,0,0,0,0,0,0,0,6
4095,[X14_X6_GET_resp_2xx],4095,3,10,0,0,0,0,0,0,0,0,0,0,0,0,3
4096,[X1_X14_GET_resp_2xx],4096,3,3,0,0,0,0,0,0,0,0,0,0,0,0,0
4097,[X0_X1_GET_resp_2xx],4097,0,0,0,0,0,0,0,0,0,0,0,0,0,0,0
4098,REST_X0,4098,2,0,0,0,0,0,0,0,0,0,0,0,0,0,0
4099,[X0_X1_GET_req],4099,3,1,0,0,0,0,0,0,0,0,0,0,0,0,0
4100,REST_X1,4100,3,2,0,0,0,0,0,0,0,0,0,0,0,0,0
4101,REST_X1,4101,3,9,0,0,0,0,0,0,0,0,0,0,0,0,0
4102,[X1_X14_GET_req],4102,3,10,0,0,0,0,0,0,0,0,0,0,0,0,1
4103,REST_X14,4103,3,10,0,0,0,0,0,0,0,0,0,0,0,0,2
4104,REST_X14,4104,3,10,0,0,0,0,0,0,0,0,0,0,0,0,5
4105,[X14_X6_GET_req],4105,3,10,0,0,0,0,1,0,0,0,0,0,0,0,6
4106,REST_X6,4106,3,10,0,0,0,0,2,0,0,0,0,0,0,0,6
4107,REST_X6,4107,3,10,0,0,0,0,5,0,0,0,0,0,0,0,6
4108,[X6_X5_GET_req],4108,3,10,0,0,0,1,6,0,0,0,0,0,0,0,6
4109,REST_X5,4109,3,10,0,0,0,2,6,0,0,0,0,0,0,0,6
4110,REST_X5,4110,3,10,0,0,0,4,6,0,0,0,0,0,0,0,6
4111,[X6_X5_GET_resp_5xx],4111,3,10,0,0,0,0,7,0,0,0,0,0,0,0,6
4112,[X6_X5_GET_req],4112,3,10,0,0,0,1,8,0,0,0,0,0,0,0,6
4113,REST_X5,4113,3,10,0,0,0,2,8,0,0,0,0,0,0,0,6
4114,REST_X5,4114,3,10,0,0,0,3,8,0,0,0,0,0,0,0,6
4115,[X6_X5_GET_resp_2xx],4115,3,10,0,0,0,0,3,0,0,0,0,0,0,0,6
4116,[X14_X6_GET_resp_2xx],4116,3,10,0,0,0,0,0,0,0,0,0,0,0,0,3
4117,[X1_X14_GET_resp_2xx],4117,3,3,0,0,0,0,0,0,0,0,0,0,0,0,0
4118,[X0_X1_GET_resp_2xx],4118,0,0,0,0,0,0,0,0,0,0,0,0,0,0,0
4119,REST_X0,4119,2,0,0,0,0,0,0,0,0,0,0,0,0,0,0
4120,[X0_X1_GET_req],4120,3,1,0,0,0,0,0,0,0,0,0,0,0,0,0
4121,REST_X1,4121,3,2,0,0,0,0,0,0,0,0,0,0,0,0,0
4122,REST_X1,4122,3,5,0,0,0,0,0,0,0,0,0,0,0,0,0
4123,[X1_X8_GET_req],4123,3,6,0,0,0,0,0,0,1,0,0,0,0,0,0
4124,REST_X8,4124,3,6,0,0,0,0,0,0,2,0,0,0,0,0,0
4125,REST_X8,4125,3,6,0,0,0,0,0,0,5,0,0,0,0,0,0
4126,[X8_X12_GET_req],4126,3,6,0,0,0,0,0,0,6,0,0,0,1,0,0
4127,REST_X12,4127,3,6,0,0,0,0,0,0,6,0,0,0,2,0,0
4128,REST_X12,4128,3,6,0,0,0,0,0,0,6,0,0,0,5,0,0
4129,[X12_X3_GET_req],4129,3,6,0,1,0,0,0,0,6,0,0,0,6,0,0
4130,REST_X3,4130,3,6,0,2,0,0,0,0,6,0,0,0,6,0,0
4131,REST_X3,4131,3,6,0,5,0,0,0,0,6,0,0,0,6,0,0
4132,[X3_X9_GET_req],4132,3,6,0,6,0,0,0,0,6,1,0,0,6,0,0
4133,REST_X9,4133,3,6,0,6,0,0,0,0,6,2,0,0,6,0,0
4134,REST_X9,4134,3,6,0,6,0,0,0,0,6,3,0,0,6,0,0
4135,[X3_X9_GET_resp_2xx],4135,3,6,0,3,0,0,0,0,6,0,0,0,6,0,0
4136,[X12_X3_GET_resp_2xx],4136,3,6,0,0,0,0,0,0,6,0,0,0,3,0,0
4137,[X8_X12_GET_resp_2xx],4137,3,6,0,0,0,0,0,0,3,0,0,0,0,0,0
4138,[X1_X8_GET_resp_2xx],4138,3,3,0,0,0,0,0,0,0,0,0,0,0,0,0
4139,[X0_X1_GET_resp_2xx],4139,0,0,0,0,0,0,0,0,0,0,0,0,0,0,0
4140,REST_X0,4140,2,0,0,0,0,0,0,0,0,0,0,0,0,0,0
4141,[X0_X1_GET_req],4141,3,1,0,0,0,0,0,0,0,0,0,0,0,0,0
4142,REST_X1,4142,3,2,0,0,0,0,0,0,0,0,0,0,0,0,0
4143,REST_X1,4143,3,9,0,0,0,0,0,0,0,0,0,0,0,0,0
4144,[X1_X14_GET_req],4144,3,10,0,0,0,0,0,0,0,0,0,0,0,0,1
4145,REST_X14,4145,3,10,0,0,0,0,0,0,0,0,0,0,0,0,2
4146,REST_X14,4146,3,10,0,0,0,0,0,0,0,0,0,0,0,0,5
4147,[X14_X6_GET_req],4147,3,10,0,0,0,0,1,0,0,0,0,0,0,0,6
4148,REST_X6,4148,3,10,0,0,0,0,2,0,0,0,0,0,0,0,6
4149,REST_X6,4149,3,10,0,0,0,0,5,0,0,0,0,0,0,0,6
4150,[X6_X5_GET_req],4150,3,10,0,0,0,1,6,0,0,0,0,0,0,0,6
4151,REST_X5,4151,3,10,0,0,0,2,6,0,0,0,0,0,0,0,6
4152,REST_X5,4152,3,10,0,0,0,3,6,0,0,0,0,0,0,0,6
4153,[X6_X5_GET_resp_2xx],4153,3,10,0,0,0,0,3,0,0,0,0,0,0,0,6
4154,[X14_X6_GET_resp_2xx],4154,3,10,0,0,0,0,0,0,0,0,0,0,0,0,3
4155,[X1_X14_GET_resp_2xx],4155,3,3,0,0,0,0,0,0,0,0,0,0,0,0,0
4156,[X0_X1_GET_resp_2xx],4156,0,0,0,0,0,0,0,0,0,0,0,0,0,0,0
4157,REST_X0,4157,2,0,0,0,0,0,0,0,0,0,0,0,0,0,0
4158,[X0_X1_GET_req],4158,3,1,0,0,0,0,0,0,0,0,0,0,0,0,0
4159,REST_X1,4159,3,2,0,0,0,0,0,0,0,0,0,0,0,0,0
4160,REST_X1,4160,3,9,0,0,0,0,0,0,0,0,0,0,0,0,0
4161,[X1_X14_GET_req],4161,3,10,0,0,0,0,0,0,0,0,0,0,0,0,1
4162,REST_X14,4162,3,10,0,0,0,0,0,0,0,0,0,0,0,0,2
4163,REST_X14,4163,3,10,0,0,0,0,0,0,0,0,0,0,0,0,5
4164,[X14_X6_GET_req],4164,3,10,0,0,0,0,1,0,0,0,0,0,0,0,6
4165,REST_X6,4165,3,10,0,0,0,0,2,0,0,0,0,0,0,0,6
4166,REST_X6,4166,3,10,0,0,0,0,5,0,0,0,0,0,0,0,6
4167,[X6_X5_GET_req],4167,3,10,0,0,0,1,6,0,0,0,0,0,0,0,6
4168,REST_X5,4168,3,10,0,0,0,2,6,0,0,0,0,0,0,0,6
4169,REST_X5,4169,3,10,0,0,0,4,6,0,0,0,0,0,0,0,6
4170,[X6_X5_GET_resp_5xx],4170,3,10,0,0,0,0,7,0,0,0,0,0,0,0,6
4171,[X6_X5_GET_req],4171,3,10,0,0,0,1,8,0,0,0,0,0,0,0,6
4172,REST_X5,4172,3,10,0,0,0,2,8,0,0,0,0,0,0,0,6
4173,REST_X5,4173,3,10,0,0,0,3,8,0,0,0,0,0,0,0,6
4174,[X6_X5_GET_resp_2xx],4174,3,10,0,0,0,0,3,0,0,0,0,0,0,0,6
4175,[X14_X6_GET_resp_2xx],4175,3,10,0,0,0,0,0,0,0,0,0,0,0,0,3
4176,[X1_X14_GET_resp_2xx],4176,3,3,0,0,0,0,0,0,0,0,0,0,0,0,0
4177,[X0_X1_GET_resp_2xx],4177,0,0,0,0,0,0,0,0,0,0,0,0,0,0,0
4178,REST_X0,4178,2,0,0,0,0,0,0,0,0,0,0,0,0,0,0
4179,[X0_X1_GET_req],4179,3,1,0,0,0,0,0,0,0,0,0,0,0,0,0
4180,REST_X1,4180,3,2,0,0,0,0,0,0,0,0,0,0,0,0,0
4181,REST_X1,4181,3,5,0,0,0,0,0,0,0,0,0,0,0,0,0
4182,[X1_X8_GET_req],4182,3,6,0,0,0,0,0,0,1,0,0,0,0,0,0
4183,REST_X8,4183,3,6,0,0,0,0,0,0,2,0,0,0,0,0,0
4184,REST_X8,4184,3,6,0,0,0,0,0,0,5,0,0,0,0,0,0
4185,[X8_X12_GET_req],4185,3,6,0,0,0,0,0,0,6,0,0,0,1,0,0
4186,REST_X12,4186,3,6,0,0,0,0,0,0,6,0,0,0,2,0,0
4187,REST_X12,4187,3,6,0,0,0,0,0,0,6,0,0,0,9,0,0
4188,[X12_X13_GET_req],4188,3,6,0,0,0,0,0,0,6,0,0,0,10,1,0
4189,REST_X13,4189,3,6,0,0,0,0,0,0,6,0,0,0,10,2,0
4190,REST_X13,4190,3,6,0,0,0,0,0,0,6,0,0,0,10,5,0
4191,[X13_X4_GET_req],4191,3,6,0,0,1,0,0,0,6,0,0,0,10,6,0
4192,REST_X4,4192,3,6,0,0,2,0,0,0,6,0,0,0,10,6,0
4193,REST_X4,4193,3,6,0,0,5,0,0,0,6,0,0,0,10,6,0
4194,[X4_X2_GET_req],4194,3,6,1,0,6,0,0,0,6,0,0,0,10,6,0
4195,REST_X2,4195,3,6,2,0,6,0,0,0,6,0,0,0,10,6,0
4196,REST_X2,4196,3,6,3,0,6,0,0,0,6,0,0,0,10,6,0
4197,[X4_X2_GET_resp_2xx],4197,3,6,0,0,3,0,0,0,6,0,0,0,10,6,0
4198,[X13_X4_GET_resp_2xx],4198,3,6,0,0,0,0,0,0,6,0,0,0,10,3,0
4199,[X12_X13_GET_resp_2xx],4199,3,6,0,0,0,0,0,0,6,0,0,0,3,0,0
4200,[X8_X12_GET_resp_2xx],4200,3,6,0,0,0,0,0,0,3,0,0,0,0,0,0
4201,[X1_X8_GET_resp_2xx],4201,3,3,0,0,0,0,0,0,0,0,0,0,0,0,0
4202,[X0_X1_GET_resp_2xx],4202,0,0,0,0,0,0,0,0,0,0,0,0,0,0,0
4203,REST_X0,4203,2,0,0,0,0,0,0,0,0,0,0,0,0,0,0
4204,[X0_X1_GET_req],4204,3,1,0,0,0,0,0,0,0,0,0,0,0,0,0
4205,REST_X1,4205,3,2,0,0,0,0,0,0,0,0,0,0,0,0,0
4206,REST_X1,4206,3,9,0,0,0,0,0,0,0,0,0,0,0,0,0
4207,[X1_X14_GET_req],4207,3,10,0,0,0,0,0,0,0,0,0,0,0,0,1
4208,REST_X14,4208,3,10,0,0,0,0,0,0,0,0,0,0,0,0,2
4209,REST_X14,4209,3,10,0,0,0,0,0,0,0,0,0,0,0,0,5
4210,[X14_X6_GET_req],4210,3,10,0,0,0,0,1,0,0,0,0,0,0,0,6
4211,REST_X6,4211,3,10,0,0,0,0,2,0,0,0,0,0,0,0,6
4212,REST_X6,4212,3,10,0,0,0,0,5,0,0,0,0,0,0,0,6
4213,[X6_X5_GET_req],4213,3,10,0,0,0,1,6,0,0,0,0,0,0,0,6
4214,REST_X5,4214,3,10,0,0,0,2,6,0,0,0,0,0,0,0,6
4215,REST_X5,4215,3,10,0,0,0,4,6,0,0,0,0,0,0,0,6
4216,[X6_X5_GET_resp_5xx],4216,3,10,0,0,0,0,7,0,0,0,0,0,0,0,6
4217,[X6_X5_GET_req],4217,3,10,0,0,0,1,8,0,0,0,0,0,0,0,6
4218,REST_X5,4218,3,10,0,0,0,2,8,0,0,0,0,0,0,0,6
4219,REST_X5,4219,3,10,0,0,0,3,8,0,0,0,0,0,0,0,6
4220,[X6_X5_GET_resp_2xx],4220,3,10,0,0,0,0,3,0,0,0,0,0,0,0,6
4221,[X14_X6_GET_resp_2xx],4221,3,10,0,0,0,0,0,0,0,0,0,0,0,0,3
4222,[X1_X14_GET_resp_2xx],4222,3,3,0,0,0,0,0,0,0,0,0,0,0,0,0
4223,[X0_X1_GET_resp_2xx],4223,0,0,0,0,0,0,0,0,0,0,0,0,0,0,0
4224,REST_X0,4224,2,0,0,0,0,0,0,0,0,0,0,0,0,0,0
4225,[X0_X1_GET_req],4225,3,1,0,0,0,0,0,0,0,0,0,0,0,0,0
4226,REST_X1,4226,3,2,0,0,0,0,0,0,0,0,0,0,0,0,0
4227,REST_X1,4227,3,5,0,0,0,0,0,0,0,0,0,0,0,0,0
4228,[X1_X8_GET_req],4228,3,6,0,0,0,0,0,0,1,0,0,0,0,0,0
4229,REST_X8,4229,3,6,0,0,0,0,0,0,2,0,0,0,0,0,0
4230,REST_X8,4230,3,6,0,0,0,0,0,0,5,0,0,0,0,0,0
4231,[X8_X12_GET_req],4231,3,6,0,0,0,0,0,0,6,0,0,0,1,0,0
4232,REST_X12,4232,3,6,0,0,0,0,0,0,6,0,0,0,2,0,0
4233,REST_X12,4233,3,6,0,0,0,0,0,0,6,0,0,0,9,0,0
4234,[X12_X13_GET_req],4234,3,6,0,0,0,0,0,0,6,0,0,0,10,1,0
4235,REST_X13,4235,3,6,0,0,0,0,0,0,6,0,0,0,10,2,0
4236,REST_X13,4236,3,6,0,0,0,0,0,0,6,0,0,0,10,5,0
4237,[X13_X4_GET_req],4237,3,6,0,0,1,0,0,0,6,0,0,0,10,6,0
4238,REST_X4,4238,3,6,0,0,2,0,0,0,6,0,0,0,10,6,0
4239,REST_X4,4239,3,6,0,0,13,0,0,0,6,0,0,0,10,6,0
4240,[X4_X11_GET_req],4240,3,6,0,0,14,0,0,0,6,0,0,1,10,6,0
4241,REST_X11,4241,3,6,0,0,14,0,0,0,6,0,0,2,10,6,0
4242,REST_X11,4242,3,6,0,0,14,0,0,0,6,0,0,3,10,6,0
4243,[X4_X11_GET_resp_2xx],4243,3,6,0,0,3,0,0,0,6,0,0,0,10,6,0
4244,[X13_X4_GET_resp_2xx],4244,3,6,0,0,0,0,0,0,6,0,0,0,10,3,0
4245,[X12_X13_GET_resp_2xx],4245,3,6,0,0,0,0,0,0,6,0,0,0,3,0,0
4246,[X8_X12_GET_resp_2xx],4246,3,6,0,0,0,0,0,0,3,0,0,0,0,0,0
4247,[X1_X8_GET_resp_2xx],4247,3,3,0,0,0,0,0,0,0,0,0,0,0,0,0
4248,[X0_X1_GET_resp_2xx],4248,0,0,0,0,0,0,0,0,0,0,0,0,0,0,0
4249,REST_X0,4249,2,0,0,0,0,0,0,0,0,0,0,0,0,0,0
4250,[X0_X1_GET_req],4250,3,1,0,0,0,0,0,0,0,0,0,0,0,0,0
4251,REST_X1,4251,3,2,0,0,0,0,0,0,0,0,0,0,0,0,0
4252,REST_X1,4252,3,9,0,0,0,0,0,0,0,0,0,0,0,0,0
4253,[X1_X14_GET_req],4253,3,10,0,0,0,0,0,0,0,0,0,0,0,0,1
4254,REST_X14,4254,3,10,0,0,0,0,0,0,0,0,0,0,0,0,2
4255,REST_X14,4255,3,10,0,0,0,0,0,0,0,0,0,0,0,0,5
4256,[X14_X6_GET_req],4256,3,10,0,0,0,0,1,0,0,0,0,0,0,0,6
4257,REST_X6,4257,3,10,0,0,0,0,2,0,0,0,0,0,0,0,6
4258,REST_X6,4258,3,10,0,0,0,0,5,0,0,0,0,0,0,0,6
4259,[X6_X5_GET_req],4259,3,10,0,0,0,1,6,0,0,0,0,0,0,0,6
4260,REST_X5,4260,3,10,0,0,0,2,6,0,0,0,0,0,0,0,6
4261,REST_X5,4261,3,10,0,0,0,3,6,0,0,0,0,0,0,0,6
4262,[X6_X5_GET_resp_2xx],4262,3,10,0,0,0,0,3,0,0,0,0,0,0,0,6
4263,[X14_X6_GET_resp_2xx],4263,3,10,0,0,0,0,0,0,0,0,0,0,0,0,3
4264,[X1_X14_GET_resp_2xx],4264,3,3,0,0,0,0,0,0,0,0,0,0,0,0,0
4265,[X0_X1_GET_resp_2xx],4265,0,0,0,0,0,0,0,0,0,0,0,0,0,0,0
4266,REST_X0,4266,2,0,0,0,0,0,0,0,0,0,0,0,0,0,0
4267,[X0_X1_GET_req],4267,3,1,0,0,0,0,0,0,0,0,0,0,0,0,0
4268,REST_X1,4268,3,2,0,0,0,0,0,0,0,0,0,0,0,0,0
4269,REST_X1,4269,3,9,0,0,0,0,0,0,0,0,0,0,0,0,0
4270,[X1_X14_GET_req],4270,3,10,0,0,0,0,0,0,0,0,0,0,0,0,1
4271,REST_X14,4271,3,10,0,0,0,0,0,0,0,0,0,0,0,0,2
4272,REST_X14,4272,3,10,0,0,0,0,0,0,0,0,0,0,0,0,5
4273,[X14_X6_GET_req],4273,3,10,0,0,0,0,1,0,0,0,0,0,0,0,6
4274,REST_X6,4274,3,10,0,0,0,0,2,0,0,0,0,0,0,0,6
4275,REST_X6,4275,3,10,0,0,0,0,5,0,0,0,0,0,0,0,6
4276,[X6_X5_GET_req],4276,3,10,0,0,0,1,6,0,0,0,0,0,0,0,6
4277,REST_X5,4277,3,10,0,0,0,2,6,0,0,0,0,0,0,0,6
4278,REST_X5,4278,3,10,0,0,0,3,6,0,0,0,0,0,0,0,6
4279,[X6_X5_GET_resp_2xx],4279,3,10,0,0,0,0,3,0,0,0,0,0,0,0,6
4280,[X14_X6_GET_resp_2xx],4280,3,10,0,0,0,0,0,0,0,0,0,0,0,0,3
4281,[X1_X14_GET_resp_2xx],4281,3,3,0,0,0,0,0,0,0,0,0,0,0,0,0
4282,[X0_X1_GET_resp_2xx],4282,0,0,0,0,0,0,0,0,0,0,0,0,0,0,0
4283,REST_X0,4283,2,0,0,0,0,0,0,0,0,0,0,0,0,0,0
4284,[X0_X1_GET_req],4284,3,1,0,0,0,0,0,0,0,0,0,0,0,0,0
4285,REST_X1,4285,3,2,0,0,0,0,0,0,0,0,0,0,0,0,0
4286,REST_X1,4286,3,5,0,0,0,0,0,0,0,0,0,0,0,0,0
4287,[X1_X8_GET_req],4287,3,6,0,0,0,0,0,0,1,0,0,0,0,0,0
4288,REST_X8,4288,3,6,0,0,0,0,0,0,2,0,0,0,0,0,0
4289,REST_X8,4289,3,6,0,0,0,0,0,0,5,0,0,0,0,0,0
4290,[X8_X12_GET_req],4290,3,6,0,0,0,0,0,0,6,0,0,0,1,0,0
4291,REST_X12,4291,3,6,0,0,0,0,0,0,6,0,0,0,2,0,0
4292,REST_X12,4292,3,6,0,0,0,0,0,0,6,0,0,0,5,0,0
4293,[X12_X3_GET_req],4293,3,6,0,1,0,0,0,0,6,0,0,0,6,0,0
4294,REST_X3,4294,3,6,0,2,0,0,0,0,6,0,0,0,6,0,0
4295,REST_X3,4295,3,6,0,5,0,0,0,0,6,0,0,0,6,0,0
4296,[X3_X9_GET_req],4296,3,6,0,6,0,0,0,0,6,1,0,0,6,0,0
4297,REST_X9,4297,3,6,0,6,0,0,0,0,6,2,0,0,6,0,0
4298,REST_X9,4298,3,6,0,6,0,0,0,0,6,3,0,0,6,0,0
4299,[X3_X9_GET_resp_2xx],4299,3,6,0,3,0,0,0,0,6,0,0,0,6,0,0
4300,[X12_X3_GET_resp_2xx],4300,3,6,0,0,0,0,0,0,6,0,0,0,3,0,0
4301,[X8_X12_GET_resp_2xx],4301,3,6,0,0,0,0,0,0,3,0,0,0,0,0,0
4302,[X1_X8_GET_resp_2xx],4302,3,3,0,0,0,0,0,0,0,0,0,0,0,0,0
4303,[X0_X1_GET_resp_2xx],4303,0,0,0,0,0,0,0,0,0,0,0,0,0,0,0
4304,REST_X0,4304,2,0,0,0,0,0,0,0,0,0,0,0,0,0,0
4305,[X0_X1_GET_req],4305,3,1,0,0,0,0,0,0,0,0,0,0,0,0,0
4306,REST_X1,4306,3,2,0,0,0,0,0,0,0,0,0,0,0,0,0
4307,REST_X1,4307,3,5,0,0,0,0,0,0,0,0,0,0,0,0,0
4308,[X1_X8_GET_req],4308,3,6,0,0,0,0,0,0,1,0,0,0,0,0,0
4309,REST_X8,4309,3,6,0,0,0,0,0,0,2,0,0,0,0,0,0
4310,REST_X8,4310,3,6,0,0,0,0,0,0,5,0,0,0,0,0,0
4311,[X8_X12_GET_req],4311,3,6,0,0,0,0,0,0,6,0,0,0,1,0,0
4312,REST_X12,4312,3,6,0,0,0,0,0,0,6,0,0,0,2,0,0
4313,REST_X12,4313,3,6,0,0,0,0,0,0,6,0,0,0,5,0,0
4314,[X12_X3_GET_req],4314,3,6,0,1,0,0,0,0,6,0,0,0,6,0,0
4315,REST_X3,4315,3,6,0,2,0,0,0,0,6,0,0,0,6,0,0
4316,REST_X3,4316,3,6,0,5,0,0,0,0,6,0,0,0,6,0,0
4317,[X3_X9_GET_req],4317,3,6,0,6,0,0,0,0,6,1,0,0,6,0,0
4318,REST_X9,4318,3,6,0,6,0,0,0,0,6,2,0,0,6,0,0
4319,REST_X9,4319,3,6,0,6,0,0,0,0,6,3,0,0,6,0,0
4320,[X3_X9_GET_resp_2xx],4320,3,6,0,3,0,0,0,0,6,0,0,0,6,0,0
4321,[X12_X3_GET_resp_2xx],4321,3,6,0,0,0,0,0,0,6,0,0,0,3,0,0
4322,[X8_X12_GET_resp_2xx],4322,3,6,0,0,0,0,0,0,3,0,0,0,0,0,0
4323,[X1_X8_GET_resp_2xx],4323,3,3,0,0,0,0,0,0,0,0,0,0,0,0,0
4324,[X0_X1_GET_resp_2xx],4324,0,0,0,0,0,0,0,0,0,0,0,0,0,0,0
4325,REST_X0,4325,2,0,0,0,0,0,0,0,0,0,0,0,0,0,0
4326,[X0_X1_GET_req],4326,3,1,0,0,0,0,0,0,0,0,0,0,0,0,0
4327,REST_X1,4327,3,2,0,0,0,0,0,0,0,0,0,0,0,0,0
4328,REST_X1,4328,3,9,0,0,0,0,0,0,0,0,0,0,0,0,0
4329,[X1_X14_GET_req],4329,3,10,0,0,0,0,0,0,0,0,0,0,0,0,1
4330,REST_X14,4330,3,10,0,0,0,0,0,0,0,0,0,0,0,0,2
4331,REST_X14,4331,3,10,0,0,0,0,0,0,0,0,0,0,0,0,5
4332,[X14_X6_GET_req],4332,3,10,0,0,0,0,1,0,0,0,0,0,0,0,6
4333,REST_X6,4333,3,10,0,0,0,0,2,0,0,0,0,0,0,0,6
4334,REST_X6,4334,3,10,0,0,0,0,5,0,0,0,0,0,0,0,6
4335,[X6_X5_GET_req],4335,3,10,0,0,0,1,6,0,0,0,0,0,0,0,6
4336,REST_X5,4336,3,10,0,0,0,2,6,0,0,0,0,0,0,0,6
4337,REST_X5,4337,3,10,0,0,0,3,6,0,0,0,0,0,0,0,6
4338,[X6_X5_GET_resp_2xx],4338,3,10,0,0,0,0,3,0,0,0,0,0,0,0,6
4339,[X14_X6_GET_resp_2xx],4339,3,10,0,0,0,0,0,0,0,0,0,0,0,0,3
4340,[X1_X14_GET_resp_2xx],4340,3,3,0,0,0,0,0,0,0,0,0,0,0,0,0
4341,[X0_X1_GET_resp_2xx],4341,0,0,0,0,0,0,0,0,0,0,0,0,0,0,0
4342,REST_X0,4342,2,0,0,0,0,0,0,0,0,0,0,0,0,0,0
4343,[X0_X1_GET_req],4343,3,1,0,0,0,0,0,0,0,0,0,0,0,0,0
4344,REST_X1,4344,3,2,0,0,0,0,0,0,0,0,0,0,0,0,0
4345,REST_X1,4345,3,5,0,0,0,0,0,0,0,0,0,0,0,0,0
4346,[X1_X8_GET_req],4346,3,6,0,0,0,0,0,0,1,0,0,0,0,0,0
4347,REST_X8,4347,3,6,0,0,0,0,0,0,2,0,0,0,0,0,0
4348,REST_X8,4348,3,6,0,0,0,0,0,0,5,0,0,0,0,0,0
4349,[X8_X12_GET_req],4349,3,6,0,0,0,0,0,0,6,0,0,0,1,0,0
4350,REST_X12,4350,3,6,0,0,0,0,0,0,6,0,0,0,2,0,0
4351,REST_X12,4351,3,6,0,0,0,0,0,0,6,0,0,0,9,0,0
4352,[X12_X13_GET_req],4352,3,6,0,0,0,0,0,0,6,0,0,0,10,1,0
4353,REST_X13,4353,3,6,0,0,0,0,0,0,6,0,0,0,10,2,0
4354,REST_X13,4354,3,6,0,0,0,0,0,0,6,0,0,0,10,5,0
4355,[X13_X4_GET_req],4355,3,6,0,0,1,0,0,0,6,0,0,0,10,6,0
4356,REST_X4,4356,3,6,0,0,2,0,0,0,6,0,0,0,10,6,0
4357,REST_X4,4357,3,6,0,0,5,0,0,0,6,0,0,0,10,6,0
4358,[X4_X2_GET_req],4358,3,6,1,0,6,0,0,0,6,0,0,0,10,6,0
4359,REST_X2,4359,3,6,2,0,6,0,0,0,6,0,0,0,10,6,0
4360,REST_X2,4360,3,6,3,0,6,0,0,0,6,0,0,0,10,6,0
4361,[X4_X2_GET_resp_2xx],4361,3,6,0,0,3,0,0,0,6,0,0,0,10,6,0
4362,[X13_X4_GET_resp_2xx],4362,3,6,0,0,0,0,0,0,6,0,0,0,10,3,0
4363,[X12_X13_GET_resp_2xx],4363,3,6,0,0,0,0,0,0,6,0,0,0,3,0,0
4364,[X8_X12_GET_resp_2xx],4364,3,6,0,0,0,0,0,0,3,0,0,0,0,0,0
4365,[X1_X8_GET_resp_2xx],4365,3,3,0,0,0,0,0,0,0,0,0,0,0,0,0
4366,[X0_X1_GET_resp_2xx],4366,0,0,0,0,0,0,0,0,0,0,0,0,0,0,0
4367,REST_X0,4367,2,0,0,0,0,0,0,0,0,0,0,0,0,0,0
4368,[X0_X1_GET_req],4368,3,1,0,0,0,0,0,0,0,0,0,0,0,0,0
4369,REST_X1,4369,3,2,0,0,0,0,0,0,0,0,0,0,0,0,0
4370,REST_X1,4370,3,5,0,0,0,0,0,0,0,0,0,0,0,0,0
4371,[X1_X8_GET_req],4371,3,6,0,0,0,0,0,0,1,0,0,0,0,0,0
4372,REST_X8,4372,3,6,0,0,0,0,0,0,2,0,0,0,0,0,0
4373,REST_X8,4373,3,6,0,0,0,0,0,0,5,0,0,0,0,0,0
4374,[X8_X12_GET_req],4374,3,6,0,0,0,0,0,0,6,0,0,0,1,0,0
4375,REST_X12,4375,3,6,0,0,0,0,0,0,6,0,0,0,2,0,0
4376,REST_X12,4376,3,6,0,0,0,0,0,0,6,0,0,0,5,0,0
4377,[X12_X3_GET_req],4377,3,6,0,1,0,0,0,0,6,0,0,0,6,0,0
4378,REST_X3,4378,3,6,0,2,0,0,0,0,6,0,0,0,6,0,0
4379,REST_X3,4379,3,6,0,5,0,0,0,0,6,0,0,0,6,0,0
4380,[X3_X9_GET_req],4380,3,6,0,6,0,0,0,0,6,1,0,0,6,0,0
4381,REST_X9,4381,3,6,0,6,0,0,0,0,6,2,0,0,6,0,0
4382,REST_X9,4382,3,6,0,6,0,0,0,0,6,3,0,0,6,0,0
4383,[X3_X9_GET_resp_2xx],4383,3,6,0,3,0,0,0,0,6,0,0,0,6,0,0
4384,[X12_X3_GET_resp_2xx],4384,3,6,0,0,0,0,0,0,6,0,0,0,3,0,0
4385,[X8_X12_GET_resp_2xx],4385,3,6,0,0,0,0,0,0,3,0,0,0,0,0,0
4386,[X1_X8_GET_resp_2xx],4386,3,3,0,0,0,0,0,0,0,0,0,0,0,0,0
4387,[X0_X1_GET_resp_2xx],4387,0,0,0,0,0,0,0,0,0,0,0,0,0,0,0
4388,REST_X0,4388,2,0,0,0,0,0,0,0,0,0,0,0,0,0,0
4389,[X0_X1_GET_req],4389,3,1,0,0,0,0,0,0,0,0,0,0,0,0,0
4390,REST_X1,4390,3,2,0,0,0,0,0,0,0,0,0,0,0,0,0
4391,REST_X1,4391,3,9,0,0,0,0,0,0,0,0,0,0,0,0,0
4392,[X1_X14_GET_req],4392,3,10,0,0,0,0,0,0,0,0,0,0,0,0,1
4393,REST_X14,4393,3,10,0,0,0,0,0,0,0,0,0,0,0,0,2
4394,REST_X14,4394,3,10,0,0,0,0,0,0,0,0,0,0,0,0,5
4395,[X14_X6_GET_req],4395,3,10,0,0,0,0,1,0,0,0,0,0,0,0,6
4396,REST_X6,4396,3,10,0,0,0,0,2,0,0,0,0,0,0,0,6
4397,REST_X6,4397,3,10,0,0,0,0,5,0,0,0,0,0,0,0,6
4398,[X6_X5_GET_req],4398,3,10,0,0,0,1,6,0,0,0,0,0,0,0,6
4399,REST_X5,4399,3,10,0,0,0,2,6,0,0,0,0,0,0,0,6
4400,REST_X5,4400,3,10,0,0,0,3,6,0,0,0,0,0,0,0,6
4401,[X6_X5_GET_resp_2xx],4401,3,10,0,0,0,0,3,0,0,0,0,0,0,0,6
4402,[X14_X6_GET_resp_2xx],4402,3,10,0,0,0,0,0,0,0,0,0,0,0,0,3
4403,[X1_X14_GET_resp_2xx],4403,3,3,0,0,0,0,0,0,0,0,0,0,0,0,0
4404,[X0_X1_GET_resp_2xx],4404,0,0,0,0,0,0,0,0,0,0,0,0,0,0,0
4405,REST_X0,4405,2,0,0,0,0,0,0,0,0,0,0,0,0,0,0
4406,[X0_X1_GET_req],4406,3,1,0,0,0,0,0,0,0,0,0,0,0,0,0
4407,REST_X1,4407,3,2,0,0,0,0,0,0,0,0,0,0,0,0,0
4408,REST_X1,4408,3,5,0,0,0,0,0,0,0,0,0,0,0,0,0
4409,[X1_X8_GET_req],4409,3,6,0,0,0,0,0,0,1,0,0,0,0,0,0
4410,REST_X8,4410,3,6,0,0,0,0,0,0,2,0,0,0,0,0,0
4411,REST_X8,4411,3,6,0,0,0,0,0,0,5,0,0,0,0,0,0
4412,[X8_X12_GET_req],4412,3,6,0,0,0,0,0,0,6,0,0,0,1,0,0
4413,REST_X12,4413,3,6,0,0,0,0,0,0,6,0,0,0,2,0,0
4414,REST_X12,4414,3,6,0,0,0,0,0,0,6,0,0,0,9,0,0
4415,[X12_X13_GET_req],4415,3,6,0,0,0,0,0,0,6,0,0,0,10,1,0
4416,REST_X13,4416,3,6,0,0,0,0,0,0,6,0,0,0,10,2,0
4417,REST_X13,4417,3,6,0,0,0,0,0,0,6,0,0,0,10,5,0
4418,[X13_X4_GET_req],4418,3,6,0,0,1,0,0,0,6,0,0,0,10,6,0
4419,REST_X4,4419,3,6,0,0,2,0,0,0,6,0,0,0,10,6,0
4420,REST_X4,4420,3,6,0,0,13,0,0,0,6,0,0,0,10,6,0
4421,[X4_X11_GET_req],4421,3,6,0,0,14,0,0,0,6,0,0,1,10,6,0
4422,REST_X11,4422,3,6,0,0,14,0,0,0,6,0,0,2,10,6,0
4423,REST_X11,4423,3,6,0,0,14,0,0,0,6,0,0,3,10,6,0
4424,[X4_X11_GET_resp_2xx],4424,3,6,0,0,3,0,0,0,6,0,0,0,10,6,0
4425,[X13_X4_GET_resp_2xx],4425,3,6,0,0,0,0,0,0,6,0,0,0,10,3,0
4426,[X12_X13_GET_resp_2xx],4426,3,6,0,0,0,0,0,0,6,0,0,0,3,0,0
4427,[X8_X12_GET_resp_2xx],4427,3,6,0,0,0,0,0,0,3,0,0,0,0,0,0
4428,[X1_X8_GET_resp_2xx],4428,3,3,0,0,0,0,0,0,0,0,0,0,0,0,0
4429,[X0_X1_GET_resp_2xx],4429,0,0,0,0,0,0,0,0,0,0,0,0,0,0,0
4430,REST_X0,4430,2,0,0,0,0,0,0,0,0,0,0,0,0,0,0
4431,[X0_X1_GET_req],4431,3,1,0,0,0,0,0,0,0,0,0,0,0,0,0
4432,REST_X1,4432,3,2,0,0,0,0,0,0,0,0,0,0,0,0,0
4433,REST_X1,4433,3,5,0,0,0,0,0,0,0,0,0,0,0,0,0
4434,[X1_X8_GET_req],4434,3,6,0,0,0,0,0,0,1,0,0,0,0,0,0
4435,REST_X8,4435,3,6,0,0,0,0,0,0,2,0,0,0,0,0,0
4436,REST_X8,4436,3,6,0,0,0,0,0,0,5,0,0,0,0,0,0
4437,[X8_X12_GET_req],4437,3,6,0,0,0,0,0,0,6,0,0,0,1,0,0
4438,REST_X12,4438,3,6,0,0,0,0,0,0,6,0,0,0,2,0,0
4439,REST_X12,4439,3,6,0,0,0,0,0,0,6,0,0,0,9,0,0
4440,[X12_X13_GET_req],4440,3,6,0,0,0,0,0,0,6,0,0,0,10,1,0
4441,REST_X13,4441,3,6,0,0,0,0,0,0,6,0,0,0,10,2,0
4442,REST_X13,4442,3,6,0,0,0,0,0,0,6,0,0,0,10,5,0
4443,[X13_X4_GET_req],4443,3,6,0,0,1,0,0,0,6,0,0,0,10,6,0
4444,REST_X4,4444,3,6,0,0,2,0,0,0,6,0,0,0,10,6,0
4445,REST_X4,4445,3,6,0,0,13,0,0,0,6,0,0,0,10,6,0
4446,[X4_X11_GET_req],4446,3,6,0,0,14,0,0,0,6,0,0,1,10,6,0
4447,REST_X11,4447,3,6,0,0,14,0,0,0,6,0,0,2,10,6,0
4448,REST_X11,4448,3,6,0,0,14,0,0,0,6,0,0,3,10,6,0
4449,[X4_X11_GET_resp_2xx],4449,3,6,0,0,3,0,0,0,6,0,0,0,10,6,0
4450,[X13_X4_GET_resp_2xx],4450,3,6,0,0,0,0,0,0,6,0,0,0,10,3,0
4451,[X12_X13_GET_resp_2xx],4451,3,6,0,0,0,0,0,0,6,0,0,0,3,0,0
4452,[X8_X12_GET_resp_2xx],4452,3,6,0,0,0,0,0,0,3,0,0,0,0,0,0
4453,[X1_X8_GET_resp_2xx],4453,3,3,0,0,0,0,0,0,0,0,0,0,0,0,0
4454,[X0_X1_GET_resp_2xx],4454,0,0,0,0,0,0,0,0,0,0,0,0,0,0,0
4455,REST_X0,4455,2,0,0,0,0,0,0,0,0,0,0,0,0,0,0
4456,[X0_X1_GET_req],4456,3,1,0,0,0,0,0,0,0,0,0,0,0,0,0
4457,REST_X1,4457,3,2,0,0,0,0,0,0,0,0,0,0,0,0,0
4458,REST_X1,4458,3,5,0,0,0,0,0,0,0,0,0,0,0,0,0
4459,[X1_X8_GET_req],4459,3,6,0,0,0,0,0,0,1,0,0,0,0,0,0
4460,REST_X8,4460,3,6,0,0,0,0,0,0,2,0,0,0,0,0,0
4461,REST_X8,4461,3,6,0,0,0,0,0,0,5,0,0,0,0,0,0
4462,[X8_X12_GET_req],4462,3,6,0,0,0,0,0,0,6,0,0,0,1,0,0
4463,REST_X12,4463,3,6,0,0,0,0,0,0,6,0,0,0,2,0,0
4464,REST_X12,4464,3,6,0,0,0,0,0,0,6,0,0,0,5,0,0
4465,[X12_X3_GET_req],4465,3,6,0,1,0,0,0,0,6,0,0,0,6,0,0
4466,REST_X3,4466,3,6,0,2,0,0,0,0,6,0,0,0,6,0,0
4467,REST_X3,4467,3,6,0,5,0,0,0,0,6,0,0,0,6,0,0
4468,[X3_X9_GET_req],4468,3,6,0,6,0,0,0,0,6,1,0,0,6,0,0
4469,REST_X9,4469,3,6,0,6,0,0,0,0,6,2,0,0,6,0,0
4470,REST_X9,4470,3,6,0,6,0,0,0,0,6,4,0,0,6,0,0
4471,[X3_X9_GET_resp_5xx],4471,3,6,0,7,0,0,0,0,6,0,0,0,6,0,0
4472,[X3_X9_GET_req],4472,3,6,0,8,0,0,0,0,6,1,0,0,6,0,0
4473,REST_X9,4473,3,6,0,8,0,0,0,0,6,2,0,0,6,0,0
4474,REST_X9,4474,3,6,0,8,0,0,0,0,6,4,0,0,6,0,0
4475,[X3_X9_GET_resp_5xx],4475,3,6,0,4,0,0,0,0,6,0,0,0,6,0,0
4476,[X12_X3_GET_resp_5xx],4476,3,6,0,0,0,0,0,0,6,0,0,0,7,0,0
4477,[X12_X3_GET_req],4477,3,6,0,1,0,0,0,0,6,0,0,0,8,0,0
4478,REST_X3,4478,3,6,0,2,0,0,0,0,6,0,0,0,8,0,0
4479,REST_X3,4479,3,6,0,5,0,0,0,0,6,0,0,0,8,0,0
4480,[X3_X9_GET_req],4480,3,6,0,6,0,0,0,0,6,1,0,0,8,0,0
4481,REST_X9,4481,3,6,0,6,0,0,0,0,6,2,0,0,8,0,0
4482,REST_X9,4482,3,6,0,6,0,0,0,0,6,3,0,0,8,0,0
4483,[X3_X9_GET_resp_2xx],4483,3,6,0,3,0,0,0,0,6,0,0,0,8,0,0
4484,[X12_X3_GET_resp_2xx],4484,3,6,0,0,0,0,0,0,6,0,0,0,3,0,0
4485,[X8_X12_GET_resp_2xx],4485,3,6,0,0,0,0,0,0,3,0,0,0,0,0,0
4486,[X1_X8_GET_resp_2xx],4486,3,3,0,0,0,0,0,0,0,0,0,0,0,0,0
4487,[X0_X1_GET_resp_2xx],4487,0,0,0,0,0,0,0,0,0,0,0,0,0,0,0
4488,REST_X0,4488,2,0,0,0,0,0,0,0,0,0,0,0,0,0,0
4489,[X0_X1_GET_req],4489,3,1,0,0,0,0,0,0,0,0,0,0,0,0,0
4490,REST_X1,4490,3,2,0,0,0,0,0,0,0,0,0,0,0,0,0
4491,REST_X1,4491,3,9,0,0,0,0,0,0,0,0,0,0,0,0,0
4492,[X1_X14_GET_req],4492,3,10,0,0,0,0,0,0,0,0,0,0,0,0,1
4493,REST_X14,4493,3,10,0,0,0,0,0,0,0,0,0,0,0,0,2
4494,REST_X14,4494,3,10,0,0,0,0,0,0,0,0,0,0,0,0,5
4495,[X14_X6_GET_req],4495,3,10,0,0,0,0,1,0,0,0,0,0,0,0,6
4496,REST_X6,4496,3,10,0,0,0,0,2,0,0,0,0,0,0,0,6
4497,REST_X6,4497,3,10,0,0,0,0,5,0,0,0,0,0,0,0,6
4498,[X6_X5_GET_req],4498,3,10,0,0,0,1,6,0,0,0,0,0,0,0,6
4499,REST_X5,4499,3,10,0,0,0,2,6,0,0,0,0,0,0,0,6
4500,REST_X5,4500,3,10,0,0,0,3,6,0,0,0,0,0,0,0,6
4501,[X6_X5_GET_resp_2xx],4501,3,10,0,0,0,0,3,0,0,0,0,0,0,0,6
4502,[X14_X6_GET_resp_2xx],4502,3,10,0,0,0,0,0,0,0,0,0,0,0,0,3
4503,[X1_X14_GET_resp_2xx],4503,3,3,0,0,0,0,0,0,0,0,0,0,0,0,0
4504,[X0_X1_GET_resp_2xx],4504,0,0,0,0,0,0,0,0,0,0,0,0,0,0,0
4505,REST_X0,4505,2,0,0,0,0,0,0,0,0,0,0,0,0,0,0
4506,[X0_X1_GET_req],4506,3,1,0,0,0,0,0,0,0,0,0,0,0,0,0
4507,REST_X1,4507,3,2,0,0,0,0,0,0,0,0,0,0,0,0,0
4508,REST_X1,4508,3,9,0,0,0,0,0,0,0,0,0,0,0,0,0
4509,[X1_X14_GET_req],4509,3,10,0,0,0,0,0,0,0,0,0,0,0,0,1
4510,REST_X14,4510,3,10,0,0,0,0,0,0,0,0,0,0,0,0,2
4511,REST_X14,4511,3,10,0,0,0,0,0,0,0,0,0,0,0,0,5
4512,[X14_X6_GET_req],4512,3,10,0,0,0,0,1,0,0,0,0,0,0,0,6
4513,REST_X6,4513,3,10,0,0,0,0,2,0,0,0,0,0,0,0,6
4514,REST_X6,4514,3,10,0,0,0,0,5,0,0,0,0,0,0,0,6
4515,[X6_X5_GET_req],4515,3,10,0,0,0,1,6,0,0,0,0,0,0,0,6
4516,REST_X5,4516,3,10,0,0,0,2,6,0,0,0,0,0,0,0,6
4517,REST_X5,4517,3,10,0,0,0,3,6,0,0,0,0,0,0,0,6
4518,[X6_X5_GET_resp_2xx],4518,3,10,0,0,0,0,3,0,0,0,0,0,0,0,6
4519,[X14_X6_GET_resp_2xx],4519,3,10,0,0,0,0,0,0,0,0,0,0,0,0,3
4520,[X1_X14_GET_resp_2xx],4520,3,3,0,0,0,0,0,0,0,0,0,0,0,0,0
4521,[X0_X1_GET_resp_2xx],4521,0,0,0,0,0,0,0,0,0,0,0,0,0,0,0
4522,REST_X0,4522,2,0,0,0,0,0,0,0,0,0,0,0,0,0,0
4523,[X0_X1_GET_req],4523,3,1,0,0,0,0,0,0,0,0,0,0,0,0,0
4524,REST_X1,4524,3,2,0,0,0,0,0,0,0,0,0,0,0,0,0
4525,REST_X1,4525,3,9,0,0,0,0,0,0,0,0,0,0,0,0,0
4526,[X1_X14_GET_req],4526,3,10,0,0,0,0,0,0,0,0,0,0,0,0,1
4527,REST_X14,4527,3,10,0,0,0,0,0,0,0,0,0,0,0,0,2
4528,REST_X14,4528,3,10,0,0,0,0,0,0,0,0,0,0,0,0,5
4529,[X14_X6_GET_req],4529,3,10,0,0,0,0,1,0,0,0,0,0,0,0,6
4530,REST_X6,4530,3,10,0,0,0,0,2,0,0,0,0,0,0,0,6
4531,REST_X6,4531,3,10,0,0,0,0,5,0,0,0,0,0,0,0,6
4532,[X6_X5_GET_req],4532,3,10,0,0,0,1,6,0,0,0,0,0,0,0,6
4533,REST_X5,4533,3,10,0,0,0,2,6,0,0,0,0,0,0,0,6
4534,REST_X5,4534,3,10,0,0,0,3,6,0,0,0,0,0,0,0,6
4535,[X6_X5_GET_resp_2xx],4535,3,10,0,0,0,0,3,0,0,0,0,0,0,0,6
4536,[X14_X6_GET_resp_2xx],4536,3,10,0,0,0,0,0,0,0,0,0,0,0,0,3
4537,[X1_X14_GET_resp_2xx],4537,3,3,0,0,0,0,0,0,0,0,0,0,0,0,0
4538,[X0_X1_GET_resp_2xx],4538,0,0,0,0,0,0,0,0,0,0,0,0,0,0,0
4539,REST_X0,4539,2,0,0,0,0,0,0,0,0,0,0,0,0,0,0
4540,[X0_X1_GET_req],4540,3,1,0,0,0,0,0,0,0,0,0,0,0,0,0
4541,REST_X1,4541,3,2,0,0,0,0,0,0,0,0,0,0,0,0,0
4542,REST_X1,4542,3,5,0,0,0,0,0,0,0,0,0,0,0,0,0
4543,[X1_X8_GET_req],4543,3,6,0,0,0,0,0,0,1,0,0,0,0,0,0
4544,REST_X8,4544,3,6,0,0,0,0,0,0,2,0,0,0,0,0,0
4545,REST_X8,4545,3,6,0,0,0,0,0,0,5,0,0,0,0,0,0
4546,[X8_X12_GET_req],4546,3,6,0,0,0,0,0,0,6,0,0,0,1,0,0
4547,REST_X12,4547,3,6,0,0,0,0,0,0,6,0,0,0,2,0,0
4548,REST_X12,4548,3,6,0,0,0,0,0,0,6,0,0,0,9,0,0
4549,[X12_X13_GET_req],4549,3,6,0,0,0,0,0,0,6,0,0,0,10,1,0
4550,REST_X13,4550,3,6,0,0,0,0,0,0,6,0,0,0,10,2,0
4551,REST_X13,4551,3,6,0,0,0,0,0,0,6,0,0,0,10,5,0
4552,[X13_X4_GET_req],4552,3,6,0,0,1,0,0,0,6,0,0,0,10,6,0
4553,REST_X4,4553,3,6,0,0,2,0,0,0,6,0,0,0,10,6,0
4554,REST_X4,4554,3,6,0,0,9,0,0,0,6,0,0,0,10,6,0
4555,[X4_X7_GET_req],4555,3,6,0,0,10,0,0,1,6,0,0,0,10,6,0
4556,REST_X7,4556,3,6,0,0,10,0,0,2,6,0,0,0,10,6,0
4557,REST_X7,4557,3,6,0,0,10,0,0,5,6,0,0,0,10,6,0
4558,[X7_X10_GET_req],4558,3,6,0,0,10,0,0,6,6,0,1,0,10,6,0
4559,REST_X10,4559,3,6,0,0,10,0,0,6,6,0,2,0,10,6,0
4560,REST_X10,4560,3,6,0,0,10,0,0,6,6,0,3,0,10,6,0
4561,[X7_X10_GET_resp_2xx],4561,3,6,0,0,10,0,0,3,6,0,0,0,10,6,0
4562,[X4_X7_GET_resp_2xx],4562,3,6,0,0,3,0,0,0,6,0,0,0,10,6,0
4563,[X13_X4_GET_resp_2xx],4563,3,6,0,0,0,0,0,0,6,0,0,0,10,3,0
4564,[X12_X13_GET_resp_2xx],4564,3,6,0,0,0,0,0,0,6,0,0,0,3,0,0
4565,[X8_X12_GET_resp_2xx],4565,3,6,0,0,0,0,0,0,3,0,0,0,0,0,0
4566,[X1_X8_GET_resp_2xx],4566,3,3,0,0,0,0,0,0,0,0,0,0,0,0,0
4567,[X0_X1_GET_resp_2xx],4567,0,0,0,0,0,0,0,0,0,0,0,0,0,0,0
4568,REST_X0,4568,2,0,0,0,0,0,0,0,0,0,0,0,0,0,0
4569,[X0_X1_GET_req],4569,3,1,0,0,0,0,0,0,0,0,0,0,0,0,0
4570,REST_X1,4570,3,2,0,0,0,0,0,0,0,0,0,0,0,0,0
4571,REST_X1,4571,3,5,0,0,0,0,0,0,0,0,0,0,0,0,0
4572,[X1_X8_GET_req],4572,3,6,0,0,0,0,0,0,1,0,0,0,0,0,0
4573,REST_X8,4573,3,6,0,0,0,0,0,0,2,0,0,0,0,0,0
4574,REST_X8,4574,3,6,0,0,0,0,0,0,5,0,0,0,0,0,0
4575,[X8_X12_GET_req],4575,3,6,0,0,0,0,0,0,6,0,0,0,1,0,0
4576,REST_X12,4576,3,6,0,0,0,0,0,0,6,0,0,0,2,0,0
4577,REST_X12,4577,3,6,0,0,0,0,0,0,6,0,0,0,5,0,0
4578,[X12_X3_GET_req],4578,3,6,0,1,0,0,0,0,6,0,0,0,6,0,0
4579,REST_X3,4579,3,6,0,2,0,0,0,0,6,0,0,0,6,0,0
4580,REST_X3,4580,3,6,0,5,0,0,0,0,6,0,0,0,6,0,0
4581,[X3_X9_GET_req],4581,3,6,0,6,0,0,0,0,6,1,0,0,6,0,0
4582,REST_X9,4582,3,6,0,6,0,0,0,0,6,2,0,0,6,0,0
4583,REST_X9,4583,3,6,0,6,0,0,0,0,6,3,0,0,6,0,0
4584,[X3_X9_GET_resp_2xx],4584,3,6,0,3,0,0,0,0,6,0,0,0,6,0,0
4585,[X12_X3_GET_resp_2xx],4585,3,6,0,0,0,0,0,0,6,0,0,0,3,0,0
4586,[X8_X12_GET_resp_2xx],4586,3,6,0,0,0,0,0,0,3,0,0,0,0,0,0
4587,[X1_X8_GET_resp_2xx],4587,3,3,0,0,0,0,0,0,0,0,0,0,0,0,0
4588,[X0_X1_GET_resp_2xx],4588,0,0,0,0,0,0,0,0,0,0,0,0,0,0,0
4589,REST_X0,4589,2,0,0,0,0,0,0,0,0,0,0,0,0,0,0
4590,[X0_X1_GET_req],4590,3,1,0,0,0,0,0,0,0,0,0,0,0,0,0
4591,REST_X1,4591,3,2,0,0,0,0,0,0,0,0,0,0,0,0,0
4592,REST_X1,4592,3,9,0,0,0,0,0,0,0,0,0,0,0,0,0
4593,[X1_X14_GET_req],4593,3,10,0,0,0,0,0,0,0,0,0,0,0,0,1
4594,REST_X14,4594,3,10,0,0,0,0,0,0,0,0,0,0,0,0,2
4595,REST_X14,4595,3,10,0,0,0,0,0,0,0,0,0,0,0,0,5
4596,[X14_X6_GET_req],4596,3,10,0,0,0,0,1,0,0,0,0,0,0,0,6
4597,REST_X6,4597,3,10,0,0,0,0,2,0,0,0,0,0,0,0,6
4598,REST_X6,4598,3,10,0,0,0,0,5,0,0,0,0,0,0,0,6
4599,[X6_X5_GET_req],4599,3,10,0,0,0,1,6,0,0,0,0,0,0,0,6
4600,REST_X5,4600,3,10,0,0,0,2,6,0,0,0,0,0,0,0,6
4601,REST_X5,4601,3,10,0,0,0,3,6,0,0,0,0,0,0,0,6
4602,[X6_X5_GET_resp_2xx],4602,3,10,0,0,0,0,3,0,0,0,0,0,0,0,6
4603,[X14_X6_GET_resp_2xx],4603,3,10,0,0,0,0,0,0,0,0,0,0,0,0,3
4604,[X1_X14_GET_resp_2xx],4604,3,3,0,0,0,0,0,0,0,0,0,0,0,0,0
4605,[X0_X1_GET_resp_2xx],4605,0,0,0,0,0,0,0,0,0,0,0,0,0,0,0
4606,REST_X0,4606,2,0,0,0,0,0,0,0,0,0,0,0,0,0,0
4607,[X0_X1_GET_req],4607,3,1,0,0,0,0,0,0,0,0,0,0,0,0,0
4608,REST_X1,4608,3,2,0,0,0,0,0,0,0,0,0,0,0,0,0
4609,REST_X1,4609,3,9,0,0,0,0,0,0,0,0,0,0,0,0,0
4610,[X1_X14_GET_req],4610,3,10,0,0,0,0,0,0,0,0,0,0,0,0,1
4611,REST_X14,4611,3,10,0,0,0,0,0,0,0,0,0,0,0,0,2
4612,REST_X14,4612,3,10,0,0,0,0,0,0,0,0,0,0,0,0,5
4613,[X14_X6_GET_req],4613,3,10,0,0,0,0,1,0,0,0,0,0,0,0,6
4614,REST_X6,4614,3,10,0,0,0,0,2,0,0,0,0,0,0,0,6
4615,REST_X6,4615,3,10,0,0,0,0,5,0,0,0,0,0,0,0,6
4616,[X6_X5_GET_req],4616,3,10,0,0,0,1,6,0,0,0,0,0,0,0,6
4617,REST_X5,4617,3,10,0,0,0,2,6,0,0,0,0,0,0,0,6
4618,REST_X5,4618,3,10,0,0,0,3,6,0,0,0,0,0,0,0,6
4619,[X6_X5_GET_resp_2xx],4619,3,10,0,0,0,0,3,0,0,0,0,0,0,0,6
4620,[X14_X6_GET_resp_2xx],4620,3,10,0,0,0,0,0,0,0,0,0,0,0,0,3
4621,[X1_X14_GET_resp_2xx],4621,3,3,0,0,0,0,0,0,0,0,0,0,0,0,0
4622,[X0_X1_GET_resp_2xx],4622,0,0,0,0,0,0,0,0,0,0,0,0,0,0,0
4623,REST_X0,4623,2,0,0,0,0,0,0,0,0,0,0,0,0,0,0
4624,[X0_X1_GET_req],4624,3,1,0,0,0,0,0,0,0,0,0,0,0,0,0
4625,REST_X1,4625,3,2,0,0,0,0,0,0,0,0,0,0,0,0,0
4626,REST_X1,4626,3,9,0,0,0,0,0,0,0,0,0,0,0,0,0
4627,[X1_X14_GET_req],4627,3,10,0,0,0,0,0,0,0,0,0,0,0,0,1
4628,REST_X14,4628,3,10,0,0,0,0,0,0,0,0,0,0,0,0,2
4629,REST_X14,4629,3,10,0,0,0,0,0,0,0,0,0,0,0,0,5
4630,[X14_X6_GET_req],4630,3,10,0,0,0,0,1,0,0,0,0,0,0,0,6
4631,REST_X6,4631,3,10,0,0,0,0,2,0,0,0,0,0,0,0,6
4632,REST_X6,4632,3,10,0,0,0,0,5,0,0,0,0,0,0,0,6
4633,[X6_X5_GET_req],4633,3,10,0,0,0,1,6,0,0,0,0,0,0,0,6
4634,REST_X5,4634,3,10,0,0,0,2,6,0,0,0,0,0,0,0,6
4635,REST_X5,4635,3,10,0,0,0,3,6,0,0,0,0,0,0,0,6
4636,[X6_X5_GET_resp_2xx],4636,3,10,0,0,0,0,3,0,0,0,0,0,0,0,6
4637,[X14_X6_GET_resp_2xx],4637,3,10,0,0,0,0,0,0,0,0,0,0,0,0,3
4638,[X1_X14_GET_resp_2xx],4638,3,3,0,0,0,0,0,0,0,0,0,0,0,0,0
4639,[X0_X1_GET_resp_2xx],4639,0,0,0,0,0,0,0,0,0,0,0,0,0,0,0
4640,REST_X0,4640,2,0,0,0,0,0,0,0,0,0,0,0,0,0,0
4641,[X0_X1_GET_req],4641,3,1,0,0,0,0,0,0,0,0,0,0,0,0,0
4642,REST_X1,4642,3,2,0,0,0,0,0,0,0,0,0,0,0,0,0
4643,REST_X1,4643,3,9,0,0,0,0,0,0,0,0,0,0,0,0,0
4644,[X1_X14_GET_req],4644,3,10,0,0,0,0,0,0,0,0,0,0,0,0,1
4645,REST_X14,4645,3,10,0,0,0,0,0,0,0,0,0,0,0,0,2
4646,REST_X14,4646,3,10,0,0,0,0,0,0,0,0,0,0,0,0,5
4647,[X14_X6_GET_req],4647,3,10,0,0,0,0,1,0,0,0,0,0,0,0,6
4648,REST_X6,4648,3,10,0,0,0,0,2,0,0,0,0,0,0,0,6
4649,REST_X6,4649,3,10,0,0,0,0,5,0,0,0,0,0,0,0,6
4650,[X6_X5_GET_req],4650,3,10,0,0,0,1,6,0,0,0,0,0,0,0,6
4651,REST_X5,4651,3,10,0,0,0,2,6,0,0,0,0,0,0,0,6
4652,REST_X5,4652,3,10,0,0,0,3,6,0,0,0,0,0,0,0,6
4653,[X6_X5_GET_resp_2xx],4653,3,10,0,0,0,0,3,0,0,0,0,0,0,0,6
4654,[X14_X6_GET_resp_2xx],4654,3,10,0,0,0,0,0,0,0,0,0,0,0,0,3
4655,[X1_X14_GET_resp_2xx],4655,3,3,0,0,0,0,0,0,0,0,0,0,0,0,0
4656,[X0_X1_GET_resp_2xx],4656,0,0,0,0,0,0,0,0,0,0,0,0,0,0,0
4657,REST_X0,4657,2,0,0,0,0,0,0,0,0,0,0,0,0,0,0
4658,[X0_X1_GET_req],4658,3,1,0,0,0,0,0,0,0,0,0,0,0,0,0
4659,REST_X1,4659,3,2,0,0,0,0,0,0,0,0,0,0,0,0,0
4660,REST_X1,4660,3,5,0,0,0,0,0,0,0,0,0,0,0,0,0
4661,[X1_X8_GET_req],4661,3,6,0,0,0,0,0,0,1,0,0,0,0,0,0
4662,REST_X8,4662,3,6,0,0,0,0,0,0,2,0,0,0,0,0,0
4663,REST_X8,4663,3,6,0,0,0,0,0,0,5,0,0,0,0,0,0
4664,[X8_X12_GET_req],4664,3,6,0,0,0,0,0,0,6,0,0,0,1,0,0
4665,REST_X12,4665,3,6,0,0,0,0,0,0,6,0,0,0,2,0,0
4666,REST_X12,4666,3,6,0,0,0,0,0,0,6,0,0,0,5,0,0
4667,[X12_X3_GET_req],4667,3,6,0,1,0,0,0,0,6,0,0,0,6,0,0
4668,REST_X3,4668,3,6,0,2,0,0,0,0,6,0,0,0,6,0,0
4669,REST_X3,4669,3,6,0,5,0,0,0,0,6,0,0,0,6,0,0
4670,[X3_X9_GET_req],4670,3,6,0,6,0,0,0,0,6,1,0,0,6,0,0
4671,REST_X9,4671,3,6,0,6,0,0,0,0,6,2,0,0,6,0,0
4672,REST_X9,4672,3,6,0,6,0,0,0,0,6,3,0,0,6,0,0
4673,[X3_X9_GET_resp_2xx],4673,3,6,0,3,0,0,0,0,6,0,0,0,6,0,0
4674,[X12_X3_GET_resp_2xx],4674,3,6,0,0,0,0,0,0,6,0,0,0,3,0,0
4675,[X8_X12_GET_resp_2xx],4675,3,6,0,0,0,0,0,0,3,0,0,0,0,0,0
4676,[X1_X8_GET_resp_2xx],4676,3,3,0,0,0,0,0,0,0,0,0,0,0,0,0
4677,[X0_X1_GET_resp_2xx],4677,0,0,0,0,0,0,0,0,0,0,0,0,0,0,0
4678,REST_X0,4678,2,0,0,0,0,0,0,0,0,0,0,0,0,0,0
4679,[X0_X1_GET_req],4679,3,1,0,0,0,0,0,0,0,0,0,0,0,0,0
4680,REST_X1,4680,3,2,0,0,0,0,0,0,0,0,0,0,0,0,0
4681,REST_X1,4681,3,9,0,0,0,0,0,0,0,0,0,0,0,0,0
4682,[X1_X14_GET_req],4682,3,10,0,0,0,0,0,0,0,0,0,0,0,0,1
4683,REST_X14,4683,3,10,0,0,0,0,0,0,0,0,0,0,0,0,2
4684,REST_X14,4684,3,10,0,0,0,0,0,0,0,0,0,0,0,0,5
4685,[X14_X6_GET_req],4685,3,10,0,0,0,0,1,0,0,0,0,0,0,0,6
4686,REST_X6,4686,3,10,0,0,0,0,2,0,0,0,0,0,0,0,6
4687,REST_X6,4687,3,10,0,0,0,0,5,0,0,0,0,0,0,0,6
4688,[X6_X5_GET_req],4688,3,10,0,0,0,1,6,0,0,0,0,0,0,0,6
4689,REST_X5,4689,3,10,0,0,0,2,6,0,0,0,0,0,0,0,6
4690,REST_X5,4690,3,10,0,0,0,3,6,0,0,0,0,0,0,0,6
4691,[X6_X5_GET_resp_2xx],4691,3,10,0,0,0,0,3,0,0,0,0,0,0,0,6
4692,[X14_X6_GET_resp_2xx],4692,3,10,0,0,0,0,0,0,0,0,0,0,0,0,3
4693,[X1_X14_GET_resp_2xx],4693,3,3,0,0,0,0,0,0,0,0,0,0,0,0,0
4694,[X0_X1_GET_resp_2xx],4694,0,0,0,0,0,0,0,0,0,0,0,0,0,0,0
4695,REST_X0,4695,2,0,0,0,0,0,0,0,0,0,0,0,0,0,0
4696,[X0_X1_GET_req],4696,3,1,0,0,0,0,0,0,0,0,0,0,0,0,0
4697,REST_X1,4697,3,2,0,0,0,0,0,0,0,0,0,0,0,0,0
4698,REST_X1,4698,3,5,0,0,0,0,0,0,0,0,0,0,0,0,0
4699,[X1_X8_GET_req],4699,3,6,0,0,0,0,0,0,1,0,0,0,0,0,0
4700,REST_X8,4700,3,6,0,0,0,0,0,0,2,0,0,0,0,0,0
4701,REST_X8,4701,3,6,0,0,0,0,0,0,5,0,0,0,0,0,0
4702,[X8_X12_GET_req],4702,3,6,0,0,0,0,0,0,6,0,0,0,1,0,0
4703,REST_X12,4703,3,6,0,0,0,0,0,0,6,0,0,0,2,0,0
4704,REST_X12,4704,3,6,0,0,0,0,0,0,6,0,0,0,5,0,0
4705,[X12_X3_GET_req],4705,3,6,0,1,0,0,0,0,6,0,0,0,6,0,0
4706,REST_X3,4706,3,6,0,2,0,0,0,0,6,0,0,0,6,0,0
4707,REST_X3,4707,3,6,0,5,0,0,0,0,6,0,0,0,6,0,0
4708,[X3_X9_GET_req],4708,3,6,0,6,0,0,0,0,6,1,0,0,6,0,0
4709,REST_X9,4709,3,6,0,6,0,0,0,0,6,2,0,0,6,0,0
4710,REST_X9,4710,3,6,0,6,0,0,0,0,6,3,0,0,6,0,0
4711,[X3_X9_GET_resp_2xx],4711,3,6,0,3,0,0,0,0,6,0,0,0,6,0,0
4712,[X12_X3_GET_resp_2xx],4712,3,6,0,0,0,0,0,0,6,0,0,0,3,0,0
4713,[X8_X12_GET_resp_2xx],4713,3,6,0,0,0,0,0,0,3,0,0,0,0,0,0
4714,[X1_X8_GET_resp_2xx],4714,3,3,0,0,0,0,0,0,0,0,0,0,0,0,0
4715,[X0_X1_GET_resp_2xx],4715,0,0,0,0,0,0,0,0,0,0,0,0,0,0,0
4716,REST_X0,4716,2,0,0,0,0,0,0,0,0,0,0,0,0,0,0
4717,[X0_X1_GET_req],4717,3,1,0,0,0,0,0,0,0,0,0,0,0,0,0
4718,REST_X1,4718,3,2,0,0,0,0,0,0,0,0,0,0,0,0,0
4719,REST_X1,4719,3,5,0,0,0,0,0,0,0,0,0,0,0,0,0
4720,[X1_X8_GET_req],4720,3,6,0,0,0,0,0,0,1,0,0,0,0,0,0
4721,REST_X8,4721,3,6,0,0,0,0,0,0,2,0,0,0,0,0,0
4722,REST_X8,4722,3,6,0,0,0,0,0,0,5,0,0,0,0,0,0
4723,[X8_X12_GET_req],4723,3,6,0,0,0,0,0,0,6,0,0,0,1,0,0
4724,REST_X12,4724,3,6,0,0,0,0,0,0,6,0,0,0,2,0,0
4725,REST_X12,4725,3,6,0,0,0,0,0,0,6,0,0,0,5,0,0
4726,[X12_X3_GET_req],4726,3,6,0,1,0,0,0,0,6,0,0,0,6,0,0
4727,REST_X3,4727,3,6,0,2,0,0,0,0,6,0,0,0,6,0,0
4728,REST_X3,4728,3,6,0,5,0,0,0,0,6,0,0,0,6,0,0
4729,[X3_X9_GET_req],4729,3,6,0,6,0,0,0,0,6,1,0,0,6,0,0
4730,REST_X9,4730,3,6,0,6,0,0,0,0,6,2,0,0,6,0,0
4731,REST_X9,4731,3,6,0,6,0,0,0,0,6,3,0,0,6,0,0
4732,[X3_X9_GET_resp_2xx],4732,3,6,0,3,0,0,0,0,6,0,0,0,6,0,0
4733,[X12_X3_GET_resp_2xx],4733,3,6,0,0,0,0,0,0,6,0,0,0,3,0,0
4734,[X8_X12_GET_resp_2xx],4734,3,6,0,0,0,0,0,0,3,0,0,0,0,0,0
4735,[X1_X8_GET_resp_2xx],4735,3,3,0,0,0,0,0,0,0,0,0,0,0,0,0
4736,[X0_X1_GET_resp_2xx],4736,0,0,0,0,0,0,0,0,0,0,0,0,0,0,0
4737,REST_X0,4737,2,0,0,0,0,0,0,0,0,0,0,0,0,0,0
4738,[X0_X1_GET_req],4738,3,1,0,0,0,0,0,0,0,0,0,0,0,0,0
4739,REST_X1,4739,3,2,0,0,0,0,0,0,0,0,0,0,0,0,0
4740,REST_X1,4740,3,5,0,0,0,0,0,0,0,0,0,0,0,0,0
4741,[X1_X8_GET_req],4741,3,6,0,0,0,0,0,0,1,0,0,0,0,0,0
4742,REST_X8,4742,3,6,0,0,0,0,0,0,2,0,0,0,0,0,0
4743,REST_X8,4743,3,6,0,0,0,0,0,0,5,0,0,0,0,0,0
4744,[X8_X12_GET_req],4744,3,6,0,0,0,0,0,0,6,0,0,0,1,0,0
4745,REST_X12,4745,3,6,0,0,0,0,0,0,6,0,0,0,2,0,0
4746,REST_X12,4746,3,6,0,0,0,0,0,0,6,0,0,0,9,0,0
4747,[X12_X13_GET_req],4747,3,6,0,0,0,0,0,0,6,0,0,0,10,1,0
4748,REST_X13,4748,3,6,0,0,0,0,0,0,6,0,0,0,10,2,0
4749,REST_X13,4749,3,6,0,0,0,0,0,0,6,0,0,0,10,5,0
4750,[X13_X4_GET_req],4750,3,6,0,0,1,0,0,0,6,0,0,0,10,6,0
4751,REST_X4,4751,3,6,0,0,2,0,0,0,6,0,0,0,10,6,0
4752,REST_X4,4752,3,6,0,0,13,0,0,0,6,0,0,0,10,6,0
4753,[X4_X11_GET_req],4753,3,6,0,0,14,0,0,0,6,0,0,1,10,6,0
4754,REST_X11,4754,3,6,0,0,14,0,0,0,6,0,0,2,10,6,0
4755,REST_X11,4755,3,6,0,0,14,0,0,0,6,0,0,3,10,6,0
4756,[X4_X11_GET_resp_2xx],4756,3,6,0,0,3,0,0,0,6,0,0,0,10,6,0
4757,[X13_X4_GET_resp_2xx],4757,3,6,0,0,0,0,0,0,6,0,0,0,10,3,0
4758,[X12_X13_GET_resp_2xx],4758,3,6,0,0,0,0,0,0,6,0,0,0,3,0,0
4759,[X8_X12_GET_resp_2xx],4759,3,6,0,0,0,0,0,0,3,0,0,0,0,0,0
4760,[X1_X8_GET_resp_2xx],4760,3,3,0,0,0,0,0,0,0,0,0,0,0,0,0
4761,[X0_X1_GET_resp_2xx],4761,0,0,0,0,0,0,0,0,0,0,0,0,0,0,0
4762,REST_X0,4762,2,0,0,0,0,0,0,0,0,0,0,0,0,0,0
4763,[X0_X1_GET_req],4763,3,1,0,0,0,0,0,0,0,0,0,0,0,0,0
4764,REST_X1,4764,3,2,0,0,0,0,0,0,0,0,0,0,0,0,0
4765,REST_X1,4765,3,5,0,0,0,0,0,0,0,0,0,0,0,0,0
4766,[X1_X8_GET_req],4766,3,6,0,0,0,0,0,0,1,0,0,0,0,0,0
4767,REST_X8,4767,3,6,0,0,0,0,0,0,2,0,0,0,0,0,0
4768,REST_X8,4768,3,6,0,0,0,0,0,0,5,0,0,0,0,0,0
4769,[X8_X12_GET_req],4769,3,6,0,0,0,0,0,0,6,0,0,0,1,0,0
4770,REST_X12,4770,3,6,0,0,0,0,0,0,6,0,0,0,2,0,0
4771,REST_X12,4771,3,6,0,0,0,0,0,0,6,0,0,0,5,0,0
4772,[X12_X3_GET_req],4772,3,6,0,1,0,0,0,0,6,0,0,0,6,0,0
4773,REST_X3,4773,3,6,0,2,0,0,0,0,6,0,0,0,6,0,0
4774,REST_X3,4774,3,6,0,5,0,0,0,0,6,0,0,0,6,0,0
4775,[X3_X9_GET_req],4775,3,6,0,6,0,0,0,0,6,1,0,0,6,0,0
4776,REST_X9,4776,3,6,0,6,0,0,0,0,6,2,0,0,6,0,0
4777,REST_X9,4777,3,6,0,6,0,0,0,0,6,3,0,0,6,0,0
4778,[X3_X9_GET_resp_2xx],4778,3,6,0,3,0,0,0,0,6,0,0,0,6,0,0
4779,[X12_X3_GET_resp_2xx],4779,3,6,0,0,0,0,0,0,6,0,0,0,3,0,0
4780,[X8_X12_GET_resp_2xx],4780,3,6,0,0,0,0,0,0,3,0,0,0,0,0,0
4781,[X1_X8_GET_resp_2xx],4781,3,3,0,0,0,0,0,0,0,0,0,0,0,0,0
4782,[X0_X1_GET_resp_2xx],4782,0,0,0,0,0,0,0,0,0,0,0,0,0,0,0
4783,REST_X0,4783,2,0,0,0,0,0,0,0,0,0,0,0,0,0,0
4784,[X0_X1_GET_req],4784,3,1,0,0,0,0,0,0,0,0,0,0,0,0,0
4785,REST_X1,4785,3,2,0,0,0,0,0,0,0,0,0,0,0,0,0
4786,REST_X1,4786,3,5,0,0,0,0,0,0,0,0,0,0,0,0,0
4787,[X1_X8_GET_req],4787,3,6,0,0,0,0,0,0,1,0,0,0,0,0,0
4788,REST_X8,4788,3,6,0,0,0,0,0,0,2,0,0,0,0,0,0
4789,REST_X8,4789,3,6,0,0,0,0,0,0,5,0,0,0,0,0,0
4790,[X8_X12_GET_req],4790,3,6,0,0,0,0,0,0,6,0,0,0,1,0,0
4791,REST_X12,4791,3,6,0,0,0,0,0,0,6,0,0,0,2,0,0
4792,REST_X12,4792,3,6,0,0,0,0,0,0,6,0,0,0,5,0,0
4793,[X12_X3_GET_req],4793,3,6,0,1,0,0,0,0,6,0,0,0,6,0,0
4794,REST_X3,4794,3,6,0,2,0,0,0,0,6,0,0,0,6,0,0
4795,REST_X3,4795,3,6,0,5,0,0,0,0,6,0,0,0,6,0,0
4796,[X3_X9_GET_req],4796,3,6,0,6,0,0,0,0,6,1,0,0,6,0,0
4797,REST_X9,4797,3,6,0,6,0,0,0,0,6,2,0,0,6,0,0
4798,REST_X9,4798,3,6,0,6,0,0,0,0,6,3,0,0,6,0,0
4799,[X3_X9_GET_resp_2xx],4799,3,6,0,3,0,0,0,0,6,0,0,0,6,0,0
4800,[X12_X3_GET_resp_2xx],4800,3,6,0,0,0,0,0,0,6,0,0,0,3,0,0
4801,[X8_X12_GET_resp_2xx],4801,3,6,0,0,0,0,0,0,3,0,0,0,0,0,0
4802,[X1_X8_GET_resp_2xx],4802,3,3,0,0,0,0,0,0,0,0,0,0,0,0,0
4803,[X0_X1_GET_resp_2xx],4803,0,0,0,0,0,0,0,0,0,0,0,0,0,0,0
4804,REST_X0,4804,2,0,0,0,0,0,0,0,0,0,0,0,0,0,0
4805,[X0_X1_GET_req],4805,3,1,0,0,0,0,0,0,0,0,0,0,0,0,0
4806,REST_X1,4806,3,2,0,0,0,0,0,0,0,0,0,0,0,0,0
4807,REST_X1,4807,3,9,0,0,0,0,0,0,0,0,0,0,0,0,0
4808,[X1_X14_GET_req],4808,3,10,0,0,0,0,0,0,0,0,0,0,0,0,1
4809,REST_X14,4809,3,10,0,0,0,0,0,0,0,0,0,0,0,0,2
4810,REST_X14,4810,3,10,0,0,0,0,0,0,0,0,0,0,0,0,5
4811,[X14_X6_GET_req],4811,3,10,0,0,0,0,1,0,0,0,0,0,0,0,6
4812,REST_X6,4812,3,10,0,0,0,0,2,0,0,0,0,0,0,0,6
4813,REST_X6,4813,3,10,0,0,0,0,5,0,0,0,0,0,0,0,6
4814,[X6_X5_GET_req],4814,3,10,0,0,0,1,6,0,0,0,0,0,0,0,6
4815,REST_X5,4815,3,10,0,0,0,2,6,0,0,0,0,0,0,0,6
4816,REST_X5,4816,3,10,0,0,0,3,6,0,0,0,0,0,0,0,6
4817,[X6_X5_GET_resp_2xx],4817,3,10,0,0,0,0,3,0,0,0,0,0,0,0,6
4818,[X14_X6_GET_resp_2xx],4818,3,10,0,0,0,0,0,0,0,0,0,0,0,0,3
4819,[X1_X14_GET_resp_2xx],4819,3,3,0,0,0,0,0,0,0,0,0,0,0,0,0
4820,[X0_X1_GET_resp_2xx],4820,0,0,0,0,0,0,0,0,0,0,0,0,0,0,0
4821,REST_X0,4821,2,0,0,0,0,0,0,0,0,0,0,0,0,0,0
4822,[X0_X1_GET_req],4822,3,1,0,0,0,0,0,0,0,0,0,0,0,0,0
4823,REST_X1,4823,3,2,0,0,0,0,0,0,0,0,0,0,0,0,0
4824,REST_X1,4824,3,5,0,0,0,0,0,0,0,0,0,0,0,0,0
4825,[X1_X8_GET_req],4825,3,6,0,0,0,0,0,0,1,0,0,0,0,0,0
4826,REST_X8,4826,3,6,0,0,0,0,0,0,2,0,0,0,0,0,0
4827,REST_X8,4827,3,6,0,0,0,0,0,0,5,0,0,0,0,0,0
4828,[X8_X12_GET_req],4828,3,6,0,0,0,0,0,0,6,0,0,0,1,0,0
4829,REST_X12,4829,3,6,0,0,0,0,0,0,6,0,0,0,2,0,0
4830,REST_X12,4830,3,6,0,0,0,0,0,0,6,0,0,0,9,0,0
4831,[X12_X13_GET_req],4831,3,6,0,0,0,0,0,0,6,0,0,0,10,1,0
4832,REST_X13,4832,3,6,0,0,0,0,0,0,6,0,0,0,10,2,0
4833,REST_X13,4833,3,6,0,0,0,0,0,0,6,0,0,0,10,5,0
4834,[X13_X4_GET_req],4834,3,6,0,0,1,0,0,0,6,0,0,0,10,6,0
4835,REST_X4,4835,3,6,0,0,2,0,0,0,6,0,0,0,10,6,0
4836,REST_X4,4836,3,6,0,0,5,0,0,0,6,0,0,0,10,6,0
4837,[X4_X2_GET_req],4837,3,6,1,0,6,0,0,0,6,0,0,0,10,6,0
4838,REST_X2,4838,3,6,2,0,6,0,0,0,6,0,0,0,10,6,0
4839,REST_X2,4839,3,6,3,0,6,0,0,0,6,0,0,0,10,6,0
4840,[X4_X2_GET_resp_2xx],4840,3,6,0,0,3,0,0,0,6,0,0,0,10,6,0
4841,[X13_X4_GET_resp_2xx],4841,3,6,0,0,0,0,0,0,6,0,0,0,10,3,0
4842,[X12_X13_GET_resp_2xx],4842,3,6,0,0,0,0,0,0,6,0,0,0,3,0,0
4843,[X8_X12_GET_resp_2xx],4843,3,6,0,0,0,0,0,0,3,0,0,0,0,0,0
4844,[X1_X8_GET_resp_2xx],4844,3,3,0,0,0,0,0,0,0,0,0,0,0,0,0
4845,[X0_X1_GET_resp_2xx],4845,0,0,0,0,0,0,0,0,0,0,0,0,0,0,0
4846,REST_X0,4846,2,0,0,0,0,0,0,0,0,0,0,0,0,0,0
4847,[X0_X1_GET_req],4847,3,1,0,0,0,0,0,0,0,0,0,0,0,0,0
4848,REST_X1,4848,3,2,0,0,0,0,0,0,0,0,0,0,0,0,0
4849,REST_X1,4849,3,5,0,0,0,0,0,0,0,0,0,0,0,0,0
4850,[X1_X8_GET_req],4850,3,6,0,0,0,0,0,0,1,0,0,0,0,0,0
4851,REST_X8,4851,3,6,0,0,0,0,0,0,2,0,0,0,0,0,0
4852,REST_X8,4852,3,6,0,0,0,0,0,0,5,0,0,0,0,0,0
4853,[X8_X12_GET_req],4853,3,6,0,0,0,0,0,0,6,0,0,0,1,0,0
4854,REST_X12,4854,3,6,0,0,0,0,0,0,6,0,0,0,2,0,0
4855,REST_X12,4855,3,6,0,0,0,0,0,0,6,0,0,0,9,0,0
4856,[X12_X13_GET_req],4856,3,6,0,0,0,0,0,0,6,0,0,0,10,1,0
4857,REST_X13,4857,3,6,0,0,0,0,0,0,6,0,0,0,10,2,0
4858,REST_X13,4858,3,6,0,0,0,0,0,0,6,0,0,0,10,5,0
4859,[X13_X4_GET_req],4859,3,6,0,0,1,0,0,0,6,0,0,0,10,6,0
4860,REST_X4,4860,3,6,0,0,2,0,0,0,6,0,0,0,10,6,0
4861,REST_X4,4861,3,6,0,0,9,0,0,0,6,0,0,0,10,6,0
4862,[X4_X7_GET_req],4862,3,6,0,0,10,0,0,1,6,0,0,0,10,6,0
4863,REST_X7,4863,3,6,0,0,10,0,0,2,6,0,0,0,10,6,0
4864,REST_X7,4864,3,6,0,0,10,0,0,5,6,0,0,0,10,6,0
4865,[X7_X10_GET_req],4865,3,6,0,0,10,0,0,6,6,0,1,0,10,6,0
4866,REST_X10,4866,3,6,0,0,10,0,0,6,6,0,2,0,10,6,0
4867,REST_X10,4867,3,6,0,0,10,0,0,6,6,0,4,0,10,6,0
4868,[X7_X10_GET_resp_5xx],4868,3,6,0,0,10,0,0,7,6,0,0,0,10,6,0
4869,[X7_X10_GET_req],4869,3,6,0,0,10,0,0,8,6,0,1,0,10,6,0
4870,REST_X10,4870,3,6,0,0,10,0,0,8,6,0,2,0,10,6,0
4871,REST_X10,4871,3,6,0,0,10,0,0,8,6,0,3,0,10,6,0
4872,[X7_X10_GET_resp_2xx],4872,3,6,0,0,10,0,0,3,6,0,0,0,10,6,0
4873,[X4_X7_GET_resp_2xx],4873,3,6,0,0,3,0,0,0,6,0,0,0,10,6,0
4874,[X13_X4_GET_resp_2xx],4874,3,6,0,0,0,0,0,0,6,0,0,0,10,3,0
4875,[X12_X13_GET_resp_2xx],4875,3,6,0,0,0,0,0,0,6,0,0,0,3,0,0
4876,[X8_X12_GET_resp_2xx],4876,3,6,0,0,0,0,0,0,3,0,0,0,0,0,0
4877,[X1_X8_GET_resp_2xx],4877,3,3,0,0,0,0,0,0,0,0,0,0,0,0,0
4878,[X0_X1_GET_resp_2xx],4878,0,0,0,0,0,0,0,0,0,0,0,0,0,0,0
4879,REST_X0,4879,2,0,0,0,0,0,0,0,0,0,0,0,0,0,0
4880,[X0_X1_GET_req],4880,3,1,0,0,0,0,0,0,0,0,0,0,0,0,0
4881,REST_X1,4881,3,2,0,0,0,0,0,0,0,0,0,0,0,0,0
4882,REST_X1,4882,3,5,0,0,0,0,0,0,0,0,0,0,0,0,0
4883,[X1_X8_GET_req],4883,3,6,0,0,0,0,0,0,1,0,0,0,0,0,0
4884,REST_X8,4884,3,6,0,0,0,0,0,0,2,0,0,0,0,0,0
4885,REST_X8,4885,3,6,0,0,0,0,0,0,5,0,0,0,0,0,0
4886,[X8_X12_GET_req],4886,3,6,0,0,0,0,0,0,6,0,0,0,1,0,0
4887,REST_X12,4887,3,6,0,0,0,0,0,0,6,0,0,0,2,0,0
4888,REST_X12,4888,3,6,0,0,0,0,0,0,6,0,0,0,9,0,0
4889,[X12_X13_GET_req],4889,3,6,0,0,0,0,0,0,6,0,0,0,10,1,0
4890,REST_X13,4890,3,6,0,0,0,0,0,0,6,0,0,0,10,2,0
4891,REST_X13,4891,3,6,0,0,0,0,0,0,6,0,0,0,10,5,0
4892,[X13_X4_GET_req],4892,3,6,0,0,1,0,0,0,6,0,0,0,10,6,0
4893,REST_X4,4893,3,6,0,0,2,0,0,0,6,0,0,0,10,6,0
4894,REST_X4,4894,3,6,0,0,5,0,0,0,6,0,0,0,10,6,0
4895,[X4_X2_GET_req],4895,3,6,1,0,6,0,0,0,6,0,0,0,10,6,0
4896,REST_X2,4896,3,6,2,0,6,0,0,0,6,0,0,0,10,6,0
4897,REST_X2,4897,3,6,3,0,6,0,0,0,6,0,0,0,10,6,0
4898,[X4_X2_GET_resp_2xx],4898,3,6,0,0,3,0,0,0,6,0,0,0,10,6,0
4899,[X13_X4_GET_resp_2xx],4899,3,6,0,0,0,0,0,0,6,0,0,0,10,3,0
4900,[X12_X13_GET_resp_2xx],4900,3,6,0,0,0,0,0,0,6,0,0,0,3,0,0
4901,[X8_X12_GET_resp_2xx],4901,3,6,0,0,0,0,0,0,3,0,0,0,0,0,0
4902,[X1_X8_GET_resp_2xx],4902,3,3,0,0,0,0,0,0,0,0,0,0,0,0,0
4903,[X0_X1_GET_resp_2xx],4903,0,0,0,0,0,0,0,0,0,0,0,0,0,0,0
4904,REST_X0,4904,2,0,0,0,0,0,0,0,0,0,0,0,0,0,0
4905,[X0_X1_GET_req],4905,3,1,0,0,0,0,0,0,0,0,0,0,0,0,0
4906,REST_X1,4906,3,2,0,0,0,0,0,0,0,0,0,0,0,0,0
4907,REST_X1,4907,3,9,0,0,0,0,0,0,0,0,0,0,0,0,0
4908,[X1_X14_GET_req],4908,3,10,0,0,0,0,0,0,0,0,0,0,0,0,1
4909,REST_X14,4909,3,10,0,0,0,0,0,0,0,0,0,0,0,0,2
4910,REST_X14,4910,3,10,0,0,0,0,0,0,0,0,0,0,0,0,5
4911,[X14_X6_GET_req],4911,3,10,0,0,0,0,1,0,0,0,0,0,0,0,6
4912,REST_X6,4912,3,10,0,0,0,0,2,0,0,0,0,0,0,0,6
4913,REST_X6,4913,3,10,0,0,0,0,5,0,0,0,0,0,0,0,6
4914,[X6_X5_GET_req],4914,3,10,0,0,0,1,6,0,0,0,0,0,0,0,6
4915,REST_X5,4915,3,10,0,0,0,2,6,0,0,0,0,0,0,0,6
4916,REST_X5,4916,3,10,0,0,0,3,6,0,0,0,0,0,0,0,6
4917,[X6_X5_GET_resp_2xx],4917,3,10,0,0,0,0,3,0,0,0,0,0,0,0,6
4918,[X14_X6_GET_resp_2xx],4918,3,10,0,0,0,0,0,0,0,0,0,0,0,0,3
4919,[X1_X14_GET_resp_2xx],4919,3,3,0,0,0,0,0,0,0,0,0,0,0,0,0
4920,[X0_X1_GET_resp_2xx],4920,0,0,0,0,0,0,0,0,0,0,0,0,0,0,0
4921,REST_X0,4921,2,0,0,0,0,0,0,0,0,0,0,0,0,0,0
4922,[X0_X1_GET_req],4922,3,1,0,0,0,0,0,0,0,0,0,0,0,0,0
4923,REST_X1,4923,3,2,0,0,0,0,0,0,0,0,0,0,0,0,0
4924,REST_X1,4924,3,9,0,0,0,0,0,0,0,0,0,0,0,0,0
4925,[X1_X14_GET_req],4925,3,10,0,0,0,0,0,0,0,0,0,0,0,0,1
4926,REST_X14,4926,3,10,0,0,0,0,0,0,0,0,0,0,0,0,2
4927,REST_X14,4927,3,10,0,0,0,0,0,0,0,0,0,0,0,0,5
4928,[X14_X6_GET_req],4928,3,10,0,0,0,0,1,0,0,0,0,0,0,0,6
4929,REST_X6,4929,3,10,0,0,0,0,2,0,0,0,0,0,0,0,6
4930,REST_X6,4930,3,10,0,0,0,0,5,0,0,0,0,0,0,0,6
4931,[X6_X5_GET_req],4931,3,10,0,0,0,1,6,0,0,0,0,0,0,0,6
4932,REST_X5,4932,3,10,0,0,0,2,6,0,0,0,0,0,0,0,6
4933,REST_X5,4933,3,10,0,0,0,3,6,0,0,0,0,0,0,0,6
4934,[X6_X5_GET_resp_2xx],4934,3,10,0,0,0,0,3,0,0,0,0,0,0,0,6
4935,[X14_X6_GET_resp_2xx],4935,3,10,0,0,0,0,0,0,0,0,0,0,0,0,3
4936,[X1_X14_GET_resp_2xx],4936,3,3,0,0,0,0,0,0,0,0,0,0,0,0,0
4937,[X0_X1_GET_resp_2xx],4937,0,0,0,0,0,0,0,0,0,0,0,0,0,0,0
4938,REST_X0,4938,2,0,0,0,0,0,0,0,0,0,0,0,0,0,0
4939,[X0_X1_GET_req],4939,3,1,0,0,0,0,0,0,0,0,0,0,0,0,0
4940,REST_X1,4940,3,2,0,0,0,0,0,0,0,0,0,0,0,0,0
4941,REST_X1,4941,3,5,0,0,0,0,0,0,0,0,0,0,0,0,0
4942,[X1_X8_GET_req],4942,3,6,0,0,0,0,0,0,1,0,0,0,0,0,0
4943,REST_X8,4943,3,6,0,0,0,0,0,0,2,0,0,0,0,0,0
4944,REST_X8,4944,3,6,0,0,0,0,0,0,5,0,0,0,0,0,0
4945,[X8_X12_GET_req],4945,3,6,0,0,0,0,0,0,6,0,0,0,1,0,0
4946,REST_X12,4946,3,6,0,0,0,0,0,0,6,0,0,0,2,0,0
4947,REST_X12,4947,3,6,0,0,0,0,0,0,6,0,0,0,9,0,0
4948,[X12_X13_GET_req],4948,3,6,0,0,0,0,0,0,6,0,0,0,10,1,0
4949,REST_X13,4949,3,6,0,0,0,0,0,0,6,0,0,0,10,2,0
4950,REST_X13,4950,3,6,0,0,0,0,0,0,6,0,0,0,10,5,0
4951,[X13_X4_GET_req],4951,3,6,0,0,1,0,0,0,6,0,0,0,10,6,0
4952,REST_X4,4952,3,6,0,0,2,0,0,0,6,0,0,0,10,6,0
4953,REST_X4,4953,3,6,0,0,13,0,0,0,6,0,0,0,10,6,0
4954,[X4_X11_GET_req],4954,3,6,0,0,14,0,0,0,6,0,0,1,10,6,0
4955,REST_X11,4955,3,6,0,0,14,0,0,0,6,0,0,2,10,6,0
4956,REST_X11,4956,3,6,0,0,14,0,0,0,6,0,0,3,10,6,0
4957,[X4_X11_GET_resp_2xx],4957,3,6,0,0,3,0,0,0,6,0,0,0,10,6,0
4958,[X13_X4_GET_resp_2xx],4958,3,6,0,0,0,0,0,0,6,0,0,0,10,3,0
4959,[X12_X13_GET_resp_2xx],4959,3,6,0,0,0,0,0,0,6,0,0,0,3,0,0
4960,[X8_X12_GET_resp_2xx],4960,3,6,0,0,0,0,0,0,3,0,0,0,0,0,0
4961,[X1_X8_GET_resp_2xx],4961,3,3,0,0,0,0,0,0,0,0,0,0,0,0,0
4962,[X0_X1_GET_resp_2xx],4962,0,0,0,0,0,0,0,0,0,0,0,0,0,0,0
4963,REST_X0,4963,2,0,0,0,0,0,0,0,0,0,0,0,0,0,0
4964,[X0_X1_GET_req],4964,3,1,0,0,0,0,0,0,0,0,0,0,0,0,0
4965,REST_X1,4965,3,2,0,0,0,0,0,0,0,0,0,0,0,0,0
4966,REST_X1,4966,3,5,0,0,0,0,0,0,0,0,0,0,0,0,0
4967,[X1_X8_GET_req],4967,3,6,0,0,0,0,0,0,1,0,0,0,0,0,0
4968,REST_X8,4968,3,6,0,0,0,0,0,0,2,0,0,0,0,0,0
4969,REST_X8,4969,3,6,0,0,0,0,0,0,5,0,0,0,0,0,0
4970,[X8_X12_GET_req],4970,3,6,0,0,0,0,0,0,6,0,0,0,1,0,0
4971,REST_X12,4971,3,6,0,0,0,0,0,0,6,0,0,0,2,0,0
4972,REST_X12,4972,3,6,0,0,0,0,0,0,6,0,0,0,9,0,0
4973,[X12_X13_GET_req],4973,3,6,0,0,0,0,0,0,6,0,0,0,10,1,0
4974,REST_X13,4974,3,6,0,0,0,0,0,0,6,0,0,0,10,2,0
4975,REST_X13,4975,3,6,0,0,0,0,0,0,6,0,0,0,10,5,0
4976,[X13_X4_GET_req],4976,3,6,0,0,1,0,0,0,6,0,0,0,10,6,0
4977,REST_X4,4977,3,6,0,0,2,0,0,0,6,0,0,0,10,6,0
4978,REST_X4,4978,3,6,0,0,13,0,0,0,6,0,0,0,10,6,0
4979,[X4_X11_GET_req],4979,3,6,0,0,14,0,0,0,6,0,0,1,10,6,0
4980,REST_X11,4980,3,6,0,0,14,0,0,0,6,0,0,2,10,6,0
4981,REST_X11,4981,3,6,0,0,14,0,0,0,6,0,0,3,10,6,0
4982,[X4_X11_GET_resp_2xx],4982,3,6,0,0,3,0,0,0,6,0,0,0,10,6,0
4983,[X13_X4_GET_resp_2xx],4983,3,6,0,0,0,0,0,0,6,0,0,0,10,3,0
4984,[X12_X13_GET_resp_2xx],4984,3,6,0,0,0,0,0,0,6,0,0,0,3,0,0
4985,[X8_X12_GET_resp_2xx],4985,3,6,0,0,0,0,0,0,3,0,0,0,0,0,0
4986,[X1_X8_GET_resp_2xx],4986,3,3,0,0,0,0,0,0,0,0,0,0,0,0,0
4987,[X0_X1_GET_resp_2xx],4987,0,0,0,0,0,0,0,0,0,0,0,0,0,0,0
4988,REST_X0,4988,2,0,0,0,0,0,0,0,0,0,0,0,0,0,0
4989,[X0_X1_GET_req],4989,3,1,0,0,0,0,0,0,0,0,0,0,0,0,0
4990,REST_X1,4990,3,2,0,0,0,0,0,0,0,0,0,0,0,0,0
4991,REST_X1,4991,3,5,0,0,0,0,0,0,0,0,0,0,0,0,0
4992,[X1_X8_GET_req],4992,3,6,0,0,0,0,0,0,1,0,0,0,0,0,0
4993,REST_X8,4993,3,6,0,0,0,0,0,0,2,0,0,0,0,0,0
4994,REST_X8,4994,3,6,0,0,0,0,0,0,5,0,0,0,0,0,0
4995,[X8_X12_GET_req],4995,3,6,0,0,0,0,0,0,6,0,0,0,1,0,0
4996,REST_X12,4996,3,6,0,0,0,0,0,0,6,0,0,0,2,0,0
4997,REST_X12,4997,3,6,0,0,0,0,0,0,6,0,0,0,5,0,0
4998,[X12_X3_GET_req],4998,3,6,0,1,0,0,0,0,6,0,0,0,6,0,0
4999,REST_X3,4999,3,6,0,2,0,0,0,0,6,0,0,0,6,0,0
5000,REST_X3,5000,3,6,0,5,0,0,0,0,6,0,0,0,6,0,0
5001,[X3_X9_GET_req],5001,3,6,0,6,0,0,0,0,6,1,0,0,6,0,0
5002,REST_X9,5002,3,6,0,6,0,0,0,0,6,2,0,0,6,0,0
5003,REST_X9,5003,3,6,0,6,0,0,0,0,6,3,0,0,6,0,0
5004,[X3_X9_GET_resp_2xx],5004,3,6,0,3,0,0,0,0,6,0,0,0,6,0,0
5005,[X12_X3_GET_resp_2xx],5005,3,6,0,0,0,0,0,0,6,0,0,0,3,0,0
5006,[X8_X12_GET_resp_2xx],5006,3,6,0,0,0,0,0,0,3,0,0,0,0,0,0
5007,[X1_X8_GET_resp_2xx],5007,3,3,0,0,0,0,0,0,0,0,0,0,0,0,0
5008,[X0_X1_GET_resp_2xx],5008,0,0,0,0,0,0,0,0,0,0,0,0,0,0,0
5009,REST_X0,5009,2,0,0,0,0,0,0,0,0,0,0,0,0,0,0
5010,[X0_X1_GET_req],5010,3,1,0,0,0,0,0,0,0,0,0,0,0,0,0
5011,REST_X1,5011,3,2,0,0,0,0,0,0,0,0,0,0,0,0,0
5012,REST_X1,5012,3,9,0,0,0,0,0,0,0,0,0,0,0,0,0
5013,[X1_X14_GET_req],5013,3,10,0,0,0,0,0,0,0,0,0,0,0,0,1
5014,REST_X14,5014,3,10,0,0,0,0,0,0,0,0,0,0,0,0,2
5015,REST_X14,5015,3,10,0,0,0,0,0,0,0,0,0,0,0,0,5
5016,[X14_X6_GET_req],5016,3,10,0,0,0,0,1,0,0,0,0,0,0,0,6
5017,REST_X6,5017,3,10,0,0,0,0,2,0,0,0,0,0,0,0,6
5018,REST_X6,5018,3,10,0,0,0,0,5,0,0,0,0,0,0,0,6
5019,[X6_X5_GET_req],5019,3,10,0,0,0,1,6,0,0,0,0,0,0,0,6
5020,REST_X5,5020,3,10,0,0,0,2,6,0,0,0,0,0,0,0,6
5021,REST_X5,5021,3,10,0,0,0,4,6,0,0,0,0,0,0,0,6
5022,[X6_X5_GET_resp_5xx],5022,3,10,0,0,0,0,7,0,0,0,0,0,0,0,6
5023,[X6_X5_GET_req],5023,3,10,0,0,0,1,8,0,0,0,0,0,0,0,6
5024,REST_X5,5024,3,10,0,0,0,2,8,0,0,0,0,0,0,0,6
5025,REST_X5,5025,3,10,0,0,0,4,8,0,0,0,0,0,0,0,6
5026,[X6_X5_GET_resp_5xx],5026,3,10,0,0,0,0,4,0,0,0,0,0,0,0,6
5027,[X14_X6_GET_resp_5xx],5027,3,10,0,0,0,0,0,0,0,0,0,0,0,0,7
5028,[X14_X6_GET_req],5028,3,10,0,0,0,0,1,0,0,0,0,0,0,0,8
5029,REST_X6,5029,3,10,0,0,0,0,2,0,0,0,0,0,0,0,8
5030,REST_X6,5030,3,10,0,0,0,0,5,0,0,0,0,0,0,0,8
5031,[X6_X5_GET_req],5031,3,10,0,0,0,1,6,0,0,0,0,0,0,0,8
5032,REST_X5,5032,3,10,0,0,0,2,6,0,0,0,0,0,0,0,8
5033,REST_X5,5033,3,10,0,0,0,3,6,0,0,0,0,0,0,0,8
5034,[X6_X5_GET_resp_2xx],5034,3,10,0,0,0,0,3,0,0,0,0,0,0,0,8
5035,[X14_X6_GET_resp_2xx],5035,3,10,0,0,0,0,0,0,0,0,0,0,0,0,3
5036,[X1_X14_GET_resp_2xx],5036,3,3,0,0,0,0,0,0,0,0,0,0,0,0,0
5037,[X0_X1_GET_resp_2xx],5037,0,0,0,0,0,0,0,0,0,0,0,0,0,0,0
5038,REST_X0,5038,2,0,0,0,0,0,0,0,0,0,0,0,0,0,0
5039,[X0_X1_GET_req],5039,3,1,0,0,0,0,0,0,0,0,0,0,0,0,0
5040,REST_X1,5040,3,2,0,0,0,0,0,0,0,0,0,0,0,0,0
5041,REST_X1,5041,3,5,0,0,0,0,0,0,0,0,0,0,0,0,0
5042,[X1_X8_GET_req],5042,3,6,0,0,0,0,0,0,1,0,0,0,0,0,0
5043,REST_X8,5043,3,6,0,0,0,0,0,0,2,0,0,0,0,0,0
5044,REST_X8,5044,3,6,0,0,0,0,0,0,5,0,0,0,0,0,0
5045,[X8_X12_GET_req],5045,3,6,0,0,0,0,0,0,6,0,0,0,1,0,0
5046,REST_X12,5046,3,6,0,0,0,0,0,0,6,0,0,0,2,0,0
5047,REST_X12,5047,3,6,0,0,0,0,0,0,6,0,0,0,5,0,0
5048,[X12_X3_GET_req],5048,3,6,0,1,0,0,0,0,6,0,0,0,6,0,0
5049,REST_X3,5049,3,6,0,2,0,0,0,0,6,0,0,0,6,0,0
5050,REST_X3,5050,3,6,0,5,0,0,0,0,6,0,0,0,6,0,0
5051,[X3_X9_GET_req],5051,3,6,0,6,0,0,0,0,6,1,0,0,6,0,0
5052,REST_X9,5052,3,6,0,6,0,0,0,0,6,2,0,0,6,0,0
5053,REST_X9,5053,3,6,0,6,0,0,0,0,6,3,0,0,6,0,0
5054,[X3_X9_GET_resp_2xx],5054,3,6,0,3,0,0,0,0,6,0,0,0,6,0,0
5055,[X12_X3_GET_resp_2xx],5055,3,6,0,0,0,0,0,0,6,0,0,0,3,0,0
5056,[X8_X12_GET_resp_2xx],5056,3,6,0,0,0,0,0,0,3,0,0,0,0,0,0
5057,[X1_X8_GET_resp_2xx],5057,3,3,0,0,0,0,0,0,0,0,0,0,0,0,0
5058,[X0_X1_GET_resp_2xx],5058,0,0,0,0,0,0,0,0,0,0,0,0,0,0,0
5059,REST_X0,5059,2,0,0,0,0,0,0,0,0,0,0,0,0,0,0
5060,[X0_X1_GET_req],5060,3,1,0,0,0,0,0,0,0,0,0,0,0,0,0
5061,REST_X1,5061,3,2,0,0,0,0,0,0,0,0,0,0,0,0,0
5062,REST_X1,5062,3,9,0,0,0,0,0,0,0,0,0,0,0,0,0
5063,[X1_X14_GET_req],5063,3,10,0,0,0,0,0,0,0,0,0,0,0,0,1
5064,REST_X14,5064,3,10,0,0,0,0,0,0,0,0,0,0,0,0,2
5065,REST_X14,5065,3,10,0,0,0,0,0,0,0,0,0,0,0,0,5
5066,[X14_X6_GET_req],5066,3,10,0,0,0,0,1,0,0,0,0,0,0,0,6
5067,REST_X6,5067,3,10,0,0,0,0,2,0,0,0,0,0,0,0,6
5068,REST_X6,5068,3,10,0,0,0,0,5,0,0,0,0,0,0,0,6
5069,[X6_X5_GET_req],5069,3,10,0,0,0,1,6,0,0,0,0,0,0,0,6
5070,REST_X5,5070,3,10,0,0,0,2,6,0,0,0,0,0,0,0,6
5071,REST_X5,5071,3,10,0,0,0,3,6,0,0,0,0,0,0,0,6
5072,[X6_X5_GET_resp_2xx],5072,3,10,0,0,0,0,3,0,0,0,0,0,0,0,6
5073,[X14_X6_GET_resp_2xx],5073,3,10,0,0,0,0,0,0,0,0,0,0,0,0,3
5074,[X1_X14_GET_resp_2xx],5074,3,3,0,0,0,0,0,0,0,0,0,0,0,0,0
5075,[X0_X1_GET_resp_2xx],5075,0,0,0,0,0,0,0,0,0,0,0,0,0,0,0
5076,REST_X0,5076,2,0,0,0,0,0,0,0,0,0,0,0,0,0,0
5077,[X0_X1_GET_req],5077,3,1,0,0,0,0,0,0,0,0,0,0,0,0,0
5078,REST_X1,5078,3,2,0,0,0,0,0,0,0,0,0,0,0,0,0
5079,REST_X1,5079,3,9,0,0,0,0,0,0,0,0,0,0,0,0,0
5080,[X1_X14_GET_req],5080,3,10,0,0,0,0,0,0,0,0,0,0,0,0,1
5081,REST_X14,5081,3,10,0,0,0,0,0,0,0,0,0,0,0,0,2
5082,REST_X14,5082,3,10,0,0,0,0,0,0,0,0,0,0,0,0,5
5083,[X14_X6_GET_req],5083,3,10,0,0,0,0,1,0,0,0,0,0,0,0,6
5084,REST_X6,5084,3,10,0,0,0,0,2,0,0,0,0,0,0,0,6
5085,REST_X6,5085,3,10,0,0,0,0,5,0,0,0,0,0,0,0,6
5086,[X6_X5_GET_req],5086,3,10,0,0,0,1,6,0,0,0,0,0,0,0,6
5087,REST_X5,5087,3,10,0,0,0,2,6,0,0,0,0,0,0,0,6
5088,REST_X5,5088,3,10,0,0,0,3,6,0,0,0,0,0,0,0,6
5089,[X6_X5_GET_resp_2xx],5089,3,10,0,0,0,0,3,0,0,0,0,0,0,0,6
5090,[X14_X6_GET_resp_2xx],5090,3,10,0,0,0,0,0,0,0,0,0,0,0,0,3
5091,[X1_X14_GET_resp_2xx],5091,3,3,0,0,0,0,0,0,0,0,0,0,0,0,0
5092,[X0_X1_GET_resp_2xx],5092,0,0,0,0,0,0,0,0,0,0,0,0,0,0,0
5093,REST_X0,5093,2,0,0,0,0,0,0,0,0,0,0,0,0,0,0
5094,[X0_X1_GET_req],5094,3,1,0,0,0,0,0,0,0,0,0,0,0,0,0
5095,REST_X1,5095,3,2,0,0,0,0,0,0,0,0,0,0,0,0,0
5096,REST_X1,5096,3,5,0,0,0,0,0,0,0,0,0,0,0,0,0
5097,[X1_X8_GET_req],5097,3,6,0,0,0,0,0,0,1,0,0,0,0,0,0
5098,REST_X8,5098,3,6,0,0,0,0,0,0,2,0,0,0,0,0,0
5099,REST_X8,5099,3,6,0,0,0,0,0,0,5,0,0,0,0,0,0
5100,[X8_X12_GET_req],5100,3,6,0,0,0,0,0,0,6,0,0,0,1,0,0
5101,REST_X12,5101,3,6,0,0,0,0,0,0,6,0,0,0,2,0,0
5102,REST_X12,5102,3,6,0,0,0,0,0,0,6,0,0,0,5,0,0
5103,[X12_X3_GET_req],5103,3,6,0,1,0,0,0,0,6,0,0,0,6,0,0
5104,REST_X3,5104,3,6,0,2,0,0,0,0,6,0,0,0,6,0,0
5105,REST_X3,5105,3,6,0,5,0,0,0,0,6,0,0,0,6,0,0
5106,[X3_X9_GET_req],5106,3,6,0,6,0,0,0,0,6,1,0,0,6,0,0
5107,REST_X9,5107,3,6,0,6,0,0,0,0,6,2,0,0,6,0,0
5108,REST_X9,5108,3,6,0,6,0,0,0,0,6,3,0,0,6,0,0
5109,[X3_X9_GET_resp_2xx],5109,3,6,0,3,0,0,0,0,6,0,0,0,6,0,0
5110,[X12_X3_GET_resp_2xx],5110,3,6,0,0,0,0,0,0,6,0,0,0,3,0,0
5111,[X8_X12_GET_resp_2xx],5111,3,6,0,0,0,0,0,0,3,0,0,0,0,0,0
5112,[X1_X8_GET_resp_2xx],5112,3,3,0,0,0,0,0,0,0,0,0,0,0,0,0
5113,[X0_X1_GET_resp_2xx],5113,0,0,0,0,0,0,0,0,0,0,0,0,0,0,0
5114,REST_X0,5114,2,0,0,0,0,0,0,0,0,0,0,0,0,0,0
5115,[X0_X1_GET_req],5115,3,1,0,0,0,0,0,0,0,0,0,0,0,0,0
5116,REST_X1,5116,3,2,0,0,0,0,0,0,0,0,0,0,0,0,0
5117,REST_X1,5117,3,5,0,0,0,0,0,0,0,0,0,0,0,0,0
5118,[X1_X8_GET_req],5118,3,6,0,0,0,0,0,0,1,0,0,0,0,0,0
5119,REST_X8,5119,3,6,0,0,0,0,0,0,2,0,0,0,0,0,0
5120,REST_X8,5120,3,6,0,0,0,0,0,0,5,0,0,0,0,0,0
5121,[X8_X12_GET_req],5121,3,6,0,0,0,0,0,0,6,0,0,0,1,0,0
5122,REST_X12,5122,3,6,0,0,0,0,0,0,6,0,0,0,2,0,0
5123,REST_X12,5123,3,6,0,0,0,0,0,0,6,0,0,0,9,0,0
5124,[X12_X13_GET_req],5124,3,6,0,0,0,0,0,0,6,0,0,0,10,1,0
5125,REST_X13,5125,3,6,0,0,0,0,0,0,6,0,0,0,10,2,0
5126,REST_X13,5126,3,6,0,0,0,0,0,0,6,0,0,0,10,5,0
5127,[X13_X4_GET_req],5127,3,6,0,0,1,0,0,0,6,0,0,0,10,6,0
5128,REST_X4,5128,3,6,0,0,2,0,0,0,6,0,0,0,10,6,0
5129,REST_X4,5129,3,6,0,0,13,0,0,0,6,0,0,0,10,6,0
5130,[X4_X11_GET_req],5130,3,6,0,0,14,0,0,0,6,0,0,1,10,6,0
5131,REST_X11,5131,3,6,0,0,14,0,0,0,6,0,0,2,10,6,0
5132,REST_X11,5132,3,6,0,0,14,0,0,0,6,0,0,4,10,6,0
5133,[X4_X11_GET_resp_5xx],5133,3,6,0,0,15,0,0,0,6,0,0,0,10,6,0
5134,[X4_X11_GET_req],5134,3,6,0,0,16,0,0,0,6,0,0,1,10,6,0
5135,REST_X11,5135,3,6,0,0,16,0,0,0,6,0,0,2,10,6,0
5136,REST_X11,5136,3,6,0,0,16,0,0,0,6,0,0,3,10,6,0
5137,[X4_X11_GET_resp_2xx],5137,3,6,0,0,3,0,0,0,6,0,0,0,10,6,0
5138,[X13_X4_GET_resp_2xx],5138,3,6,0,0,0,0,0,0,6,0,0,0,10,3,0
5139,[X12_X13_GET_resp_2xx],5139,3,6,0,0,0,0,0,0,6,0,0,0,3,0,0
5140,[X8_X12_GET_resp_2xx],5140,3,6,0,0,0,0,0,0,3,0,0,0,0,0,0
5141,[X1_X8_GET_resp_2xx],5141,3,3,0,0,0,0,0,0,0,0,0,0,0,0,0
5142,[X0_X1_GET_resp_2xx],5142,0,0,0,0,0,0,0,0,0,0,0,0,0,0,0
5143,REST_X0,5143,2,0,0,0,0,0,0,0,0,0,0,0,0,0,0
5144,[X0_X1_GET_req],5144,3,1,0,0,0,0,0,0,0,0,0,0,0,0,0
5145,REST_X1,5145,3,2,0,0,0,0,0,0,0,0,0,0,0,0,0
5146,REST_X1,5146,3,9,0,0,0,0,0,0,0,0,0,0,0,0,0
5147,[X1_X14_GET_req],5147,3,10,0,0,0,0,0,0,0,0,0,0,0,0,1
5148,REST_X14,5148,3,10,0,0,0,0,0,0,0,0,0,0,0,0,2
5149,REST_X14,5149,3,10,0,0,0,0,0,0,0,0,0,0,0,0,5
5150,[X14_X6_GET_req],5150,3,10,0,0,0,0,1,0,0,0,0,0,0,0,6
5151,REST_X6,5151,3,10,0,0,0,0,2,0,0,0,0,0,0,0,6
5152,REST_X6,5152,3,10,0,0,0,0,5,0,0,0,0,0,0,0,6
5153,[X6_X5_GET_req],5153,3,10,0,0,0,1,6,0,0,0,0,0,0,0,6
5154,REST_X5,5154,3,10,0,0,0,2,6,0,0,0,0,0,0,0,6
5155,REST_X5,5155,3,10,0,0,0,3,6,0,0,0,0,0,0,0,6
5156,[X6_X5_GET_resp_2xx],5156,3,10,0,0,0,0,3,0,0,0,0,0,0,0,6
5157,[X14_X6_GET_resp_2xx],5157,3,10,0,0,0,0,0,0,0,0,0,0,0,0,3
5158,[X1_X14_GET_resp_2xx],5158,3,3,0,0,0,0,0,0,0,0,0,0,0,0,0
5159,[X0_X1_GET_resp_2xx],5159,0,0,0,0,0,0,0,0,0,0,0,0,0,0,0
5160,REST_X0,5160,2,0,0,0,0,0,0,0,0,0,0,0,0,0,0
5161,[X0_X1_GET_req],5161,3,1,0,0,0,0,0,0,0,0,0,0,0,0,0
5162,REST_X1,5162,3,2,0,0,0,0,0,0,0,0,0,0,0,0,0
5163,REST_X1,5163,3,9,0,0,0,0,0,0,0,0,0,0,0,0,0
5164,[X1_X14_GET_req],5164,3,10,0,0,0,0,0,0,0,0,0,0,0,0,1
5165,REST_X14,5165,3,10,0,0,0,0,0,0,0,0,0,0,0,0,2
5166,REST_X14,5166,3,10,0,0,0,0,0,0,0,0,0,0,0,0,5
5167,[X14_X6_GET_req],5167,3,10,0,0,0,0,1,0,0,0,0,0,0,0,6
5168,REST_X6,5168,3,10,0,0,0,0,2,0,0,0,0,0,0,0,6
5169,REST_X6,5169,3,10,0,0,0,0,5,0,0,0,0,0,0,0,6
5170,[X6_X5_GET_req],5170,3,10,0,0,0,1,6,0,0,0,0,0,0,0,6
5171,REST_X5,5171,3,10,0,0,0,2,6,0,0,0,0,0,0,0,6
5172,REST_X5,5172,3,10,0,0,0,3,6,0,0,0,0,0,0,0,6
5173,[X6_X5_GET_resp_2xx],5173,3,10,0,0,0,0,3,0,0,0,0,0,0,0,6
5174,[X14_X6_GET_resp_2xx],5174,3,10,0,0,0,0,0,0,0,0,0,0,0,0,3
5175,[X1_X14_GET_resp_2xx],5175,3,3,0,0,0,0,0,0,0,0,0,0,0,0,0
5176,[X0_X1_GET_resp_2xx],5176,0,0,0,0,0,0,0,0,0,0,0,0,0,0,0
5177,REST_X0,5177,2,0,0,0,0,0,0,0,0,0,0,0,0,0,0
5178,[X0_X1_GET_req],5178,3,1,0,0,0,0,0,0,0,0,0,0,0,0,0
5179,REST_X1,5179,3,2,0,0,0,0,0,0,0,0,0,0,0,0,0
5180,REST_X1,5180,3,5,0,0,0,0,0,0,0,0,0,0,0,0,0
5181,[X1_X8_GET_req],5181,3,6,0,0,0,0,0,0,1,0,0,0,0,0,0
5182,REST_X8,5182,3,6,0,0,0,0,0,0,2,0,0,0,0,0,0
5183,REST_X8,5183,3,6,0,0,0,0,0,0,5,0,0,0,0,0,0
5184,[X8_X12_GET_req],5184,3,6,0,0,0,0,0,0,6,0,0,0,1,0,0
5185,REST_X12,5185,3,6,0,0,0,0,0,0,6,0,0,0,2,0,0
5186,REST_X12,5186,3,6,0,0,0,0,0,0,6,0,0,0,5,0,0
5187,[X12_X3_GET_req],5187,3,6,0,1,0,0,0,0,6,0,0,0,6,0,0
5188,REST_X3,5188,3,6,0,2,0,0,0,0,6,0,0,0,6,0,0
5189,REST_X3,5189,3,6,0,5,0,0,0,0,6,0,0,0,6,0,0
5190,[X3_X9_GET_req],5190,3,6,0,6,0,0,0,0,6,1,0,0,6,0,0
5191,REST_X9,5191,3,6,0,6,0,0,0,0,6,2,0,0,6,0,0
5192,REST_X9,5192,3,6,0,6,0,0,0,0,6,4,0,0,6,0,0
5193,[X3_X9_GET_resp_5xx],5193,3,6,0,7,0,0,0,0,6,0,0,0,6,0,0
5194,[X3_X9_GET_req],5194,3,6,0,8,0,0,0,0,6,1,0,0,6,0,0
5195,REST_X9,5195,3,6,0,8,0,0,0,0,6,2,0,0,6,0,0
5196,REST_X9,5196,3,6,0,8,0,0,0,0,6,3,0,0,6,0,0
5197,[X3_X9_GET_resp_2xx],5197,3,6,0,3,0,0,0,0,6,0,0,0,6,0,0
5198,[X12_X3_GET_resp_2xx],5198,3,6,0,0,0,0,0,0,6,0,0,0,3,0,0
5199,[X8_X12_GET_resp_2xx],5199,3,6,0,0,0,0,0,0,3,0,0,0,0,0,0
5200,[X1_X8_GET_resp_2xx],5200,3,3,0,0,0,0,0,0,0,0,0,0,0,0,0
5201,[X0_X1_GET_resp_2xx],5201,0,0,0,0,0,0,0,0,0,0,0,0,0,0,0
5202,REST_X0,5202,2,0,0,0,0,0,0,0,0,0,0,0,0,0,0
5203,[X0_X1_GET_req],5203,3,1,0,0,0,0,0,0,0,0,0,0,0,0,0
5204,REST_X1,5204,3,2,0,0,0,0,0,0,0,0,0,0,0,0,0
5205,REST_X1,5205,3,9,0,0,0,0,0,0,0,0,0,0,0,0,0
5206,[X1_X14_GET_req],5206,3,10,0,0,0,0,0,0,0,0,0,0,0,0,1
5207,REST_X14,5207,3,10,0,0,0,0,0,0,0,0,0,0,0,0,2
5208,REST_X14,5208,3,10,0,0,0,0,0,0,0,0,0,0,0,0,5
5209,[X14_X6_GET_req],5209,3,10,0,0,0,0,1,0,0,0,0,0,0,0,6
5210,REST_X6,5210,3,10,0,0,0,0,2,0,0,0,0,0,0,0,6
5211,REST_X6,5211,3,10,0,0,0,0,5,0,0,0,0,0,0,0,6
5212,[X6_X5_GET_req],5212,3,10,0,0,0,1,6,0,0,0,0,0,0,0,6
5213,REST_X5,5213,3,10,0,0,0,2,6,0,0,0,0,0,0,0,6
5214,REST_X5,5214,3,10,0,0,0,3,6,0,0,0,0,0,0,0,6
5215,[X6_X5_GET_resp_2xx],5215,3,10,0,0,0,0,3,0,0,0,0,0,0,0,6
5216,[X14_X6_GET_resp_2xx],5216,3,10,0,0,0,0,0,0,0,0,0,0,0,0,3
5217,[X1_X14_GET_resp_2xx],5217,3,3,0,0,0,0,0,0,0,0,0,0,0,0,0
5218,[X0_X1_GET_resp_2xx],5218,0,0,0,0,0,0,0,0,0,0,0,0,0,0,0
5219,REST_X0,5219,2,0,0,0,0,0,0,0,0,0,0,0,0,0,0
5220,[X0_X1_GET_req],5220,3,1,0,0,0,0,0,0,0,0,0,0,0,0,0
5221,REST_X1,5221,3,2,0,0,0,0,0,0,0,0,0,0,0,0,0
5222,REST_X1,5222,3,5,0,0,0,0,0,0,0,0,0,0,0,0,0
5223,[X1_X8_GET_req],5223,3,6,0,0,0,0,0,0,1,0,0,0,0,0,0
5224,REST_X8,5224,3,6,0,0,0,0,0,0,2,0,0,0,0,0,0
5225,REST_X8,5225,3,6,0,0,0,0,0,0,5,0,0,0,0,0,0
5226,[X8_X12_GET_req],5226,3,6,0,0,0,0,0,0,6,0,0,0,1,0,0
5227,REST_X12,5227,3,6,0,0,0,0,0,0,6,0,0,0,2,0,0
5228,REST_X12,5228,3,6,0,0,0,0,0,0,6,0,0,0,9,0,0
5229,[X12_X13_GET_req],5229,3,6,0,0,0,0,0,0,6,0,0,0,10,1,0
5230,REST_X13,5230,3,6,0,0,0,0,0,0,6,0,0,0,10,2,0
5231,REST_X13,5231,3,6,0,0,0,0,0,0,6,0,0,0,10,5,0
5232,[X13_X4_GET_req],5232,3,6,0,0,1,0,0,0,6,0,0,0,10,6,0
5233,REST_X4,5233,3,6,0,0,2,0,0,0,6,0,0,0,10,6,0
5234,REST_X4,5234,3,6,0,0,13,0,0,0,6,0,0,0,10,6,0
5235,[X4_X11_GET_req],5235,3,6,0,0,14,0,0,0,6,0,0,1,10,6,0
5236,REST_X11,5236,3,6,0,0,14,0,0,0,6,0,0,2,10,6,0
5237,REST_X11,5237,3,6,0,0,14,0,0,0,6,0,0,3,10,6,0
5238,[X4_X11_GET_resp_2xx],5238,3,6,0,0,3,0,0,0,6,0,0,0,10,6,0
5239,[X13_X4_GET_resp_2xx],5239,3,6,0,0,0,0,0,0,6,0,0,0,10,3,0
5240,[X12_X13_GET_resp_2xx],5240,3,6,0,0,0,0,0,0,6,0,0,0,3,0,0
5241,[X8_X12_GET_resp_2xx],5241,3,6,0,0,0,0,0,0,3,0,0,0,0,0,0
5242,[X1_X8_GET_resp_2xx],5242,3,3,0,0,0,0,0,0,0,0,0,0,0,0,0
5243,[X0_X1_GET_resp_2xx],5243,0,0,0,0,0,0,0,0,0,0,0,0,0,0,0
5244,REST_X0,5244,2,0,0,0,0,0,0,0,0,0,0,0,0,0,0
5245,[X0_X1_GET_req],5245,3,1,0,0,0,0,0,0,0,0,0,0,0,0,0
5246,REST_X1,5246,3,2,0,0,0,0,0,0,0,0,0,0,0,0,0
5247,REST_X1,5247,3,9,0,0,0,0,0,0,0,0,0,0,0,0,0
5248,[X1_X14_GET_req],5248,3,10,0,0,0,0,0,0,0,0,0,0,0,0,1
5249,REST_X14,5249,3,10,0,0,0,0,0,0,0,0,0,0,0,0,2
5250,REST_X14,5250,3,10,0,0,0,0,0,0,0,0,0,0,0,0,5
5251,[X14_X6_GET_req],5251,3,10,0,0,0,0,1,0,0,0,0,0,0,0,6
5252,REST_X6,5252,3,10,0,0,0,0,2,0,0,0,0,0,0,0,6
5253,REST_X6,5253,3,10,0,0,0,0,5,0,0,0,0,0,0,0,6
5254,[X6_X5_GET_req],5254,3,10,0,0,0,1,6,0,0,0,0,0,0,0,6
5255,REST_X5,5255,3,10,0,0,0,2,6,0,0,0,0,0,0,0,6
5256,REST_X5,5256,3,10,0,0,0,3,6,0,0,0,0,0,0,0,6
5257,[X6_X5_GET_resp_2xx],5257,3,10,0,0,0,0,3,0,0,0,0,0,0,0,6
5258,[X14_X6_GET_resp_2xx],5258,3,10,0,0,0,0,0,0,0,0,0,0,0,0,3
5259,[X1_X14_GET_resp_2xx],5259,3,3,0,0,0,0,0,0,0,0,0,0,0,0,0
5260,[X0_X1_GET_resp_2xx],5260,0,0,0,0,0,0,0,0,0,0,0,0,0,0,0
5261,REST_X0,5261,2,0,0,0,0,0,0,0,0,0,0,0,0,0,0
5262,[X0_X1_GET_req],5262,3,1,0,0,0,0,0,0,0,0,0,0,0,0,0
5263,REST_X1,5263,3,2,0,0,0,0,0,0,0,0,0,0,0,0,0
5264,REST_X1,5264,3,9,0,0,0,0,0,0,0,0,0,0,0,0,0
5265,[X1_X14_GET_req],5265,3,10,0,0,0,0,0,0,0,0,0,0,0,0,1
5266,REST_X14,5266,3,10,0,0,0,0,0,0,0,0,0,0,0,0,2
5267,REST_X14,5267,3,10,0,0,0,0,0,0,0,0,0,0,0,0,5
5268,[X14_X6_GET_req],5268,3,10,0,0,0,0,1,0,0,0,0,0,0,0,6
5269,REST_X6,5269,3,10,0,0,0,0,2,0,0,0,0,0,0,0,6
5270,REST_X6,5270,3,10,0,0,0,0,5,0,0,0,0,0,0,0,6
5271,[X6_X5_GET_req],5271,3,10,0,0,0,1,6,0,0,0,0,0,0,0,6
5272,REST_X5,5272,3,10,0,0,0,2,6,0,0,0,0,0,0,0,6
5273,REST_X5,5273,3,10,0,0,0,3,6,0,0,0,0,0,0,0,6
5274,[X6_X5_GET_resp_2xx],5274,3,10,0,0,0,0,3,0,0,0,0,0,0,0,6
5275,[X14_X6_GET_resp_2xx],5275,3,10,0,0,0,0,0,0,0,0,0,0,0,0,3
5276,[X1_X14_GET_resp_2xx],5276,3,3,0,0,0,0,0,0,0,0,0,0,0,0,0
5277,[X0_X1_GET_resp_2xx],5277,0,0,0,0,0,0,0,0,0,0,0,0,0,0,0
5278,REST_X0,5278,2,0,0,0,0,0,0,0,0,0,0,0,0,0,0
5279,[X0_X1_GET_req],5279,3,1,0,0,0,0,0,0,0,0,0,0,0,0,0
5280,REST_X1,5280,3,2,0,0,0,0,0,0,0,0,0,0,0,0,0
5281,REST_X1,5281,3,9,0,0,0,0,0,0,0,0,0,0,0,0,0
5282,[X1_X14_GET_req],5282,3,10,0,0,0,0,0,0,0,0,0,0,0,0,1
5283,REST_X14,5283,3,10,0,0,0,0,0,0,0,0,0,0,0,0,2
5284,REST_X14,5284,3,10,0,0,0,0,0,0,0,0,0,0,0,0,5
5285,[X14_X6_GET_req],5285,3,10,0,0,0,0,1,0,0,0,0,0,0,0,6
5286,REST_X6,5286,3,10,0,0,0,0,2,0,0,0,0,0,0,0,6
5287,REST_X6,5287,3,10,0,0,0,0,5,0,0,0,0,0,0,0,6
5288,[X6_X5_GET_req],5288,3,10,0,0,0,1,6,0,0,0,0,0,0,0,6
5289,REST_X5,5289,3,10,0,0,0,2,6,0,0,0,0,0,0,0,6
5290,REST_X5,5290,3,10,0,0,0,3,6,0,0,0,0,0,0,0,6
5291,[X6_X5_GET_resp_2xx],5291,3,10,0,0,0,0,3,0,0,0,0,0,0,0,6
5292,[X14_X6_GET_resp_2xx],5292,3,10,0,0,0,0,0,0,0,0,0,0,0,0,3
5293,[X1_X14_GET_resp_2xx],5293,3,3,0,0,0,0,0,0,0,0,0,0,0,0,0
5294,[X0_X1_GET_resp_2xx],5294,0,0,0,0,0,0,0,0,0,0,0,0,0,0,0
5295,REST_X0,5295,2,0,0,0,0,0,0,0,0,0,0,0,0,0,0
5296,[X0_X1_GET_req],5296,3,1,0,0,0,0,0,0,0,0,0,0,0,0,0
5297,REST_X1,5297,3,2,0,0,0,0,0,0,0,0,0,0,0,0,0
5298,REST_X1,5298,3,5,0,0,0,0,0,0,0,0,0,0,0,0,0
5299,[X1_X8_GET_req],5299,3,6,0,0,0,0,0,0,1,0,0,0,0,0,0
5300,REST_X8,5300,3,6,0,0,0,0,0,0,2,0,0,0,0,0,0
5301,REST_X8,5301,3,6,0,0,0,0,0,0,5,0,0,0,0,0,0
5302,[X8_X12_GET_req],5302,3,6,0,0,0,0,0,0,6,0,0,0,1,0,0
5303,REST_X12,5303,3,6,0,0,0,0,0,0,6,0,0,0,2,0,0
5304,REST_X12,5304,3,6,0,0,0,0,0,0,6,0,0,0,9,0,0
5305,[X12_X13_GET_req],5305,3,6,0,0,0,0,0,0,6,0,0,0,10,1,0
5306,REST_X13,5306,3,6,0,0,0,0,0,0,6,0,0,0,10,2,0
5307,REST_X13,5307,3,6,0,0,0,0,0,0,6,0,0,0,10,5,0
5308,[X13_X4_GET_req],5308,3,6,0,0,1,0,0,0,6,0,0,0,10,6,0
5309,REST_X4,5309,3,6,0,0,2,0,0,0,6,0,0,0,10,6,0
5310,REST_X4,5310,3,6,0,0,13,0,0,0,6,0,0,0,10,6,0
5311,[X4_X11_GET_req],5311,3,6,0,0,14,0,0,0,6,0,0,1,10,6,0
5312,REST_X11,5312,3,6,0,0,14,0,0,0,6,0,0,2,10,6,0
5313,REST_X11,5313,3,6,0,0,14,0,0,0,6,0,0,3,10,6,0
5314,[X4_X11_GET_resp_2xx],5314,3,6,0,0,3,0,0,0,6,0,0,0,10,6,0
5315,[X13_X4_GET_resp_2xx],5315,3,6,0,0,0,0,0,0,6,0,0,0,10,3,0
5316,[X12_X13_GET_resp_2xx],5316,3,6,0,0,0,0,0,0,6,0,0,0,3,0,0
5317,[X8_X12_GET_resp_2xx],5317,3,6,0,0,0,0,0,0,3,0,0,0,0,0,0
5318,[X1_X8_GET_resp_2xx],5318,3,3,0,0,0,0,0,0,0,0,0,0,0,0,0
5319,[X0_X1_GET_resp_2xx],5319,0,0,0,0,0,0,0,0,0,0,0,0,0,0,0
5320,REST_X0,5320,2,0,0,0,0,0,0,0,0,0,0,0,0,0,0
5321,[X0_X1_GET_req],5321,3,1,0,0,0,0,0,0,0,0,0,0,0,0,0
5322,REST_X1,5322,3,2,0,0,0,0,0,0,0,0,0,0,0,0,0
5323,REST_X1,5323,3,5,0,0,0,0,0,0,0,0,0,0,0,0,0
5324,[X1_X8_GET_req],5324,3,6,0,0,0,0,0,0,1,0,0,0,0,0,0
5325,REST_X8,5325,3,6,0,0,0,0,0,0,2,0,0,0,0,0,0
5326,REST_X8,5326,3,6,0,0,0,0,0,0,5,0,0,0,0,0,0
5327,[X8_X12_GET_req],5327,3,6,0,0,0,0,0,0,6,0,0,0,1,0,0
5328,REST_X12,5328,3,6,0,0,0,0,0,0,6,0,0,0,2,0,0
5329,REST_X12,5329,3,6,0,0,0,0,0,0,6,0,0,0,9,0,0
5330,[X12_X13_GET_req],5330,3,6,0,0,0,0,0,0,6,0,0,0,10,1,0
5331,REST_X13,5331,3,6,0,0,0,0,0,0,6,0,0,0,10,2,0
5332,REST_X13,5332,3,6,0,0,0,0,0,0,6,0,0,0,10,5,0
5333,[X13_X4_GET_req],5333,3,6,0,0,1,0,0,0,6,0,0,0,10,6,0
5334,REST_X4,5334,3,6,0,0,2,0,0,0,6,0,0,0,10,6,0
5335,REST_X4,5335,3,6,0,0,5,0,0,0,6,0,0,0,10,6,0
5336,[X4_X2_GET_req],5336,3,6,1,0,6,0,0,0,6,0,0,0,10,6,0
5337,REST_X2,5337,3,6,2,0,6,0,0,0,6,0,0,0,10,6,0
5338,REST_X2,5338,3,6,3,0,6,0,0,0,6,0,0,0,10,6,0
5339,[X4_X2_GET_resp_2xx],5339,3,6,0,0,3,0,0,0,6,0,0,0,10,6,0
5340,[X13_X4_GET_resp_2xx],5340,3,6,0,0,0,0,0,0,6,0,0,0,10,3,0
5341,[X12_X13_GET_resp_2xx],5341,3,6,0,0,0,0,0,0,6,0,0,0,3,0,0
5342,[X8_X12_GET_resp_2xx],5342,3,6,0,0,0,0,0,0,3,0,0,0,0,0,0
5343,[X1_X8_GET_resp_2xx],5343,3,3,0,0,0,0,0,0,0,0,0,0,0,0,0
5344,[X0_X1_GET_resp_2xx],5344,0,0,0,0,0,0,0,0,0,0,0,0,0,0,0
5345,REST_X0,5345,2,0,0,0,0,0,0,0,0,0,0,0,0,0,0
5346,[X0_X1_GET_req],5346,3,1,0,0,0,0,0,0,0,0,0,0,0,0,0
5347,REST_X1,5347,3,2,0,0,0,0,0,0,0,0,0,0,0,0,0
5348,REST_X1,5348,3,9,0,0,0,0,0,0,0,0,0,0,0,0,0
5349,[X1_X14_GET_req],5349,3,10,0,0,0,0,0,0,0,0,0,0,0,0,1
5350,REST_X14,5350,3,10,0,0,0,0,0,0,0,0,0,0,0,0,2
5351,REST_X14,5351,3,10,0,0,0,0,0,0,0,0,0,0,0,0,5
5352,[X14_X6_GET_req],5352,3,10,0,0,0,0,1,0,0,0,0,0,0,0,6
5353,REST_X6,5353,3,10,0,0,0,0,2,0,0,0,0,0,0,0,6
5354,REST_X6,5354,3,10,0,0,0,0,5,0,0,0,0,0,0,0,6
5355,[X6_X5_GET_req],5355,3,10,0,0,0,1,6,0,0,0,0,0,0,0,6
5356,REST_X5,5356,3,10,0,0,0,2,6,0,0,0,0,0,0,0,6
5357,REST_X5,5357,3,10,0,0,0,4,6,0,0,0,0,0,0,0,6
5358,[X6_X5_GET_resp_5xx],5358,3,10,0,0,0,0,7,0,0,0,0,0,0,0,6
5359,[X6_X5_GET_req],5359,3,10,0,0,0,1,8,0,0,0,0,0,0,0,6
5360,REST_X5,5360,3,10,0,0,0,2,8,0,0,0,0,0,0,0,6
5361,REST_X5,5361,3,10,0,0,0,4,8,0,0,0,0,0,0,0,6
5362,[X6_X5_GET_resp_5xx],5362,3,10,0,0,0,0,4,0,0,0,0,0,0,0,6
5363,[X14_X6_GET_resp_5xx],5363,3,10,0,0,0,0,0,0,0,0,0,0,0,0,7
5364,[X14_X6_GET_req],5364,3,10,0,0,0,0,1,0,0,0,0,0,0,0,8
5365,REST_X6,5365,3,10,0,0,0,0,2,0,0,0,0,0,0,0,8
5366,REST_X6,5366,3,10,0,0,0,0,5,0,0,0,0,0,0,0,8
5367,[X6_X5_GET_req],5367,3,10,0,0,0,1,6,0,0,0,0,0,0,0,8
5368,REST_X5,5368,3,10,0,0,0,2,6,0,0,0,0,0,0,0,8
5369,REST_X5,5369,3,10,0,0,0,3,6,0,0,0,0,0,0,0,8
5370,[X6_X5_GET_resp_2xx],5370,3,10,0,0,0,0,3,0,0,0,0,0,0,0,8
5371,[X14_X6_GET_resp_2xx],5371,3,10,0,0,0,0,0,0,0,0,0,0,0,0,3
5372,[X1_X14_GET_resp_2xx],5372,3,3,0,0,0,0,0,0,0,0,0,0,0,0,0
5373,[X0_X1_GET_resp_2xx],5373,0,0,0,0,0,0,0,0,0,0,0,0,0,0,0
5374,REST_X0,5374,2,0,0,0,0,0,0,0,0,0,0,0,0,0,0
5375,[X0_X1_GET_req],5375,3,1,0,0,0,0,0,0,0,0,0,0,0,0,0
5376,REST_X1,5376,3,2,0,0,0,0,0,0,0,0,0,0,0,0,0
5377,REST_X1,5377,3,9,0,0,0,0,0,0,0,0,0,0,0,0,0
5378,[X1_X14_GET_req],5378,3,10,0,0,0,0,0,0,0,0,0,0,0,0,1
5379,REST_X14,5379,3,10,0,0,0,0,0,0,0,0,0,0,0,0,2
5380,REST_X14,5380,3,10,0,0,0,0,0,0,0,0,0,0,0,0,5
5381,[X14_X6_GET_req],5381,3,10,0,0,0,0,1,0,0,0,0,0,0,0,6
5382,REST_X6,5382,3,10,0,0,0,0,2,0,0,0,0,0,0,0,6
5383,REST_X6,5383,3,10,0,0,0,0,5,0,0,0,0,0,0,0,6
5384,[X6_X5_GET_req],5384,3,10,0,0,0,1,6,0,0,0,0,0,0,0,6
5385,REST_X5,5385,3,10,0,0,0,2,6,0,0,0,0,0,0,0,6
5386,REST_X5,5386,3,10,0,0,0,3,6,0,0,0,0,0,0,0,6
5387,[X6_X5_GET_resp_2xx],5387,3,10,0,0,0,0,3,0,0,0,0,0,0,0,6
5388,[X14_X6_GET_resp_2xx],5388,3,10,0,0,0,0,0,0,0,0,0,0,0,0,3
5389,[X1_X14_GET_resp_2xx],5389,3,3,0,0,0,0,0,0,0,0,0,0,0,0,0
5390,[X0_X1_GET_resp_2xx],5390,0,0,0,0,0,0,0,0,0,0,0,0,0,0,0
5391,REST_X0,5391,2,0,0,0,0,0,0,0,0,0,0,0,0,0,0
5392,[X0_X1_GET_req],5392,3,1,0,0,0,0,0,0,0,0,0,0,0,0,0
5393,REST_X1,5393,3,2,0,0,0,0,0,0,0,0,0,0,0,0,0
5394,REST_X1,5394,3,5,0,0,0,0,0,0,0,0,0,0,0,0,0
5395,[X1_X8_GET_req],5395,3,6,0,0,0,0,0,0,1,0,0,0,0,0,0
5396,REST_X8,5396,3,6,0,0,0,0,0,0,2,0,0,0,0,0,0
5397,REST_X8,5397,3,6,0,0,0,0,0,0,5,0,0,0,0,0,0
5398,[X8_X12_GET_req],5398,3,6,0,0,0,0,0,0,6,0,0,0,1,0,0
5399,REST_X12,5399,3,6,0,0,0,0,0,0,6,0,0,0,2,0,0
5400,REST_X12,5400,3,6,0,0,0,0,0,0,6,0,0,0,5,0,0
5401,[X12_X3_GET_req],5401,3,6,0,1,0,0,0,0,6,0,0,0,6,0,0
5402,REST_X3,5402,3,6,0,2,0,0,0,0,6,0,0,0,6,0,0
5403,REST_X3,5403,3,6,0,5,0,0,0,0,6,0,0,0,6,0,0
5404,[X3_X9_GET_req],5404,3,6,0,6,0,0,0,0,6,1,0,0,6,0,0
5405,REST_X9,5405,3,6,0,6,0,0,0,0,6,2,0,0,6,0,0
5406,REST_X9,5406,3,6,0,6,0,0,0,0,6,3,0,0,6,0,0
5407,[X3_X9_GET_resp_2xx],5407,3,6,0,3,0,0,0,0,6,0,0,0,6,0,0
5408,[X12_X3_GET_resp_2xx],5408,3,6,0,0,0,0,0,0,6,0,0,0,3,0,0
5409,[X8_X12_GET_resp_2xx],5409,3,6,0,0,0,0,0,0,3,0,0,0,0,0,0
5410,[X1_X8_GET_resp_2xx],5410,3,3,0,0,0,0,0,0,0,0,0,0,0,0,0
5411,[X0_X1_GET_resp_2xx],5411,0,0,0,0,0,0,0,0,0,0,0,0,0,0,0
5412,REST_X0,5412,2,0,0,0,0,0,0,0,0,0,0,0,0,0,0
5413,[X0_X1_GET_req],5413,3,1,0,0,0,0,0,0,0,0,0,0,0,0,0
5414,REST_X1,5414,3,2,0,0,0,0,0,0,0,0,0,0,0,0,0
5415,REST_X1,5415,3,5,0,0,0,0,0,0,0,0,0,0,0,0,0
5416,[X1_X8_GET_req],5416,3,6,0,0,0,0,0,0,1,0,0,0,0,0,0
5417,REST_X8,5417,3,6,0,0,0,0,0,0,2,0,0,0,0,0,0
5418,REST_X8,5418,3,6,0,0,0,0,0,0,5,0,0,0,0,0,0
5419,[X8_X12_GET_req],5419,3,6,0,0,0,0,0,0,6,0,0,0,1,0,0
5420,REST_X12,5420,3,6,0,0,0,0,0,0,6,0,0,0,2,0,0
5421,REST_X12,5421,3,6,0,0,0,0,0,0,6,0,0,0,9,0,0
5422,[X12_X13_GET_req],5422,3,6,0,0,0,0,0,0,6,0,0,0,10,1,0
5423,REST_X13,5423,3,6,0,0,0,0,0,0,6,0,0,0,10,2,0
5424,REST_X13,5424,3,6,0,0,0,0,0,0,6,0,0,0,10,5,0
5425,[X13_X4_GET_req],5425,3,6,0,0,1,0,0,0,6,0,0,0,10,6,0
5426,REST_X4,5426,3,6,0,0,2,0,0,0,6,0,0,0,10,6,0
5427,REST_X4,5427,3,6,0,0,9,0,0,0,6,0,0,0,10,6,0
5428,[X4_X7_GET_req],5428,3,6,0,0,10,0,0,1,6,0,0,0,10,6,0
5429,REST_X7,5429,3,6,0,0,10,0,0,2,6,0,0,0,10,6,0
5430,REST_X7,5430,3,6,0,0,10,0,0,5,6,0,0,0,10,6,0
5431,[X7_X10_GET_req],5431,3,6,0,0,10,0,0,6,6,0,1,0,10,6,0
5432,REST_X10,5432,3,6,0,0,10,0,0,6,6,0,2,0,10,6,0
5433,REST_X10,5433,3,6,0,0,10,0,0,6,6,0,3,0,10,6,0
5434,[X7_X10_GET_resp_2xx],5434,3,6,0,0,10,0,0,3,6,0,0,0,10,6,0
5435,[X4_X7_GET_resp_2xx],5435,3,6,0,0,3,0,0,0,6,0,0,0,10,6,0
5436,[X13_X4_GET_resp_2xx],5436,3,6,0,0,0,0,0,0,6,0,0,0,10,3,0
5437,[X12_X13_GET_resp_2xx],5437,3,6,0,0,0,0,0,0,6,0,0,0,3,0,0
5438,[X8_X12_GET_resp_2xx],5438,3,6,0,0,0,0,0,0,3,0,0,0,0,0,0
5439,[X1_X8_GET_resp_2xx],5439,3,3,0,0,0,0,0,0,0,0,0,0,0,0,0
5440,[X0_X1_GET_resp_2xx],5440,0,0,0,0,0,0,0,0,0,0,0,0,0,0,0
5441,REST_X0,5441,2,0,0,0,0,0,0,0,0,0,0,0,0,0,0
5442,[X0_X1_GET_req],5442,3,1,0,0,0,0,0,0,0,0,0,0,0,0,0
5443,REST_X1,5443,3,2,0,0,0,0,0,0,0,0,0,0,0,0,0
5444,REST_X1,5444,3,9,0,0,0,0,0,0,0,0,0,0,0,0,0
5445,[X1_X14_GET_req],5445,3,10,0,0,0,0,0,0,0,0,0,0,0,0,1
5446,REST_X14,5446,3,10,0,0,0,0,0,0,0,0,0,0,0,0,2
5447,REST_X14,5447,3,10,0,0,0,0,0,0,0,0,0,0,0,0,5
5448,[X14_X6_GET_req],5448,3,10,0,0,0,0,1,0,0,0,0,0,0,0,6
5449,REST_X6,5449,3,10,0,0,0,0,2,0,0,0,0,0,0,0,6
5450,REST_X6,5450,3,10,0,0,0,0,5,0,0,0,0,0,0,0,6
5451,[X6_X5_GET_req],5451,3,10,0,0,0,1,6,0,0,0,0,0,0,0,6
5452,REST_X5,5452,3,10,0,0,0,2,6,0,0,0,0,0,0,0,6
5453,REST_X5,5453,3,10,0,0,0,3,6,0,0,0,0,0,0,0,6
5454,[X6_X5_GET_resp_2xx],5454,3,10,0,0,0,0,3,0,0,0,0,0,0,0,6
5455,[X14_X6_GET_resp_2xx],5455,3,10,0,0,0,0,0,0,0,0,0,0,0,0,3
5456,[X1_X14_GET_resp_2xx],5456,3,3,0,0,0,0,0,0,0,0,0,0,0,0,0
5457,[X0_X1_GET_resp_2xx],5457,0,0,0,0,0,0,0,0,0,0,0,0,0,0,0
5458,REST_X0,5458,2,0,0,0,0,0,0,0,0,0,0,0,0,0,0
5459,[X0_X1_GET_req],5459,3,1,0,0,0,0,0,0,0,0,0,0,0,0,0
5460,REST_X1,5460,3,2,0,0,0,0,0,0,0,0,0,0,0,0,0
5461,REST_X1,5461,3,9,0,0,0,0,0,0,0,0,0,0,0,0,0
5462,[X1_X14_GET_req],5462,3,10,0,0,0,0,0,0,0,0,0,0,0,0,1
5463,REST_X14,5463,3,10,0,0,0,0,0,0,0,0,0,0,0,0,2
5464,REST_X14,5464,3,10,0,0,0,0,0,0,0,0,0,0,0,0,5
5465,[X14_X6_GET_req],5465,3,10,0,0,0,0,1,0,0,0,0,0,0,0,6
5466,REST_X6,5466,3,10,0,0,0,0,2,0,0,0,0,0,0,0,6
5467,REST_X6,5467,3,10,0,0,0,0,5,0,0,0,0,0,0,0,6
5468,[X6_X5_GET_req],5468,3,10,0,0,0,1,6,0,0,0,0,0,0,0,6
5469,REST_X5,5469,3,10,0,0,0,2,6,0,0,0,0,0,0,0,6
5470,REST_X5,5470,3,10,0,0,0,3,6,0,0,0,0,0,0,0,6
5471,[X6_X5_GET_resp_2xx],5471,3,10,0,0,0,0,3,0,0,0,0,0,0,0,6
5472,[X14_X6_GET_resp_2xx],5472,3,10,0,0,0,0,0,0,0,0,0,0,0,0,3
5473,[X1_X14_GET_resp_2xx],5473,3,3,0,0,0,0,0,0,0,0,0,0,0,0,0
5474,[X0_X1_GET_resp_2xx],5474,0,0,0,0,0,0,0,0,0,0,0,0,0,0,0
5475,REST_X0,5475,2,0,0,0,0,0,0,0,0,0,0,0,0,0,0
5476,[X0_X1_GET_req],5476,3,1,0,0,0,0,0,0,0,0,0,0,0,0,0
5477,REST_X1,5477,3,2,0,0,0,0,0,0,0,0,0,0,0,0,0
5478,REST_X1,5478,3,5,0,0,0,0,0,0,0,0,0,0,0,0,0
5479,[X1_X8_GET_req],5479,3,6,0,0,0,0,0,0,1,0,0,0,0,0,0
5480,REST_X8,5480,3,6,0,0,0,0,0,0,2,0,0,0,0,0,0
5481,REST_X8,5481,3,6,0,0,0,0,0,0,5,0,0,0,0,0,0
5482,[X8_X12_GET_req],5482,3,6,0,0,0,0,0,0,6,0,0,0,1,0,0
5483,REST_X12,5483,3,6,0,0,0,0,0,0,6,0,0,0,2,0,0
5484,REST_X12,5484,3,6,0,0,0,0,0,0,6,0,0,0,9,0,0
5485,[X12_X13_GET_req],5485,3,6,0,0,0,0,0,0,6,0,0,0,10,1,0
5486,REST_X13,5486,3,6,0,0,0,0,0,0,6,0,0,0,10,2,0
5487,REST_X13,5487,3,6,0,0,0,0,0,0,6,0,0,0,10,5,0
5488,[X13_X4_GET_req],5488,3,6,0,0,1,0,0,0,6,0,0,0,10,6,0
5489,REST_X4,5489,3,6,0,0,2,0,0,0,6,0,0,0,10,6,0
5490,REST_X4,5490,3,6,0,0,9,0,0,0,6,0,0,0,10,6,0
5491,[X4_X7_GET_req],5491,3,6,0,0,10,0,0,1,6,0,0,0,10,6,0
5492,REST_X7,5492,3,6,0,0,10,0,0,2,6,0,0,0,10,6,0
5493,REST_X7,5493,3,6,0,0,10,0,0,5,6,0,0,0,10,6,0
5494,[X7_X10_GET_req],5494,3,6,0,0,10,0,0,6,6,0,1,0,10,6,0
5495,REST_X10,5495,3,6,0,0,10,0,0,6,6,0,2,0,10,6,0
5496,REST_X10,5496,3,6,0,0,10,0,0,6,6,0,3,0,10,6,0
5497,[X7_X10_GET_resp_2xx],5497,3,6,0,0,10,0,0,3,6,0,0,0,10,6,0
5498,[X4_X7_GET_resp_2xx],5498,3,6,0,0,3,0,0,0,6,0,0,0,10,6,0
5499,[X13_X4_GET_resp_2xx],5499,3,6,0,0,0,0,0,0,6,0,0,0,10,3,0
5500,[X12_X13_GET_resp_2xx],5500,3,6,0,0,0,0,0,0,6,0,0,0,3,0,0
5501,[X8_X12_GET_resp_2xx],5501,3,6,0,0,0,0,0,0,3,0,0,0,0,0,0
5502,[X1_X8_GET_resp_2xx],5502,3,3,0,0,0,0,0,0,0,0,0,0,0,0,0
5503,[X0_X1_GET_resp_2xx],5503,0,0,0,0,0,0,0,0,0,0,0,0,0,0,0
5504,REST_X0,5504,2,0,0,0,0,0,0,0,0,0,0,0,0,0,0
5505,[X0_X1_GET_req],5505,3,1,0,0,0,0,0,0,0,0,0,0,0,0,0
5506,REST_X1,5506,3,2,0,0,0,0,0,0,0,0,0,0,0,0,0
5507,REST_X1,5507,3,9,0,0,0,0,0,0,0,0,0,0,0,0,0
5508,[X1_X14_GET_req],5508,3,10,0,0,0,0,0,0,0,0,0,0,0,0,1
5509,REST_X14,5509,3,10,0,0,0,0,0,0,0,0,0,0,0,0,2
5510,REST_X14,5510,3,10,0,0,0,0,0,0,0,0,0,0,0,0,5
5511,[X14_X6_GET_req],5511,3,10,0,0,0,0,1,0,0,0,0,0,0,0,6
5512,REST_X6,5512,3,10,0,0,0,0,2,0,0,0,0,0,0,0,6
5513,REST_X6,5513,3,10,0,0,0,0,5,0,0,0,0,0,0,0,6
5514,[X6_X5_GET_req],5514,3,10,0,0,0,1,6,0,0,0,0,0,0,0,6
5515,REST_X5,5515,3,10,0,0,0,2,6,0,0,0,0,0,0,0,6
5516,REST_X5,5516,3,10,0,0,0,3,6,0,0,0,0,0,0,0,6
5517,[X6_X5_GET_resp_2xx],5517,3,10,0,0,0,0,3,0,0,0,0,0,0,0,6
5518,[X14_X6_GET_resp_2xx],5518,3,10,0,0,0,0,0,0,0,0,0,0,0,0,3
5519,[X1_X14_GET_resp_2xx],5519,3,3,0,0,0,0,0,0,0,0,0,0,0,0,0
5520,[X0_X1_GET_resp_2xx],5520,0,0,0,0,0,0,0,0,0,0,0,0,0,0,0
5521,REST_X0,5521,2,0,0,0,0,0,0,0,0,0,0,0,0,0,0
5522,[X0_X1_GET_req],5522,3,1,0,0,0,0,0,0,0,0,0,0,0,0,0
5523,REST_X1,5523,3,2,0,0,0,0,0,0,0,0,0,0,0,0,0
5524,REST_X1,5524,3,5,0,0,0,0,0,0,0,0,0,0,0,0,0
5525,[X1_X8_GET_req],5525,3,6,0,0,0,0,0,0,1,0,0,0,0,0,0
5526,REST_X8,5526,3,6,0,0,0,0,0,0,2,0,0,0,0,0,0
5527,REST_X8,5527,3,6,0,0,0,0,0,0,5,0,0,0,0,0,0
5528,[X8_X12_GET_req],5528,3,6,0,0,0,0,0,0,6,0,0,0,1,0,0
5529,REST_X12,5529,3,6,0,0,0,0,0,0,6,0,0,0,2,0,0
5530,REST_X12,5530,3,6,0,0,0,0,0,0,6,0,0,0,5,0,0
5531,[X12_X3_GET_req],5531,3,6,0,1,0,0,0,0,6,0,0,0,6,0,0
5532,REST_X3,5532,3,6,0,2,0,0,0,0,6,0,0,0,6,0,0
5533,REST_X3,5533,3,6,0,5,0,0,0,0,6,0,0,0,6,0,0
5534,[X3_X9_GET_req],5534,3,6,0,6,0,0,0,0,6,1,0,0,6,0,0
5535,REST_X9,5535,3,6,0,6,0,0,0,0,6,2,0,0,6,0,0
5536,REST_X9,5536,3,6,0,6,0,0,0,0,6,3,0,0,6,0,0
5537,[X3_X9_GET_resp_2xx],5537,3,6,0,3,0,0,0,0,6,0,0,0,6,0,0
5538,[X12_X3_GET_resp_2xx],5538,3,6,0,0,0,0,0,0,6,0,0,0,3,0,0
5539,[X8_X12_GET_resp_2xx],5539,3,6,0,0,0,0,0,0,3,0,0,0,0,0,0
5540,[X1_X8_GET_resp_2xx],5540,3,3,0,0,0,0,0,0,0,0,0,0,0,0,0
5541,[X0_X1_GET_resp_2xx],5541,0,0,0,0,0,0,0,0,0,0,0,0,0,0,0
5542,REST_X0,5542,2,0,0,0,0,0,0,0,0,0,0,0,0,0,0
5543,[X0_X1_GET_req],5543,3,1,0,0,0,0,0,0,0,0,0,0,0,0,0
5544,REST_X1,5544,3,2,0,0,0,0,0,0,0,0,0,0,0,0,0
5545,REST_X1,5545,3,5,0,0,0,0,0,0,0,0,0,0,0,0,0
5546,[X1_X8_GET_req],5546,3,6,0,0,0,0,0,0,1,0,0,0,0,0,0
5547,REST_X8,5547,3,6,0,0,0,0,0,0,2,0,0,0,0,0,0
5548,REST_X8,5548,3,6,0,0,0,0,0,0,5,0,0,0,0,0,0
5549,[X8_X12_GET_req],5549,3,6,0,0,0,0,0,0,6,0,0,0,1,0,0
5550,REST_X12,5550,3,6,0,0,0,0,0,0,6,0,0,0,2,0,0
5551,REST_X12,5551,3,6,0,0,0,0,0,0,6,0,0,0,5,0,0
5552,[X12_X3_GET_req],5552,3,6,0,1,0,0,0,0,6,0,0,0,6,0,0
5553,REST_X3,5553,3,6,0,2,0,0,0,0,6,0,0,0,6,0,0
5554,REST_X3,5554,3,6,0,5,0,0,0,0,6,0,0,0,6,0,0
5555,[X3_X9_GET_req],5555,3,6,0,6,0,0,0,0,6,1,0,0,6,0,0
5556,REST_X9,5556,3,6,0,6,0,0,0,0,6,2,0,0,6,0,0
5557,REST_X9,5557,3,6,0,6,0,0,0,0,6,3,0,0,6,0,0
5558,[X3_X9_GET_resp_2xx],5558,3,6,0,3,0,0,0,0,6,0,0,0,6,0,0
5559,[X12_X3_GET_resp_2xx],5559,3,6,0,0,0,0,0,0,6,0,0,0,3,0,0
5560,[X8_X12_GET_resp_2xx],5560,3,6,0,0,0,0,0,0,3,0,0,0,0,0,0
5561,[X1_X8_GET_resp_2xx],5561,3,3,0,0,0,0,0,0,0,0,0,0,0,0,0
5562,[X0_X1_GET_resp_2xx],5562,0,0,0,0,0,0,0,0,0,0,0,0,0,0,0
5563,REST_X0,5563,2,0,0,0,0,0,0,0,0,0,0,0,0,0,0
5564,[X0_X1_GET_req],5564,3,1,0,0,0,0,0,0,0,0,0,0,0,0,0
5565,REST_X1,5565,3,2,0,0,0,0,0,0,0,0,0,0,0,0,0
5566,REST_X1,5566,3,5,0,0,0,0,0,0,0,0,0,0,0,0,0
5567,[X1_X8_GET_req],5567,3,6,0,0,0,0,0,0,1,0,0,0,0,0,0
5568,REST_X8,5568,3,6,0,0,0,0,0,0,2,0,0,0,0,0,0
5569,REST_X8,5569,3,6,0,0,0,0,0,0,5,0,0,0,0,0,0
5570,[X8_X12_GET_req],5570,3,6,0,0,0,0,0,0,6,0,0,0,1,0,0
5571,REST_X12,5571,3,6,0,0,0,0,0,0,6,0,0,0,2,0,0
5572,REST_X12,5572,3,6,0,0,0,0,0,0,6,0,0,0,5,0,0
5573,[X12_X3_GET_req],5573,3,6,0,1,0,0,0,0,6,0,0,0,6,0,0
5574,REST_X3,5574,3,6,0,2,0,0,0,0,6,0,0,0,6,0,0
5575,REST_X3,5575,3,6,0,5,0,0,0,0,6,0,0,0,6,0,0
5576,[X3_X9_GET_req],5576,3,6,0,6,0,0,0,0,6,1,0,0,6,0,0
5577,REST_X9,5577,3,6,0,6,0,0,0,0,6,2,0,0,6,0,0
5578,REST_X9,5578,3,6,0,6,0,0,0,0,6,3,0,0,6,0,0
5579,[X3_X9_GET_resp_2xx],5579,3,6,0,3,0,0,0,0,6,0,0,0,6,0,0
5580,[X12_X3_GET_resp_2xx],5580,3,6,0,0,0,0,0,0,6,0,0,0,3,0,0
5581,[X8_X12_GET_resp_2xx],5581,3,6,0,0,0,0,0,0,3,0,0,0,0,0,0
5582,[X1_X8_GET_resp_2xx],5582,3,3,0,0,0,0,0,0,0,0,0,0,0,0,0
5583,[X0_X1_GET_resp_2xx],5583,0,0,0,0,0,0,0,0,0,0,0,0,0,0,0
5584,REST_X0,5584,2,0,0,0,0,0,0,0,0,0,0,0,0,0,0
5585,[X0_X1_GET_req],5585,3,1,0,0,0,0,0,0,0,0,0,0,0,0,0
5586,REST_X1,5586,3,2,0,0,0,0,0,0,0,0,0,0,0,0,0
5587,REST_X1,5587,3,9,0,0,0,0,0,0,0,0,0,0,0,0,0
5588,[X1_X14_GET_req],5588,3,10,0,0,0,0,0,0,0,0,0,0,0,0,1
5589,REST_X14,5589,3,10,0,0,0,0,0,0,0,0,0,0,0,0,2
5590,REST_X14,5590,3,10,0,0,0,0,0,0,0,0,0,0,0,0,5
5591,[X14_X6_GET_req],5591,3,10,0,0,0,0,1,0,0,0,0,0,0,0,6
5592,REST_X6,5592,3,10,0,0,0,0,2,0,0,0,0,0,0,0,6
5593,REST_X6,5593,3,10,0,0,0,0,5,0,0,0,0,0,0,0,6
5594,[X6_X5_GET_req],5594,3,10,0,0,0,1,6,0,0,0,0,0,0,0,6
5595,REST_X5,5595,3,10,0,0,0,2,6,0,0,0,0,0,0,0,6
5596,REST_X5,5596,3,10,0,0,0,3,6,0,0,0,0,0,0,0,6
5597,[X6_X5_GET_resp_2xx],5597,3,10,0,0,0,0,3,0,0,0,0,0,0,0,6
5598,[X14_X6_GET_resp_2xx],5598,3,10,0,0,0,0,0,0,0,0,0,0,0,0,3
5599,[X1_X14_GET_resp_2xx],5599,3,3,0,0,0,0,0,0,0,0,0,0,0,0,0
5600,[X0_X1_GET_resp_2xx],5600,0,0,0,0,0,0,0,0,0,0,0,0,0,0,0
5601,REST_X0,5601,2,0,0,0,0,0,0,0,0,0,0,0,0,0,0
5602,[X0_X1_GET_req],5602,3,1,0,0,0,0,0,0,0,0,0,0,0,0,0
5603,REST_X1,5603,3,2,0,0,0,0,0,0,0,0,0,0,0,0,0
5604,REST_X1,5604,3,9,0,0,0,0,0,0,0,0,0,0,0,0,0
5605,[X1_X14_GET_req],5605,3,10,0,0,0,0,0,0,0,0,0,0,0,0,1
5606,REST_X14,5606,3,10,0,0,0,0,0,0,0,0,0,0,0,0,2
5607,REST_X14,5607,3,10,0,0,0,0,0,0,0,0,0,0,0,0,5
5608,[X14_X6_GET_req],5608,3,10,0,0,0,0,1,0,0,0,0,0,0,0,6
5609,REST_X6,5609,3,10,0,0,0,0,2,0,0,0,0,0,0,0,6
5610,REST_X6,5610,3,10,0,0,0,0,5,0,0,0,0,0,0,0,6
5611,[X6_X5_GET_req],5611,3,10,0,0,0,1,6,0,0,0,0,0,0,0,6
5612,REST_X5,5612,3,10,0,0,0,2,6,0,0,0,0,0,0,0,6
5613,REST_X5,5613,3,10,0,0,0,3,6,0,0,0,0,0,0,0,6
5614,[X6_X5_GET_resp_2xx],5614,3,10,0,0,0,0,3,0,0,0,0,0,0,0,6
5615,[X14_X6_GET_resp_2xx],5615,3,10,0,0,0,0,0,0,0,0,0,0,0,0,3
5616,[X1_X14_GET_resp_2xx],5616,3,3,0,0,0,0,0,0,0,0,0,0,0,0,0
5617,[X0_X1_GET_resp_2xx],5617,0,0,0,0,0,0,0,0,0,0,0,0,0,0,0
5618,REST_X0,5618,2,0,0,0,0,0,0,0,0,0,0,0,0,0,0
5619,[X0_X1_GET_req],5619,3,1,0,0,0,0,0,0,0,0,0,0,0,0,0
5620,REST_X1,5620,3,2,0,0,0,0,0,0,0,0,0,0,0,0,0
5621,REST_X1,5621,3,5,0,0,0,0,0,0,0,0,0,0,0,0,0
5622,[X1_X8_GET_req],5622,3,6,0,0,0,0,0,0,1,0,0,0,0,0,0
5623,REST_X8,5623,3,6,0,0,0,0,0,0,2,0,0,0,0,0,0
5624,REST_X8,5624,3,6,0,0,0,0,0,0,5,0,0,0,0,0,0
5625,[X8_X12_GET_req],5625,3,6,0,0,0,0,0,0,6,0,0,0,1,0,0
5626,REST_X12,5626,3,6,0,0,0,0,0,0,6,0,0,0,2,0,0
5627,REST_X12,5627,3,6,0,0,0,0,0,0,6,0,0,0,9,0,0
5628,[X12_X13_GET_req],5628,3,6,0,0,0,0,0,0,6,0,0,0,10,1,0
5629,REST_X13,5629,3,6,0,0,0,0,0,0,6,0,0,0,10,2,0
5630,REST_X13,5630,3,6,0,0,0,0,0,0,6,0,0,0,10,5,0
5631,[X13_X4_GET_req],5631,3,6,0,0,1,0,0,0,6,0,0,0,10,6,0
5632,REST_X4,5632,3,6,0,0,2,0,0,0,6,0,0,0,10,6,0
5633,REST_X4,5633,3,6,0,0,9,0,0,0,6,0,0,0,10,6,0
5634,[X4_X7_GET_req],5634,3,6,0,0,10,0,0,1,6,0,0,0,10,6,0
5635,REST_X7,5635,3,6,0,0,10,0,0,2,6,0,0,0,10,6,0
5636,REST_X7,5636,3,6,0,0,10,0,0,5,6,0,0,0,10,6,0
5637,[X7_X10_GET_req],5637,3,6,0,0,10,0,0,6,6,0,1,0,10,6,0
5638,REST_X10,5638,3,6,0,0,10,0,0,6,6,0,2,0,10,6,0
5639,REST_X10,5639,3,6,0,0,10,0,0,6,6,0,3,0,10,6,0
5640,[X7_X10_GET_resp_2xx],5640,3,6,0,0,10,0,0,3,6,0,0,0,10,6,0
5641,[X4_X7_GET_resp_2xx],5641,3,6,0,0,3,0,0,0,6,0,0,0,10,6,0
5642,[X13_X4_GET_resp_2xx],5642,3,6,0,0,0,0,0,0,6,0,0,0,10,3,0
5643,[X12_X13_GET_resp_2xx],5643,3,6,0,0,0,0,0,0,6,0,0,0,3,0,0
5644,[X8_X12_GET_resp_2xx],5644,3,6,0,0,0,0,0,0,3,0,0,0,0,0,0
5645,[X1_X8_GET_resp_2xx],5645,3,3,0,0,0,0,0,0,0,0,0,0,0,0,0
5646,[X0_X1_GET_resp_2xx],5646,0,0,0,0,0,0,0,0,0,0,0,0,0,0,0
5647,REST_X0,5647,2,0,0,0,0,0,0,0,0,0,0,0,0,0,0
5648,[X0_X1_GET_req],5648,3,1,0,0,0,0,0,0,0,0,0,0,0,0,0
5649,REST_X1,5649,3,2,0,0,0,0,0,0,0,0,0,0,0,0,0
5650,REST_X1,5650,3,5,0,0,0,0,0,0,0,0,0,0,0,0,0
5651,[X1_X8_GET_req],5651,3,6,0,0,0,0,0,0,1,0,0,0,0,0,0
5652,REST_X8,5652,3,6,0,0,0,0,0,0,2,0,0,0,0,0,0
5653,REST_X8,5653,3,6,0,0,0,0,0,0,5,0,0,0,0,0,0
5654,[X8_X12_GET_req],5654,3,6,0,0,0,0,0,0,6,0,0,0,1,0,0
5655,REST_X12,5655,3,6,0,0,0,0,0,0,6,0,0,0,2,0,0
5656,REST_X12,5656,3,6,0,0,0,0,0,0,6,0,0,0,5,0,0
5657,[X12_X3_GET_req],5657,3,6,0,1,0,0,0,0,6,0,0,0,6,0,0
5658,REST_X3,5658,3,6,0,2,0,0,0,0,6,0,0,0,6,0,0
5659,REST_X3,5659,3,6,0,5,0,0,0,0,6,0,0,0,6,0,0
5660,[X3_X9_GET_req],5660,3,6,0,6,0,0,0,0,6,1,0,0,6,0,0
5661,REST_X9,5661,3,6,0,6,0,0,0,0,6,2,0,0,6,0,0
5662,REST_X9,5662,3,6,0,6,0,0,0,0,6,3,0,0,6,0,0
5663,[X3_X9_GET_resp_2xx],5663,3,6,0,3,0,0,0,0,6,0,0,0,6,0,0
5664,[X12_X3_GET_resp_2xx],5664,3,6,0,0,0,0,0,0,6,0,0,0,3,0,0
5665,[X8_X12_GET_resp_2xx],5665,3,6,0,0,0,0,0,0,3,0,0,0,0,0,0
5666,[X1_X8_GET_resp_2xx],5666,3,3,0,0,0,0,0,0,0,0,0,0,0,0,0
5667,[X0_X1_GET_resp_2xx],5667,0,0,0,0,0,0,0,0,0,0,0,0,0,0,0
5668,REST_X0,5668,2,0,0,0,0,0,0,0,0,0,0,0,0,0,0
5669,[X0_X1_GET_req],5669,3,1,0,0,0,0,0,0,0,0,0,0,0,0,0
5670,REST_X1,5670,3,2,0,0,0,0,0,0,0,0,0,0,0,0,0
5671,REST_X1,5671,3,5,0,0,0,0,0,0,0,0,0,0,0,0,0
5672,[X1_X8_GET_req],5672,3,6,0,0,0,0,0,0,1,0,0,0,0,0,0
5673,REST_X8,5673,3,6,0,0,0,0,0,0,2,0,0,0,0,0,0
5674,REST_X8,5674,3,6,0,0,0,0,0,0,5,0,0,0,0,0,0
5675,[X8_X12_GET_req],5675,3,6,0,0,0,0,0,0,6,0,0,0,1,0,0
5676,REST_X12,5676,3,6,0,0,0,0,0,0,6,0,0,0,2,0,0
5677,REST_X12,5677,3,6,0,0,0,0,0,0,6,0,0,0,9,0,0
5678,[X12_X13_GET_req],5678,3,6,0,0,0,0,0,0,6,0,0,0,10,1,0
5679,REST_X13,5679,3,6,0,0,0,0,0,0,6,0,0,0,10,2,0
5680,REST_X13,5680,3,6,0,0,0,0,0,0,6,0,0,0,10,5,0
5681,[X13_X4_GET_req],5681,3,6,0,0,1,0,0,0,6,0,0,0,10,6,0
5682,REST_X4,5682,3,6,0,0,2,0,0,0,6,0,0,0,10,6,0
5683,REST_X4,5683,3,6,0,0,13,0,0,0,6,0,0,0,10,6,0
5684,[X4_X11_GET_req],5684,3,6,0,0,14,0,0,0,6,0,0,1,10,6,0
5685,REST_X11,5685,3,6,0,0,14,0,0,0,6,0,0,2,10,6,0
5686,REST_X11,5686,3,6,0,0,14,0,0,0,6,0,0,4,10,6,0
5687,[X4_X11_GET_resp_5xx],5687,3,6,0,0,15,0,0,0,6,0,0,0,10,6,0
5688,[X4_X11_GET_req],5688,3,6,0,0,16,0,0,0,6,0,0,1,10,6,0
5689,REST_X11,5689,3,6,0,0,16,0,0,0,6,0,0,2,10,6,0
5690,REST_X11,5690,3,6,0,0,16,0,0,0,6,0,0,3,10,6,0
5691,[X4_X11_GET_resp_2xx],5691,3,6,0,0,3,0,0,0,6,0,0,0,10,6,0
5692,[X13_X4_GET_resp_2xx],5692,3,6,0,0,0,0,0,0,6,0,0,0,10,3,0
5693,[X12_X13_GET_resp_2xx],5693,3,6,0,0,0,0,0,0,6,0,0,0,3,0,0
5694,[X8_X12_GET_resp_2xx],5694,3,6,0,0,0,0,0,0,3,0,0,0,0,0,0
5695,[X1_X8_GET_resp_2xx],5695,3,3,0,0,0,0,0,0,0,0,0,0,0,0,0
5696,[X0_X1_GET_resp_2xx],5696,0,0,0,0,0,0,0,0,0,0,0,0,0,0,0
5697,REST_X0,5697,2,0,0,0,0,0,0,0,0,0,0,0,0,0,0
5698,[X0_X1_GET_req],5698,3,1,0,0,0,0,0,0,0,0,0,0,0,0,0
5699,REST_X1,5699,3,2,0,0,0,0,0,0,0,0,0,0,0,0,0
5700,REST_X1,5700,3,9,0,0,0,0,0,0,0,0,0,0,0,0,0
5701,[X1_X14_GET_req],5701,3,10,0,0,0,0,0,0,0,0,0,0,0,0,1
5702,REST_X14,5702,3,10,0,0,0,0,0,0,0,0,0,0,0,0,2
5703,REST_X14,5703,3,10,0,0,0,0,0,0,0,0,0,0,0,0,5
5704,[X14_X6_GET_req],5704,3,10,0,0,0,0,1,0,0,0,0,0,0,0,6
5705,REST_X6,5705,3,10,0,0,0,0,2,0,0,0,0,0,0,0,6
5706,REST_X6,5706,3,10,0,0,0,0,5,0,0,0,0,0,0,0,6
5707,[X6_X5_GET_req],5707,3,10,0,0,0,1,6,0,0,0,0,0,0,0,6
5708,REST_X5,5708,3,10,0,0,0,2,6,0,0,0,0,0,0,0,6
5709,REST_X5,5709,3,10,0,0,0,3,6,0,0,0,0,0,0,0,6
5710,[X6_X5_GET_resp_2xx],5710,3,10,0,0,0,0,3,0,0,0,0,0,0,0,6
5711,[X14_X6_GET_resp_2xx],5711,3,10,0,0,0,0,0,0,0,0,0,0,0,0,3
5712,[X1_X14_GET_resp_2xx],5712,3,3,0,0,0,0,0,0,0,0,0,0,0,0,0
5713,[X0_X1_GET_resp_2xx],5713,0,0,0,0,0,0,0,0,0,0,0,0,0,0,0
5714,REST_X0,5714,2,0,0,0,0,0,0,0,0,0,0,0,0,0,0
5715,[X0_X1_GET_req],5715,3,1,0,0,0,0,0,0,0,0,0,0,0,0,0
5716,REST_X1,5716,3,2,0,0,0,0,0,0,0,0,0,0,0,0,0
5717,REST_X1,5717,3,9,0,0,0,0,0,0,0,0,0,0,0,0,0
5718,[X1_X14_GET_req],5718,3,10,0,0,0,0,0,0,0,0,0,0,0,0,1
5719,REST_X14,5719,3,10,0,0,0,0,0,0,0,0,0,0,0,0,2
5720,REST_X14,5720,3,10,0,0,0,0,0,0,0,0,0,0,0,0,5
5721,[X14_X6_GET_req],5721,3,10,0,0,0,0,1,0,0,0,0,0,0,0,6
5722,REST_X6,5722,3,10,0,0,0,0,2,0,0,0,0,0,0,0,6
5723,REST_X6,5723,3,10,0,0,0,0,5,0,0,0,0,0,0,0,6
5724,[X6_X5_GET_req],5724,3,10,0,0,0,1,6,0,0,0,0,0,0,0,6
5725,REST_X5,5725,3,10,0,0,0,2,6,0,0,0,0,0,0,0,6
5726,REST_X5,5726,3,10,0,0,0,3,6,0,0,0,0,0,0,0,6
5727,[X6_X5_GET_resp_2xx],5727,3,10,0,0,0,0,3,0,0,0,0,0,0,0,6
5728,[X14_X6_GET_resp_2xx],5728,3,10,0,0,0,0,0,0,0,0,0,0,0,0,3
5729,[X1_X14_GET_resp_2xx],5729,3,3,0,0,0,0,0,0,0,0,0,0,0,0,0
5730,[X0_X1_GET_resp_2xx],5730,0,0,0,0,0,0,0,0,0,0,0,0,0,0,0
5731,REST_X0,5731,2,0,0,0,0,0,0,0,0,0,0,0,0,0,0
5732,[X0_X1_GET_req],5732,3,1,0,0,0,0,0,0,0,0,0,0,0,0,0
5733,REST_X1,5733,3,2,0,0,0,0,0,0,0,0,0,0,0,0,0
5734,REST_X1,5734,3,9,0,0,0,0,0,0,0,0,0,0,0,0,0
5735,[X1_X14_GET_req],5735,3,10,0,0,0,0,0,0,0,0,0,0,0,0,1
5736,REST_X14,5736,3,10,0,0,0,0,0,0,0,0,0,0,0,0,2
5737,REST_X14,5737,3,10,0,0,0,0,0,0,0,0,0,0,0,0,5
5738,[X14_X6_GET_req],5738,3,10,0,0,0,0,1,0,0,0,0,0,0,0,6
5739,REST_X6,5739,3,10,0,0,0,0,2,0,0,0,0,0,0,0,6
5740,REST_X6,5740,3,10,0,0,0,0,5,0,0,0,0,0,0,0,6
5741,[X6_X5_GET_req],5741,3,10,0,0,0,1,6,0,0,0,0,0,0,0,6
5742,REST_X5,5742,3,10,0,0,0,2,6,0,0,0,0,0,0,0,6
5743,REST_X5,5743,3,10,0,0,0,3,6,0,0,0,0,0,0,0,6
5744,[X6_X5_GET_resp_2xx],5744,3,10,0,0,0,0,3,0,0,0,0,0,0,0,6
5745,[X14_X6_GET_resp_2xx],5745,3,10,0,0,0,0,0,0,0,0,0,0,0,0,3
5746,[X1_X14_GET_resp_2xx],5746,3,3,0,0,0,0,0,0,0,0,0,0,0,0,0
5747,[X0_X1_GET_resp_2xx],5747,0,0,0,0,0,0,0,0,0,0,0,0,0,0,0
5748,REST_X0,5748,2,0,0,0,0,0,0,0,0,0,0,0,0,0,0
5749,[X0_X1_GET_req],5749,3,1,0,0,0,0,0,0,0,0,0,0,0,0,0
5750,REST_X1,5750,3,2,0,0,0,0,0,0,0,0,0,0,0,0,0
5751,REST_X1,5751,3,9,0,0,0,0,0,0,0,0,0,0,0,0,0
5752,[X1_X14_GET_req],5752,3,10,0,0,0,0,0,0,0,0,0,0,0,0,1
5753,REST_X14,5753,3,10,0,0,0,0,0,0,0,0,0,0,0,0,2
5754,REST_X14,5754,3,10,0,0,0,0,0,0,0,0,0,0,0,0,5
5755,[X14_X6_GET_req],5755,3,10,0,0,0,0,1,0,0,0,0,0,0,0,6
5756,REST_X6,5756,3,10,0,0,0,0,2,0,0,0,0,0,0,0,6
5757,REST_X6,5757,3,10,0,0,0,0,5,0,0,0,0,0,0,0,6
5758,[X6_X5_GET_req],5758,3,10,0,0,0,1,6,0,0,0,0,0,0,0,6
5759,REST_X5,5759,3,10,0,0,0,2,6,0,0,0,0,0,0,0,6
5760,REST_X5,5760,3,10,0,0,0,3,6,0,0,0,0,0,0,0,6
5761,[X6_X5_GET_resp_2xx],5761,3,10,0,0,0,0,3,0,0,0,0,0,0,0,6
5762,[X14_X6_GET_resp_2xx],5762,3,10,0,0,0,0,0,0,0,0,0,0,0,0,3
5763,[X1_X14_GET_resp_2xx],5763,3,3,0,0,0,0,0,0,0,0,0,0,0,0,0
5764,[X0_X1_GET_resp_2xx],5764,0,0,0,0,0,0,0,0,0,0,0,0,0,0,0
5765,REST_X0,5765,2,0,0,0,0,0,0,0,0,0,0,0,0,0,0
5766,[X0_X1_GET_req],5766,3,1,0,0,0,0,0,0,0,0,0,0,0,0,0
5767,REST_X1,5767,3,2,0,0,0,0,0,0,0,0,0,0,0,0,0
5768,REST_X1,5768,3,5,0,0,0,0,0,0,0,0,0,0,0,0,0
5769,[X1_X8_GET_req],5769,3,6,0,0,0,0,0,0,1,0,0,0,0,0,0
5770,REST_X8,5770,3,6,0,0,0,0,0,0,2,0,0,0,0,0,0
5771,REST_X8,5771,3,6,0,0,0,0,0,0,5,0,0,0,0,0,0
5772,[X8_X12_GET_req],5772,3,6,0,0,0,0,0,0,6,0,0,0,1,0,0
5773,REST_X12,5773,3,6,0,0,0,0,0,0,6,0,0,0,2,0,0
5774,REST_X12,5774,3,6,0,0,0,0,0,0,6,0,0,0,5,0,0
5775,[X12_X3_GET_req],5775,3,6,0,1,0,0,0,0,6,0,0,0,6,0,0
5776,REST_X3,5776,3,6,0,2,0,0,0,0,6,0,0,0,6,0,0
5777,REST_X3,5777,3,6,0,5,0,0,0,0,6,0,0,0,6,0,0
5778,[X3_X9_GET_req],5778,3,6,0,6,0,0,0,0,6,1,0,0,6,0,0
5779,REST_X9,5779,3,6,0,6,0,0,0,0,6,2,0,0,6,0,0
5780,REST_X9,5780,3,6,0,6,0,0,0,0,6,3,0,0,6,0,0
5781,[X3_X9_GET_resp_2xx],5781,3,6,0,3,0,0,0,0,6,0,0,0,6,0,0
5782,[X12_X3_GET_resp_2xx],5782,3,6,0,0,0,0,0,0,6,0,0,0,3,0,0
5783,[X8_X12_GET_resp_2xx],5783,3,6,0,0,0,0,0,0,3,0,0,0,0,0,0
5784,[X1_X8_GET_resp_2xx],5784,3,3,0,0,0,0,0,0,0,0,0,0,0,0,0
5785,[X0_X1_GET_resp_2xx],5785,0,0,0,0,0,0,0,0,0,0,0,0,0,0,0
5786,REST_X0,5786,2,0,0,0,0,0,0,0,0,0,0,0,0,0,0
5787,[X0_X1_GET_req],5787,3,1,0,0,0,0,0,0,0,0,0,0,0,0,0
5788,REST_X1,5788,3,2,0,0,0,0,0,0,0,0,0,0,0,0,0
5789,REST_X1,5789,3,9,0,0,0,0,0,0,0,0,0,0,0,0,0
5790,[X1_X14_GET_req],5790,3,10,0,0,0,0,0,0,0,0,0,0,0,0,1
5791,REST_X14,5791,3,10,0,0,0,0,0,0,0,0,0,0,0,0,2
5792,REST_X14,5792,3,10,0,0,0,0,0,0,0,0,0,0,0,0,5
5793,[X14_X6_GET_req],5793,3,10,0,0,0,0,1,0,0,0,0,0,0,0,6
5794,REST_X6,5794,3,10,0,0,0,0,2,0,0,0,0,0,0,0,6
5795,REST_X6,5795,3,10,0,0,0,0,5,0,0,0,0,0,0,0,6
5796,[X6_X5_GET_req],5796,3,10,0,0,0,1,6,0,0,0,0,0,0,0,6
5797,REST_X5,5797,3,10,0,0,0,2,6,0,0,0,0,0,0,0,6
5798,REST_X5,5798,3,10,0,0,0,3,6,0,0,0,0,0,0,0,6
5799,[X6_X5_GET_resp_2xx],5799,3,10,0,0,0,0,3,0,0,0,0,0,0,0,6
5800,[X14_X6_GET_resp_2xx],5800,3,10,0,0,0,0,0,0,0,0,0,0,0,0,3
5801,[X1_X14_GET_resp_2xx],5801,3,3,0,0,0,0,0,0,0,0,0,0,0,0,0
5802,[X0_X1_GET_resp_2xx],5802,0,0,0,0,0,0,0,0,0,0,0,0,0,0,0
5803,REST_X0,5803,2,0,0,0,0,0,0,0,0,0,0,0,0,0,0
5804,[X0_X1_GET_req],5804,3,1,0,0,0,0,0,0,0,0,0,0,0,0,0
5805,REST_X1,5805,3,2,0,0,0,0,0,0,0,0,0,0,0,0,0
5806,REST_X1,5806,3,9,0,0,0,0,0,0,0,0,0,0,0,0,0
5807,[X1_X14_GET_req],5807,3,10,0,0,0,0,0,0,0,0,0,0,0,0,1
5808,REST_X14,5808,3,10,0,0,0,0,0,0,0,0,0,0,0,0,2
5809,REST_X14,5809,3,10,0,0,0,0,0,0,0,0,0,0,0,0,5
5810,[X14_X6_GET_req],5810,3,10,0,0,0,0,1,0,0,0,0,0,0,0,6
5811,REST_X6,5811,3,10,0,0,0,0,2,0,0,0,0,0,0,0,6
5812,REST_X6,5812,3,10,0,0,0,0,5,0,0,0,0,0,0,0,6
5813,[X6_X5_GET_req],5813,3,10,0,0,0,1,6,0,0,0,0,0,0,0,6
5814,REST_X5,5814,3,10,0,0,0,2,6,0,0,0,0,0,0,0,6
5815,REST_X5,5815,3,10,0,0,0,3,6,0,0,0,0,0,0,0,6
5816,[X6_X5_GET_resp_2xx],5816,3,10,0,0,0,0,3,0,0,0,0,0,0,0,6
5817,[X14_X6_GET_resp_2xx],5817,3,10,0,0,0,0,0,0,0,0,0,0,0,0,3
5818,[X1_X14_GET_resp_2xx],5818,3,3,0,0,0,0,0,0,0,0,0,0,0,0,0
5819,[X0_X1_GET_resp_2xx],5819,0,0,0,0,0,0,0,0,0,0,0,0,0,0,0
5820,REST_X0,5820,2,0,0,0,0,0,0,0,0,0,0,0,0,0,0
5821,[X0_X1_GET_req],5821,3,1,0,0,0,0,0,0,0,0,0,0,0,0,0
5822,REST_X1,5822,3,2,0,0,0,0,0,0,0,0,0,0,0,0,0
5823,REST_X1,5823,3,9,0,0,0,0,0,0,0,0,0,0,0,0,0
5824,[X1_X14_GET_req],5824,3,10,0,0,0,0,0,0,0,0,0,0,0,0,1
5825,REST_X14,5825,3,10,0,0,0,0,0,0,0,0,0,0,0,0,2
5826,REST_X14,5826,3,10,0,0,0,0,0,0,0,0,0,0,0,0,5
5827,[X14_X6_GET_req],5827,3,10,0,0,0,0,1,0,0,0,0,0,0,0,6
5828,REST_X6,5828,3,10,0,0,0,0,2,0,0,0,0,0,0,0,6
5829,REST_X6,5829,3,10,0,0,0,0,5,0,0,0,0,0,0,0,6
5830,[X6_X5_GET_req],5830,3,10,0,0,0,1,6,0,0,0,0,0,0,0,6
5831,REST_X5,5831,3,10,0,0,0,2,6,0,0,0,0,0,0,0,6
5832,REST_X5,5832,3,10,0,0,0,3,6,0,0,0,0,0,0,0,6
5833,[X6_X5_GET_resp_2xx],5833,3,10,0,0,0,0,3,0,0,0,0,0,0,0,6
5834,[X14_X6_GET_resp_2xx],5834,3,10,0,0,0,0,0,0,0,0,0,0,0,0,3
5835,[X1_X14_GET_resp_2xx],5835,3,3,0,0,0,0,0,0,0,0,0,0,0,0,0
5836,[X0_X1_GET_resp_2xx],5836,0,0,0,0,0,0,0,0,0,0,0,0,0,0,0
5837,REST_X0,5837,2,0,0,0,0,0,0,0,0,0,0,0,0,0,0
5838,[X0_X1_GET_req],5838,3,1,0,0,0,0,0,0,0,0,0,0,0,0,0
5839,REST_X1,5839,3,2,0,0,0,0,0,0,0,0,0,0,0,0,0
5840,REST_X1,5840,3,9,0,0,0,0,0,0,0,0,0,0,0,0,0
5841,[X1_X14_GET_req],5841,3,10,0,0,0,0,0,0,0,0,0,0,0,0,1
5842,REST_X14,5842,3,10,0,0,0,0,0,0,0,0,0,0,0,0,2
5843,REST_X14,5843,3,10,0,0,0,0,0,0,0,0,0,0,0,0,5
5844,[X14_X6_GET_req],5844,3,10,0,0,0,0,1,0,0,0,0,0,0,0,6
5845,REST_X6,5845,3,10,0,0,0,0,2,0,0,0,0,0,0,0,6
5846,REST_X6,5846,3,10,0,0,0,0,5,0,0,0,0,0,0,0,6
5847,[X6_X5_GET_req],5847,3,10,0,0,0,1,6,0,0,0,0,0,0,0,6
5848,REST_X5,5848,3,10,0,0,0,2,6,0,0,0,0,0,0,0,6
5849,REST_X5,5849,3,10,0,0,0,3,6,0,0,0,0,0,0,0,6
5850,[X6_X5_GET_resp_2xx],5850,3,10,0,0,0,0,3,0,0,0,0,0,0,0,6
5851,[X14_X6_GET_resp_2xx],5851,3,10,0,0,0,0,0,0,0,0,0,0,0,0,3
5852,[X1_X14_GET_resp_2xx],5852,3,3,0,0,0,0,0,0,0,0,0,0,0,0,0
5853,[X0_X1_GET_resp_2xx],5853,0,0,0,0,0,0,0,0,0,0,0,0,0,0,0
5854,REST_X0,5854,2,0,0,0,0,0,0,0,0,0,0,0,0,0,0
5855,[X0_X1_GET_req],5855,3,1,0,0,0,0,0,0,0,0,0,0,0,0,0
5856,REST_X1,5856,3,2,0,0,0,0,0,0,0,0,0,0,0,0,0
5857,REST_X1,5857,3,5,0,0,0,0,0,0,0,0,0,0,0,0,0
5858,[X1_X8_GET_req],5858,3,6,0,0,0,0,0,0,1,0,0,0,0,0,0
5859,REST_X8,5859,3,6,0,0,0,0,0,0,2,0,0,0,0,0,0
5860,REST_X8,5860,3,6,0,0,0,0,0,0,5,0,0,0,0,0,0
5861,[X8_X12_GET_req],5861,3,6,0,0,0,0,0,0,6,0,0,0,1,0,0
5862,REST_X12,5862,3,6,0,0,0,0,0,0,6,0,0,0,2,0,0
5863,REST_X12,5863,3,6,0,0,0,0,0,0,6,0,0,0,9,0,0
5864,[X12_X13_GET_req],5864,3,6,0,0,0,0,0,0,6,0,0,0,10,1,0
5865,REST_X13,5865,3,6,0,0,0,0,0,0,6,0,0,0,10,2,0
5866,REST_X13,5866,3,6,0,0,0,0,0,0,6,0,0,0,10,5,0
5867,[X13_X4_GET_req],5867,3,6,0,0,1,0,0,0,6,0,0,0,10,6,0
5868,REST_X4,5868,3,6,0,0,2,0,0,0,6,0,0,0,10,6,0
5869,REST_X4,5869,3,6,0,0,13,0,0,0,6,0,0,0,10,6,0
5870,[X4_X11_GET_req],5870,3,6,0,0,14,0,0,0,6,0,0,1,10,6,0
5871,REST_X11,5871,3,6,0,0,14,0,0,0,6,0,0,2,10,6,0
5872,REST_X11,5872,3,6,0,0,14,0,0,0,6,0,0,3,10,6,0
5873,[X4_X11_GET_resp_2xx],5873,3,6,0,0,3,0,0,0,6,0,0,0,10,6,0
5874,[X13_X4_GET_resp_2xx],5874,3,6,0,0,0,0,0,0,6,0,0,0,10,3,0
5875,[X12_X13_GET_resp_2xx],5875,3,6,0,0,0,0,0,0,6,0,0,0,3,0,0
5876,[X8_X12_GET_resp_2xx],5876,3,6,0,0,0,0,0,0,3,0,0,0,0,0,0
5877,[X1_X8_GET_resp_2xx],5877,3,3,0,0,0,0,0,0,0,0,0,0,0,0,0
5878,[X0_X1_GET_resp_2xx],5878,0,0,0,0,0,0,0,0,0,0,0,0,0,0,0
5879,REST_X0,5879,2,0,0,0,0,0,0,0,0,0,0,0,0,0,0
5880,[X0_X1_GET_req],5880,3,1,0,0,0,0,0,0,0,0,0,0,0,0,0
5881,REST_X1,5881,3,2,0,0,0,0,0,0,0,0,0,0,0,0,0
5882,REST_X1,5882,3,9,0,0,0,0,0,0,0,0,0,0,0,0,0
5883,[X1_X14_GET_req],5883,3,10,0,0,0,0,0,0,0,0,0,0,0,0,1
5884,REST_X14,5884,3,10,0,0,0,0,0,0,0,0,0,0,0,0,2
5885,REST_X14,5885,3,10,0,0,0,0,0,0,0,0,0,0,0,0,5
5886,[X14_X6_GET_req],5886,3,10,0,0,0,0,1,0,0,0,0,0,0,0,6
5887,REST_X6,5887,3,10,0,0,0,0,2,0,0,0,0,0,0,0,6
5888,REST_X6,5888,3,10,0,0,0,0,5,0,0,0,0,0,0,0,6
5889,[X6_X5_GET_req],5889,3,10,0,0,0,1,6,0,0,0,0,0,0,0,6
5890,REST_X5,5890,3,10,0,0,0,2,6,0,0,0,0,0,0,0,6
5891,REST_X5,5891,3,10,0,0,0,3,6,0,0,0,0,0,0,0,6
5892,[X6_X5_GET_resp_2xx],5892,3,10,0,0,0,0,3,0,0,0,0,0,0,0,6
5893,[X14_X6_GET_resp_2xx],5893,3,10,0,0,0,0,0,0,0,0,0,0,0,0,3
5894,[X1_X14_GET_resp_2xx],5894,3,3,0,0,0,0,0,0,0,0,0,0,0,0,0
5895,[X0_X1_GET_resp_2xx],5895,0,0,0,0,0,0,0,0,0,0,0,0,0,0,0
5896,REST_X0,5896,2,0,0,0,0,0,0,0,0,0,0,0,0,0,0
5897,[X0_X1_GET_req],5897,3,1,0,0,0,0,0,0,0,0,0,0,0,0,0
5898,REST_X1,5898,3,2,0,0,0,0,0,0,0,0,0,0,0,0,0
5899,REST_X1,5899,3,5,0,0,0,0,0,0,0,0,0,0,0,0,0
5900,[X1_X8_GET_req],5900,3,6,0,0,0,0,0,0,1,0,0,0,0,0,0
5901,REST_X8,5901,3,6,0,0,0,0,0,0,2,0,0,0,0,0,0
5902,REST_X8,5902,3,6,0,0,0,0,0,0,5,0,0,0,0,0,0
5903,[X8_X12_GET_req],5903,3,6,0,0,0,0,0,0,6,0,0,0,1,0,0
5904,REST_X12,5904,3,6,0,0,0,0,0,0,6,0,0,0,2,0,0
5905,REST_X12,5905,3,6,0,0,0,0,0,0,6,0,0,0,9,0,0
5906,[X12_X13_GET_req],5906,3,6,0,0,0,0,0,0,6,0,0,0,10,1,0
5907,REST_X13,5907,3,6,0,0,0,0,0,0,6,0,0,0,10,2,0
5908,REST_X13,5908,3,6,0,0,0,0,0,0,6,0,0,0,10,5,0
5909,[X13_X4_GET_req],5909,3,6,0,0,1,0,0,0,6,0,0,0,10,6,0
5910,REST_X4,5910,3,6,0,0,2,0,0,0,6,0,0,0,10,6,0
5911,REST_X4,5911,3,6,0,0,9,0,0,0,6,0,0,0,10,6,0
5912,[X4_X7_GET_req],5912,3,6,0,0,10,0,0,1,6,0,0,0,10,6,0
5913,REST_X7,5913,3,6,0,0,10,0,0,2,6,0,0,0,10,6,0
5914,REST_X7,5914,3,6,0,0,10,0,0,5,6,0,0,0,10,6,0
5915,[X7_X10_GET_req],5915,3,6,0,0,10,0,0,6,6,0,1,0,10,6,0
5916,REST_X10,5916,3,6,0,0,10,0,0,6,6,0,2,0,10,6,0
5917,REST_X10,5917,3,6,0,0,10,0,0,6,6,0,3,0,10,6,0
5918,[X7_X10_GET_resp_2xx],5918,3,6,0,0,10,0,0,3,6,0,0,0,10,6,0
5919,[X4_X7_GET_resp_2xx],5919,3,6,0,0,3,0,0,0,6,0,0,0,10,6,0
5920,[X13_X4_GET_resp_2xx],5920,3,6,0,0,0,0,0,0,6,0,0,0,10,3,0
5921,[X12_X13_GET_resp_2xx],5921,3,6,0,0,0,0,0,0,6,0,0,0,3,0,0
5922,[X8_X12_GET_resp_2xx],5922,3,6,0,0,0,0,0,0,3,0,0,0,0,0,0
5923,[X1_X8_GET_resp_2xx],5923,3,3,0,0,0,0,0,0,0,0,0,0,0,0,0
5924,[X0_X1_GET_resp_2xx],5924,0,0,0,0,0,0,0,0,0,0,0,0,0,0,0
5925,REST_X0,5925,2,0,0,0,0,0,0,0,0,0,0,0,0,0,0
5926,[X0_X1_GET_req],5926,3,1,0,0,0,0,0,0,0,0,0,0,0,0,0
5927,REST_X1,5927,3,2,0,0,0,0,0,0,0,0,0,0,0,0,0
5928,REST_X1,5928,3,9,0,0,0,0,0,0,0,0,0,0,0,0,0
5929,[X1_X14_GET_req],5929,3,10,0,0,0,0,0,0,0,0,0,0,0,0,1
5930,REST_X14,5930,3,10,0,0,0,0,0,0,0,0,0,0,0,0,2
5931,REST_X14,5931,3,10,0,0,0,0,0,0,0,0,0,0,0,0,5
5932,[X14_X6_GET_req],5932,3,10,0,0,0,0,1,0,0,0,0,0,0,0,6
5933,REST_X6,5933,3,10,0,0,0,0,2,0,0,0,0,0,0,0,6
5934,REST_X6,5934,3,10,0,0,0,0,5,0,0,0,0,0,0,0,6
5935,[X6_X5_GET_req],5935,3,10,0,0,0,1,6,0,0,0,0,0,0,0,6
5936,REST_X5,5936,3,10,0,0,0,2,6,0,0,0,0,0,0,0,6
5937,REST_X5,5937,3,10,0,0,0,3,6,0,0,0,0,0,0,0,6
5938,[X6_X5_GET_resp_2xx],5938,3,10,0,0,0,0,3,0,0,0,0,0,0,0,6
5939,[X14_X6_GET_resp_2xx],5939,3,10,0,0,0,0,0,0,0,0,0,0,0,0,3
5940,[X1_X14_GET_resp_2xx],5940,3,3,0,0,0,0,0,0,0,0,0,0,0,0,0
5941,[X0_X1_GET_resp_2xx],5941,0,0,0,0,0,0,0,0,0,0,0,0,0,0,0
5942,REST_X0,5942,2,0,0,0,0,0,0,0,0,0,0,0,0,0,0
5943,[X0_X1_GET_req],5943,3,1,0,0,0,0,0,0,0,0,0,0,0,0,0
5944,REST_X1,5944,3,2,0,0,0,0,0,0,0,0,0,0,0,0,0
5945,REST_X1,5945,3,5,0,0,0,0,0,0,0,0,0,0,0,0,0
5946,[X1_X8_GET_req],5946,3,6,0,0,0,0,0,0,1,0,0,0,0,0,0
5947,REST_X8,5947,3,6,0,0,0,0,0,0,2,0,0,0,0,0,0
5948,REST_X8,5948,3,6,0,0,0,0,0,0,5,0,0,0,0,0,0
5949,[X8_X12_GET_req],5949,3,6,0,0,0,0,0,0,6,0,0,0,1,0,0
5950,REST_X12,5950,3,6,0,0,0,0,0,0,6,0,0,0,2,0,0
5951,REST_X12,5951,3,6,0,0,0,0,0,0,6,0,0,0,9,0,0
5952,[X12_X13_GET_req],5952,3,6,0,0,0,0,0,0,6,0,0,0,10,1,0
5953,REST_X13,5953,3,6,0,0,0,0,0,0,6,0,0,0,10,2,0
5954,REST_X13,5954,3,6,0,0,0,0,0,0,6,0,0,0,10,5,0
5955,[X13_X4_GET_req],5955,3,6,0,0,1,0,0,0,6,0,0,0,10,6,0
5956,REST_X4,5956,3,6,0,0,2,0,0,0,6,0,0,0,10,6,0
5957,REST_X4,5957,3,6,0,0,5,0,0,0,6,0,0,0,10,6,0
5958,[X4_X2_GET_req],5958,3,6,1,0,6,0,0,0,6,0,0,0,10,6,0
5959,REST_X2,5959,3,6,2,0,6,0,0,0,6,0,0,0,10,6,0
5960,REST_X2,5960,3,6,3,0,6,0,0,0,6,0,0,0,10,6,0
5961,[X4_X2_GET_resp_2xx],5961,3,6,0,0,3,0,0,0,6,0,0,0,10,6,0
5962,[X13_X4_GET_resp_2xx],5962,3,6,0,0,0,0,0,0,6,0,0,0,10,3,0
5963,[X12_X13_GET_resp_2xx],5963,3,6,0,0,0,0,0,0,6,0,0,0,3,0,0
5964,[X8_X12_GET_resp_2xx],5964,3,6,0,0,0,0,0,0,3,0,0,0,0,0,0
5965,[X1_X8_GET_resp_2xx],5965,3,3,0,0,0,0,0,0,0,0,0,0,0,0,0
5966,[X0_X1_GET_resp_2xx],5966,0,0,0,0,0,0,0,0,0,0,0,0,0,0,0
5967,REST_X0,5967,2,0,0,0,0,0,0,0,0,0,0,0,0,0,0
5968,[X0_X1_GET_req],5968,3,1,0,0,0,0,0,0,0,0,0,0,0,0,0
5969,REST_X1,5969,3,2,0,0,0,0,0,0,0,0,0,0,0,0,0
5970,REST_X1,5970,3,9,0,0,0,0,0,0,0,0,0,0,0,0,0
5971,[X1_X14_GET_req],5971,3,10,0,0,0,0,0,0,0,0,0,0,0,0,1
5972,REST_X14,5972,3,10,0,0,0,0,0,0,0,0,0,0,0,0,2
5973,REST_X14,5973,3,10,0,0,0,0,0,0,0,0,0,0,0,0,5
5974,[X14_X6_GET_req],5974,3,10,0,0,0,0,1,0,0,0,0,0,0,0,6
5975,REST_X6,5975,3,10,0,0,0,0,2,0,0,0,0,0,0,0,6
5976,REST_X6,5976,3,10,0,0,0,0,5,0,0,0,0,0,0,0,6
5977,[X6_X5_GET_req],5977,3,10,0,0,0,1,6,0,0,0,0,0,0,0,6
5978,REST_X5,5978,3,10,0,0,0,2,6,0,0,0,0,0,0,0,6
5979,REST_X5,5979,3,10,0,0,0,3,6,0,0,0,0,0,0,0,6
5980,[X6_X5_GET_resp_2xx],5980,3,10,0,0,0,0,3,0,0,0,0,0,0,0,6
5981,[X14_X6_GET_resp_2xx],5981,3,10,0,0,0,0,0,0,0,0,0,0,0,0,3
5982,[X1_X14_GET_resp_2xx],5982,3,3,0,0,0,0,0,0,0,0,0,0,0,0,0
5983,[X0_X1_GET_resp_2xx],5983,0,0,0,0,0,0,0,0,0,0,0,0,0,0,0
5984,REST_X0,5984,2,0,0,0,0,0,0,0,0,0,0,0,0,0,0
5985,[X0_X1_GET_req],5985,3,1,0,0,0,0,0,0,0,0,0,0,0,0,0
5986,REST_X1,5986,3,2,0,0,0,0,0,0,0,0,0,0,0,0,0
5987,REST_X1,5987,3,9,0,0,0,0,0,0,0,0,0,0,0,0,0
5988,[X1_X14_GET_req],5988,3,10,0,0,0,0,0,0,0,0,0,0,0,0,1
5989,REST_X14,5989,3,10,0,0,0,0,0,0,0,0,0,0,0,0,2
5990,REST_X14,5990,3,10,0,0,0,0,0,0,0,0,0,0,0,0,5
5991,[X14_X6_GET_req],5991,3,10,0,0,0,0,1,0,0,0,0,0,0,0,6
5992,REST_X6,5992,3,10,0,0,0,0,2,0,0,0,0,0,0,0,6
5993,REST_X6,5993,3,10,0,0,0,0,5,0,0,0,0,0,0,0,6
5994,[X6_X5_GET_req],5994,3,10,0,0,0,1,6,0,0,0,0,0,0,0,6
5995,REST_X5,5995,3,10,0,0,0,2,6,0,0,0,0,0,0,0,6
5996,REST_X5,5996,3,10,0,0,0,3,6,0,0,0,0,0,0,0,6
5997,[X6_X5_GET_resp_2xx],5997,3,10,0,0,0,0,3,0,0,0,0,0,0,0,6
5998,[X14_X6_GET_resp_2xx],5998,3,10,0,0,0,0,0,0,0,0,0,0,0,0,3
5999,[X1_X14_GET_resp_2xx],5999,3,3,0,0,0,0,0,0,0,0,0,0,0,0,0
6000,[X0_X1_GET_resp_2xx],6000,0,0,0,0,0,0,0,0,0,0,0,0,0,0,0
6001,REST_X0,6001,2,0,0,0,0,0,0,0,0,0,0,0,0,0,0
6002,[X0_X1_GET_req],6002,3,1,0,0,0,0,0,0,0,0,0,0,0,0,0
6003,REST_X1,6003,3,2,0,0,0,0,0,0,0,0,0,0,0,0,0
6004,REST_X1,6004,3,5,0,0,0,0,0,0,0,0,0,0,0,0,0
6005,[X1_X8_GET_req],6005,3,6,0,0,0,0,0,0,1,0,0,0,0,0,0
6006,REST_X8,6006,3,6,0,0,0,0,0,0,2,0,0,0,0,0,0
6007,REST_X8,6007,3,6,0,0,0,0,0,0,5,0,0,0,0,0,0
6008,[X8_X12_GET_req],6008,3,6,0,0,0,0,0,0,6,0,0,0,1,0,0
6009,REST_X12,6009,3,6,0,0,0,0,0,0,6,0,0,0,2,0,0
6010,REST_X12,6010,3,6,0,0,0,0,0,0,6,0,0,0,9,0,0
6011,[X12_X13_GET_req],6011,3,6,0,0,0,0,0,0,6,0,0,0,10,1,0
6012,REST_X13,6012,3,6,0,0,0,0,0,0,6,0,0,0,10,2,0
6013,REST_X13,6013,3,6,0,0,0,0,0,0,6,0,0,0,10,5,0
6014,[X13_X4_GET_req],6014,3,6,0,0,1,0,0,0,6,0,0,0,10,6,0
6015,REST_X4,6015,3,6,0,0,2,0,0,0,6,0,0,0,10,6,0
6016,REST_X4,6016,3,6,0,0,13,0,0,0,6,0,0,0,10,6,0
6017,[X4_X11_GET_req],6017,3,6,0,0,14,0,0,0,6,0,0,1,10,6,0
6018,REST_X11,6018,3,6,0,0,14,0,0,0,6,0,0,2,10,6,0
6019,REST_X11,6019,3,6,0,0,14,0,0,0,6,0,0,3,10,6,0
6020,[X4_X11_GET_resp_2xx],6020,3,6,0,0,3,0,0,0,6,0,0,0,10,6,0
6021,[X13_X4_GET_resp_2xx],6021,3,6,0,0,0,0,0,0,6,0,0,0,10,3,0
6022,[X12_X13_GET_resp_2xx],6022,3,6,0,0,0,0,0,0,6,0,0,0,3,0,0
6023,[X8_X12_GET_resp_2xx],6023,3,6,0,0,0,0,0,0,3,0,0,0,0,0,0
6024,[X1_X8_GET_resp_2xx],6024,3,3,0,0,0,0,0,0,0,0,0,0,0,0,0
6025,[X0_X1_GET_resp_2xx],6025,0,0,0,0,0,0,0,0,0,0,0,0,0,0,0
6026,REST_X0,6026,2,0,0,0,0,0,0,0,0,0,0,0,0,0,0
6027,[X0_X1_GET_req],6027,3,1,0,0,0,0,0,0,0,0,0,0,0,0,0
6028,REST_X1,6028,3,2,0,0,0,0,0,0,0,0,0,0,0,0,0
6029,REST_X1,6029,3,9,0,0,0,0,0,0,0,0,0,0,0,0,0
6030,[X1_X14_GET_req],6030,3,10,0,0,0,0,0,0,0,0,0,0,0,0,1
6031,REST_X14,6031,3,10,0,0,0,0,0,0,0,0,0,0,0,0,2
6032,REST_X14,6032,3,10,0,0,0,0,0,0,0,0,0,0,0,0,5
6033,[X14_X6_GET_req],6033,3,10,0,0,0,0,1,0,0,0,0,0,0,0,6
6034,REST_X6,6034,3,10,0,0,0,0,2,0,0,0,0,0,0,0,6
6035,REST_X6,6035,3,10,0,0,0,0,5,0,0,0,0,0,0,0,6
6036,[X6_X5_GET_req],6036,3,10,0,0,0,1,6,0,0,0,0,0,0,0,6
6037,REST_X5,6037,3,10,0,0,0,2,6,0,0,0,0,0,0,0,6
6038,REST_X5,6038,3,10,0,0,0,3,6,0,0,0,0,0,0,0,6
6039,[X6_X5_GET_resp_2xx],6039,3,10,0,0,0,0,3,0,0,0,0,0,0,0,6
6040,[X14_X6_GET_resp_2xx],6040,3,10,0,0,0,0,0,0,0,0,0,0,0,0,3
6041,[X1_X14_GET_resp_2xx],6041,3,3,0,0,0,0,0,0,0,0,0,0,0,0,0
6042,[X0_X1_GET_resp_2xx],6042,0,0,0,0,0,0,0,0,0,0,0,0,0,0,0
6043,REST_X0,6043,2,0,0,0,0,0,0,0,0,0,0,0,0,0,0
6044,[X0_X1_GET_req],6044,3,1,0,0,0,0,0,0,0,0,0,0,0,0,0
6045,REST_X1,6045,3,2,0,0,0,0,0,0,0,0,0,0,0,0,0
6046,REST_X1,6046,3,9,0,0,0,0,0,0,0,0,0,0,0,0,0
6047,[X1_X14_GET_req],6047,3,10,0,0,0,0,0,0,0,0,0,0,0,0,1
6048,REST_X14,6048,3,10,0,0,0,0,0,0,0,0,0,0,0,0,2
6049,REST_X14,6049,3,10,0,0,0,0,0,0,0,0,0,0,0,0,5
6050,[X14_X6_GET_req],6050,3,10,0,0,0,0,1,0,0,0,0,0,0,0,6
6051,REST_X6,6051,3,10,0,0,0,0,2,0,0,0,0,0,0,0,6
6052,REST_X6,6052,3,10,0,0,0,0,5,0,0,0,0,0,0,0,6
6053,[X6_X5_GET_req],6053,3,10,0,0,0,1,6,0,0,0,0,0,0,0,6
6054,REST_X5,6054,3,10,0,0,0,2,6,0,0,0,0,0,0,0,6
6055,REST_X5,6055,3,10,0,0,0,3,6,0,0,0,0,0,0,0,6
6056,[X6_X5_GET_resp_2xx],6056,3,10,0,0,0,0,3,0,0,0,0,0,0,0,6
6057,[X14_X6_GET_resp_2xx],6057,3,10,0,0,0,0,0,0,0,0,0,0,0,0,3
6058,[X1_X14_GET_resp_2xx],6058,3,3,0,0,0,0,0,0,0,0,0,0,0,0,0
6059,[X0_X1_GET_resp_2xx],6059,0,0,0,0,0,0,0,0,0,0,0,0,0,0,0
6060,REST_X0,6060,2,0,0,0,0,0,0,0,0,0,0,0,0,0,0
6061,[X0_X1_GET_req],6061,3,1,0,0,0,0,0,0,0,0,0,0,0,0,0
6062,REST_X1,6062,3,2,0,0,0,0,0,0,0,0,0,0,0,0,0
6063,REST_X1,6063,3,9,0,0,0,0,0,0,0,0,0,0,0,0,0
6064,[X1_X14_GET_req],6064,3,10,0,0,0,0,0,0,0,0,0,0,0,0,1
6065,REST_X14,6065,3,10,0,0,0,0,0,0,0,0,0,0,0,0,2
6066,REST_X14,6066,3,10,0,0,0,0,0,0,0,0,0,0,0,0,5
6067,[X14_X6_GET_req],6067,3,10,0,0,0,0,1,0,0,0,0,0,0,0,6
6068,REST_X6,6068,3,10,0,0,0,0,2,0,0,0,0,0,0,0,6
6069,REST_X6,6069,3,10,0,0,0,0,5,0,0,0,0,0,0,0,6
6070,[X6_X5_GET_req],6070,3,10,0,0,0,1,6,0,0,0,0,0,0,0,6
6071,REST_X5,6071,3,10,0,0,0,2,6,0,0,0,0,0,0,0,6
6072,REST_X5,6072,3,10,0,0,0,3,6,0,0,0,0,0,0,0,6
6073,[X6_X5_GET_resp_2xx],6073,3,10,0,0,0,0,3,0,0,0,0,0,0,0,6
6074,[X14_X6_GET_resp_2xx],6074,3,10,0,0,0,0,0,0,0,0,0,0,0,0,3
6075,[X1_X14_GET_resp_2xx],6075,3,3,0,0,0,0,0,0,0,0,0,0,0,0,0
6076,[X0_X1_GET_resp_2xx],6076,0,0,0,0,0,0,0,0,0,0,0,0,0,0,0
6077,REST_X0,6077,2,0,0,0,0,0,0,0,0,0,0,0,0,0,0
6078,[X0_X1_GET_req],6078,3,1,0,0,0,0,0,0,0,0,0,0,0,0,0
6079,REST_X1,6079,3,2,0,0,0,0,0,0,0,0,0,0,0,0,0
6080,REST_X1,6080,3,9,0,0,0,0,0,0,0,0,0,0,0,0,0
6081,[X1_X14_GET_req],6081,3,10,0,0,0,0,0,0,0,0,0,0,0,0,1
6082,REST_X14,6082,3,10,0,0,0,0,0,0,0,0,0,0,0,0,2
6083,REST_X14,6083,3,10,0,0,0,0,0,0,0,0,0,0,0,0,5
6084,[X14_X6_GET_req],6084,3,10,0,0,0,0,1,0,0,0,0,0,0,0,6
6085,REST_X6,6085,3,10,0,0,0,0,2,0,0,0,0,0,0,0,6
6086,REST_X6,6086,3,10,0,0,0,0,5,0,0,0,0,0,0,0,6
6087,[X6_X5_GET_req],6087,3,10,0,0,0,1,6,0,0,0,0,0,0,0,6
6088,REST_X5,6088,3,10,0,0,0,2,6,0,0,0,0,0,0,0,6
6089,REST_X5,6089,3,10,0,0,0,3,6,0,0,0,0,0,0,0,6
6090,[X6_X5_GET_resp_2xx],6090,3,10,0,0,0,0,3,0,0,0,0,0,0,0,6
6091,[X14_X6_GET_resp_2xx],6091,3,10,0,0,0,0,0,0,0,0,0,0,0,0,3
6092,[X1_X14_GET_resp_2xx],6092,3,3,0,0,0,0,0,0,0,0,0,0,0,0,0
6093,[X0_X1_GET_resp_2xx],6093,0,0,0,0,0,0,0,0,0,0,0,0,0,0,0
6094,REST_X0,6094,2,0,0,0,0,0,0,0,0,0,0,0,0,0,0
6095,[X0_X1_GET_req],6095,3,1,0,0,0,0,0,0,0,0,0,0,0,0,0
6096,REST_X1,6096,3,2,0,0,0,0,0,0,0,0,0,0,0,0,0
6097,REST_X1,6097,3,5,0,0,0,0,0,0,0,0,0,0,0,0,0
6098,[X1_X8_GET_req],6098,3,6,0,0,0,0,0,0,1,0,0,0,0,0,0
6099,REST_X8,6099,3,6,0,0,0,0,0,0,2,0,0,0,0,0,0
6100,REST_X8,6100,3,6,0,0,0,0,0,0,5,0,0,0,0,0,0
6101,[X8_X12_GET_req],6101,3,6,0,0,0,0,0,0,6,0,0,0,1,0,0
6102,REST_X12,6102,3,6,0,0,0,0,0,0,6,0,0,0,2,0,0
6103,REST_X12,6103,3,6,0,0,0,0,0,0,6,0,0,0,9,0,0
6104,[X12_X13_GET_req],6104,3,6,0,0,0,0,0,0,6,0,0,0,10,1,0
6105,REST_X13,6105,3,6,0,0,0,0,0,0,6,0,0,0,10,2,0
6106,REST_X13,6106,3,6,0,0,0,0,0,0,6,0,0,0,10,5,0
6107,[X13_X4_GET_req],6107,3,6,0,0,1,0,0,0,6,0,0,0,10,6,0
6108,REST_X4,6108,3,6,0,0,2,0,0,0,6,0,0,0,10,6,0
6109,REST_X4,6109,3,6,0,0,13,0,0,0,6,0,0,0,10,6,0
6110,[X4_X11_GET_req],6110,3,6,0,0,14,0,0,0,6,0,0,1,10,6,0
6111,REST_X11,6111,3,6,0,0,14,0,0,0,6,0,0,2,10,6,0
6112,REST_X11,6112,3,6,0,0,14,0,0,0,6,0,0,4,10,6,0
6113,[X4_X11_GET_resp_5xx],6113,3,6,0,0,15,0,0,0,6,0,0,0,10,6,0
6114,[X4_X11_GET_req],6114,3,6,0,0,16,0,0,0,6,0,0,1,10,6,0
6115,REST_X11,6115,3,6,0,0,16,0,0,0,6,0,0,2,10,6,0
6116,REST_X11,6116,3,6,0,0,16,0,0,0,6,0,0,3,10,6,0
6117,[X4_X11_GET_resp_2xx],6117,3,6,0,0,3,0,0,0,6,0,0,0,10,6,0
6118,[X13_X4_GET_resp_2xx],6118,3,6,0,0,0,0,0,0,6,0,0,0,10,3,0
6119,[X12_X13_GET_resp_2xx],6119,3,6,0,0,0,0,0,0,6,0,0,0,3,0,0
6120,[X8_X12_GET_resp_2xx],6120,3,6,0,0,0,0,0,0,3,0,0,0,0,0,0
6121,[X1_X8_GET_resp_2xx],6121,3,3,0,0,0,0,0,0,0,0,0,0,0,0,0
6122,[X0_X1_GET_resp_2xx],6122,0,0,0,0,0,0,0,0,0,0,0,0,0,0,0
6123,REST_X0,6123,2,0,0,0,0,0,0,0,0,0,0,0,0,0,0
6124,[X0_X1_GET_req],6124,3,1,0,0,0,0,0,0,0,0,0,0,0,0,0
6125,REST_X1,6125,3,2,0,0,0,0,0,0,0,0,0,0,0,0,0
6126,REST_X1,6126,3,5,0,0,0,0,0,0,0,0,0,0,0,0,0
6127,[X1_X8_GET_req],6127,3,6,0,0,0,0,0,0,1,0,0,0,0,0,0
6128,REST_X8,6128,3,6,0,0,0,0,0,0,2,0,0,0,0,0,0
6129,REST_X8,6129,3,6,0,0,0,0,0,0,5,0,0,0,0,0,0
6130,[X8_X12_GET_req],6130,3,6,0,0,0,0,0,0,6,0,0,0,1,0,0
6131,REST_X12,6131,3,6,0,0,0,0,0,0,6,0,0,0,2,0,0
6132,REST_X12,6132,3,6,0,0,0,0,0,0,6,0,0,0,9,0,0
6133,[X12_X13_GET_req],6133,3,6,0,0,0,0,0,0,6,0,0,0,10,1,0
6134,REST_X13,6134,3,6,0,0,0,0,0,0,6,0,0,0,10,2,0
6135,REST_X13,6135,3,6,0,0,0,0,0,0,6,0,0,0,10,5,0
6136,[X13_X4_GET_req],6136,3,6,0,0,1,0,0,0,6,0,0,0,10,6,0
6137,REST_X4,6137,3,6,0,0,2,0,0,0,6,0,0,0,10,6,0
6138,REST_X4,6138,3,6,0,0,13,0,0,0,6,0,0,0,10,6,0
6139,[X4_X11_GET_req],6139,3,6,0,0,14,0,0,0,6,0,0,1,10,6,0
6140,REST_X11,6140,3,6,0,0,14,0,0,0,6,0,0,2,10,6,0
6141,REST_X11,6141,3,6,0,0,14,0,0,0,6,0,0,3,10,6,0
6142,[X4_X11_GET_resp_2xx],6142,3,6,0,0,3,0,0,0,6,0,0,0,10,6,0
6143,[X13_X4_GET_resp_2xx],6143,3,6,0,0,0,0,0,0,6,0,0,0,10,3,0
6144,[X12_X13_GET_resp_2xx],6144,3,6,0,0,0,0,0,0,6,0,0,0,3,0,0
6145,[X8_X12_GET_resp_2xx],6145,3,6,0,0,0,0,0,0,3,0,0,0,0,0,0
6146,[X1_X8_GET_resp_2xx],6146,3,3,0,0,0,0,0,0,0,0,0,0,0,0,0
6147,[X0_X1_GET_resp_2xx],6147,0,0,0,0,0,0,0,0,0,0,0,0,0,0,0
6148,REST_X0,6148,2,0,0,0,0,0,0,0,0,0,0,0,0,0,0
6149,[X0_X1_GET_req],6149,3,1,0,0,0,0,0,0,0,0,0,0,0,0,0
6150,REST_X1,6150,3,2,0,0,0,0,0,0,0,0,0,0,0,0,0
6151,REST_X1,6151,3,5,0,0,0,0,0,0,0,0,0,0,0,0,0
6152,[X1_X8_GET_req],6152,3,6,0,0,0,0,0,0,1,0,0,0,0,0,0
6153,REST_X8,6153,3,6,0,0,0,0,0,0,2,0,0,0,0,0,0
6154,REST_X8,6154,3,6,0,0,0,0,0,0,5,0,0,0,0,0,0
6155,[X8_X12_GET_req],6155,3,6,0,0,0,0,0,0,6,0,0,0,1,0,0
6156,REST_X12,6156,3,6,0,0,0,0,0,0,6,0,0,0,2,0,0
6157,REST_X12,6157,3,6,0,0,0,0,0,0,6,0,0,0,9,0,0
6158,[X12_X13_GET_req],6158,3,6,0,0,0,0,0,0,6,0,0,0,10,1,0
6159,REST_X13,6159,3,6,0,0,0,0,0,0,6,0,0,0,10,2,0
6160,REST_X13,6160,3,6,0,0,0,0,0,0,6,0,0,0,10,5,0
6161,[X13_X4_GET_req],6161,3,6,0,0,1,0,0,0,6,0,0,0,10,6,0
6162,REST_X4,6162,3,6,0,0,2,0,0,0,6,0,0,0,10,6,0
6163,REST_X4,6163,3,6,0,0,13,0,0,0,6,0,0,0,10,6,0
6164,[X4_X11_GET_req],6164,3,6,0,0,14,0,0,0,6,0,0,1,10,6,0
6165,REST_X11,6165,3,6,0,0,14,0,0,0,6,0,0,2,10,6,0
6166,REST_X11,6166,3,6,0,0,14,0,0,0,6,0,0,3,10,6,0
6167,[X4_X11_GET_resp_2xx],6167,3,6,0,0,3,0,0,0,6,0,0,0,10,6,0
6168,[X13_X4_GET_resp_2xx],6168,3,6,0,0,0,0,0,0,6,0,0,0,10,3,0
6169,[X12_X13_GET_resp_2xx],6169,3,6,0,0,0,0,0,0,6,0,0,0,3,0,0
6170,[X8_X12_GET_resp_2xx],6170,3,6,0,0,0,0,0,0,3,0,0,0,0,0,0
6171,[X1_X8_GET_resp_2xx],6171,3,3,0,0,0,0,0,0,0,0,0,0,0,0,0
6172,[X0_X1_GET_resp_2xx],6172,0,0,0,0,0,0,0,0,0,0,0,0,0,0,0
6173,REST_X0,6173,2,0,0,0,0,0,0,0,0,0,0,0,0,0,0
6174,[X0_X1_GET_req],6174,3,1,0,0,0,0,0,0,0,0,0,0,0,0,0
6175,REST_X1,6175,3,2,0,0,0,0,0,0,0,0,0,0,0,0,0
6176,REST_X1,6176,3,9,0,0,0,0,0,0,0,0,0,0,0,0,0
6177,[X1_X14_GET_req],6177,3,10,0,0,0,0,0,0,0,0,0,0,0,0,1
6178,REST_X14,6178,3,10,0,0,0,0,0,0,0,0,0,0,0,0,2
6179,REST_X14,6179,3,10,0,0,0,0,0,0,0,0,0,0,0,0,5
6180,[X14_X6_GET_req],6180,3,10,0,0,0,0,1,0,0,0,0,0,0,0,6
6181,REST_X6,6181,3,10,0,0,0,0,2,0,0,0,0,0,0,0,6
6182,REST_X6,6182,3,10,0,0,0,0,5,0,0,0,0,0,0,0,6
6183,[X6_X5_GET_req],6183,3,10,0,0,0,1,6,0,0,0,0,0,0,0,6
6184,REST_X5,6184,3,10,0,0,0,2,6,0,0,0,0,0,0,0,6
6185,REST_X5,6185,3,10,0,0,0,3,6,0,0,0,0,0,0,0,6
6186,[X6_X5_GET_resp_2xx],6186,3,10,0,0,0,0,3,0,0,0,0,0,0,0,6
6187,[X14_X6_GET_resp_2xx],6187,3,10,0,0,0,0,0,0,0,0,0,0,0,0,3
6188,[X1_X14_GET_resp_2xx],6188,3,3,0,0,0,0,0,0,0,0,0,0,0,0,0
6189,[X0_X1_GET_resp_2xx],6189,0,0,0,0,0,0,0,0,0,0,0,0,0,0,0
6190,REST_X0,6190,2,0,0,0,0,0,0,0,0,0,0,0,0,0,0
6191,[X0_X1_GET_req],6191,3,1,0,0,0,0,0,0,0,0,0,0,0,0,0
6192,REST_X1,6192,3,2,0,0,0,0,0,0,0,0,0,0,0,0,0
6193,REST_X1,6193,3,5,0,0,0,0,0,0,0,0,0,0,0,0,0
6194,[X1_X8_GET_req],6194,3,6,0,0,0,0,0,0,1,0,0,0,0,0,0
6195,REST_X8,6195,3,6,0,0,0,0,0,0,2,0,0,0,0,0,0
6196,REST_X8,6196,3,6,0,0,0,0,0,0,5,0,0,0,0,0,0
6197,[X8_X12_GET_req],6197,3,6,0,0,0,0,0,0,6,0,0,0,1,0,0
6198,REST_X12,6198,3,6,0,0,0,0,0,0,6,0,0,0,2,0,0
6199,REST_X12,6199,3,6,0,0,0,0,0,0,6,0,0,0,9,0,0
6200,[X12_X13_GET_req],6200,3,6,0,0,0,0,0,0,6,0,0,0,10,1,0
6201,REST_X13,6201,3,6,0,0,0,0,0,0,6,0,0,0,10,2,0
6202,REST_X13,6202,3,6,0,0,0,0,0,0,6,0,0,0,10,5,0
6203,[X13_X4_GET_req],6203,3,6,0,0,1,0,0,0,6,0,0,0,10,6,0
6204,REST_X4,6204,3,6,0,0,2,0,0,0,6,0,0,0,10,6,0
6205,REST_X4,6205,3,6,0,0,9,0,0,0,6,0,0,0,10,6,0
6206,[X4_X7_GET_req],6206,3,6,0,0,10,0,0,1,6,0,0,0,10,6,0
6207,REST_X7,6207,3,6,0,0,10,0,0,2,6,0,0,0,10,6,0
6208,REST_X7,6208,3,6,0,0,10,0,0,5,6,0,0,0,10,6,0
6209,[X7_X10_GET_req],6209,3,6,0,0,10,0,0,6,6,0,1,0,10,6,0
6210,REST_X10,6210,3,6,0,0,10,0,0,6,6,0,2,0,10,6,0
6211,REST_X10,6211,3,6,0,0,10,0,0,6,6,0,3,0,10,6,0
6212,[X7_X10_GET_resp_2xx],6212,3,6,0,0,10,0,0,3,6,0,0,0,10,6,0
6213,[X4_X7_GET_resp_2xx],6213,3,6,0,0,3,0,0,0,6,0,0,0,10,6,0
6214,[X13_X4_GET_resp_2xx],6214,3,6,0,0,0,0,0,0,6,0,0,0,10,3,0
6215,[X12_X13_GET_resp_2xx],6215,3,6,0,0,0,0,0,0,6,0,0,0,3,0,0
6216,[X8_X12_GET_resp_2xx],6216,3,6,0,0,0,0,0,0,3,0,0,0,0,0,0
6217,[X1_X8_GET_resp_2xx],6217,3,3,0,0,0,0,0,0,0,0,0,0,0,0,0
6218,[X0_X1_GET_resp_2xx],6218,0,0,0,0,0,0,0,0,0,0,0,0,0,0,0
6219,REST_X0,6219,2,0,0,0,0,0,0,0,0,0,0,0,0,0,0
6220,[X0_X1_GET_req],6220,3,1,0,0,0,0,0,0,0,0,0,0,0,0,0
6221,REST_X1,6221,3,2,0,0,0,0,0,0,0,0,0,0,0,0,0
6222,REST_X1,6222,3,9,0,0,0,0,0,0,0,0,0,0,0,0,0
6223,[X1_X14_GET_req],6223,3,10,0,0,0,0,0,0,0,0,0,0,0,0,1
6224,REST_X14,6224,3,10,0,0,0,0,0,0,0,0,0,0,0,0,2
6225,REST_X14,6225,3,10,0,0,0,0,0,0,0,0,0,0,0,0,5
6226,[X14_X6_GET_req],6226,3,10,0,0,0,0,1,0,0,0,0,0,0,0,6
6227,REST_X6,6227,3,10,0,0,0,0,2,0,0,0,0,0,0,0,6
6228,REST_X6,6228,3,10,0,0,0,0,5,0,0,0,0,0,0,0,6
6229,[X6_X5_GET_req],6229,3,10,0,0,0,1,6,0,0,0,0,0,0,0,6
6230,REST_X5,6230,3,10,0,0,0,2,6,0,0,0,0,0,0,0,6
6231,REST_X5,6231,3,10,0,0,0,3,6,0,0,0,0,0,0,0,6
6232,[X6_X5_GET_resp_2xx],6232,3,10,0,0,0,0,3,0,0,0,0,0,0,0,6
6233,[X14_X6_GET_resp_2xx],6233,3,10,0,0,0,0,0,0,0,0,0,0,0,0,3
6234,[X1_X14_GET_resp_2xx],6234,3,3,0,0,0,0,0,0,0,0,0,0,0,0,0
6235,[X0_X1_GET_resp_2xx],6235,0,0,0,0,0,0,0,0,0,0,0,0,0,0,0
6236,REST_X0,6236,2,0,0,0,0,0,0,0,0,0,0,0,0,0,0
6237,[X0_X1_GET_req],6237,3,1,0,0,0,0,0,0,0,0,0,0,0,0,0
6238,REST_X1,6238,3,2,0,0,0,0,0,0,0,0,0,0,0,0,0
6239,REST_X1,6239,3,9,0,0,0,0,0,0,0,0,0,0,0,0,0
6240,[X1_X14_GET_req],6240,3,10,0,0,0,0,0,0,0,0,0,0,0,0,1
6241,REST_X14,6241,3,10,0,0,0,0,0,0,0,0,0,0,0,0,2
6242,REST_X14,6242,3,10,0,0,0,0,0,0,0,0,0,0,0,0,5
6243,[X14_X6_GET_req],6243,3,10,0,0,0,0,1,0,0,0,0,0,0,0,6
6244,REST_X6,6244,3,10,0,0,0,0,2,0,0,0,0,0,0,0,6
6245,REST_X6,6245,3,10,0,0,0,0,5,0,0,0,0,0,0,0,6
6246,[X6_X5_GET_req],6246,3,10,0,0,0,1,6,0,0,0,0,0,0,0,6
6247,REST_X5,6247,3,10,0,0,0,2,6,0,0,0,0,0,0,0,6
6248,REST_X5,6248,3,10,0,0,0,3,6,0,0,0,0,0,0,0,6
6249,[X6_X5_GET_resp_2xx],6249,3,10,0,0,0,0,3,0,0,0,0,0,0,0,6
6250,[X14_X6_GET_resp_2xx],6250,3,10,0,0,0,0,0,0,0,0,0,0,0,0,3
6251,[X1_X14_GET_resp_2xx],6251,3,3,0,0,0,0,0,0,0,0,0,0,0,0,0
6252,[X0_X1_GET_resp_2xx],6252,0,0,0,0,0,0,0,0,0,0,0,0,0,0,0
6253,REST_X0,6253,2,0,0,0,0,0,0,0,0,0,0,0,0,0,0
6254,[X0_X1_GET_req],6254,3,1,0,0,0,0,0,0,0,0,0,0,0,0,0
6255,REST_X1,6255,3,2,0,0,0,0,0,0,0,0,0,0,0,0,0
6256,REST_X1,6256,3,9,0,0,0,0,0,0,0,0,0,0,0,0,0
6257,[X1_X14_GET_req],6257,3,10,0,0,0,0,0,0,0,0,0,0,0,0,1
6258,REST_X14,6258,3,10,0,0,0,0,0,0,0,0,0,0,0,0,2
6259,REST_X14,6259,3,10,0,0,0,0,0,0,0,0,0,0,0,0,5
6260,[X14_X6_GET_req],6260,3,10,0,0,0,0,1,0,0,0,0,0,0,0,6
6261,REST_X6,6261,3,10,0,0,0,0,2,0,0,0,0,0,0,0,6
6262,REST_X6,6262,3,10,0,0,0,0,5,0,0,0,0,0,0,0,6
6263,[X6_X5_GET_req],6263,3,10,0,0,0,1,6,0,0,0,0,0,0,0,6
6264,REST_X5,6264,3,10,0,0,0,2,6,0,0,0,0,0,0,0,6
6265,REST_X5,6265,3,10,0,0,0,3,6,0,0,0,0,0,0,0,6
6266,[X6_X5_GET_resp_2xx],6266,3,10,0,0,0,0,3,0,0,0,0,0,0,0,6
6267,[X14_X6_GET_resp_2xx],6267,3,10,0,0,0,0,0,0,0,0,0,0,0,0,3
6268,[X1_X14_GET_resp_2xx],6268,3,3,0,0,0,0,0,0,0,0,0,0,0,0,0
6269,[X0_X1_GET_resp_2xx],6269,0,0,0,0,0,0,0,0,0,0,0,0,0,0,0
6270,REST_X0,6270,2,0,0,0,0,0,0,0,0,0,0,0,0,0,0
6271,[X0_X1_GET_req],6271,3,1,0,0,0,0,0,0,0,0,0,0,0,0,0
6272,REST_X1,6272,3,2,0,0,0,0,0,0,0,0,0,0,0,0,0
6273,REST_X1,6273,3,5,0,0,0,0,0,0,0,0,0,0,0,0,0
6274,[X1_X8_GET_req],6274,3,6,0,0,0,0,0,0,1,0,0,0,0,0,0
6275,REST_X8,6275,3,6,0,0,0,0,0,0,2,0,0,0,0,0,0
6276,REST_X8,6276,3,6,0,0,0,0,0,0,5,0,0,0,0,0,0
6277,[X8_X12_GET_req],6277,3,6,0,0,0,0,0,0,6,0,0,0,1,0,0
6278,REST_X12,6278,3,6,0,0,0,0,0,0,6,0,0,0,2,0,0
6279,REST_X12,6279,3,6,0,0,0,0,0,0,6,0,0,0,5,0,0
6280,[X12_X3_GET_req],6280,3,6,0,1,0,0,0,0,6,0,0,0,6,0,0
6281,REST_X3,6281,3,6,0,2,0,0,0,0,6,0,0,0,6,0,0
6282,REST_X3,6282,3,6,0,5,0,0,0,0,6,0,0,0,6,0,0
6283,[X3_X9_GET_req],6283,3,6,0,6,0,0,0,0,6,1,0,0,6,0,0
6284,REST_X9,6284,3,6,0,6,0,0,0,0,6,2,0,0,6,0,0
6285,REST_X9,6285,3,6,0,6,0,0,0,0,6,3,0,0,6,0,0
6286,[X3_X9_GET_resp_2xx],6286,3,6,0,3,0,0,0,0,6,0,0,0,6,0,0
6287,[X12_X3_GET_resp_2xx],6287,3,6,0,0,0,0,0,0,6,0,0,0,3,0,0
6288,[X8_X12_GET_resp_2xx],6288,3,6,0,0,0,0,0,0,3,0,0,0,0,0,0
6289,[X1_X8_GET_resp_2xx],6289,3,3,0,0,0,0,0,0,0,0,0,0,0,0,0
6290,[X0_X1_GET_resp_2xx],6290,0,0,0,0,0,0,0,0,0,0,0,0,0,0,0
6291,REST_X0,6291,2,0,0,0,0,0,0,0,0,0,0,0,0,0,0
6292,[X0_X1_GET_req],6292,3,1,0,0,0,0,0,0,0,0,0,0,0,0,0
6293,REST_X1,6293,3,2,0,0,0,0,0,0,0,0,0,0,0,0,0
6294,REST_X1,6294,3,5,0,0,0,0,0,0,0,0,0,0,0,0,0
6295,[X1_X8_GET_req],6295,3,6,0,0,0,0,0,0,1,0,0,0,0,0,0
6296,REST_X8,6296,3,6,0,0,0,0,0,0,2,0,0,0,0,0,0
6297,REST_X8,6297,3,6,0,0,0,0,0,0,5,0,0,0,0,0,0
6298,[X8_X12_GET_req],6298,3,6,0,0,0,0,0,0,6,0,0,0,1,0,0
6299,REST_X12,6299,3,6,0,0,0,0,0,0,6,0,0,0,2,0,0
6300,REST_X12,6300,3,6,0,0,0,0,0,0,6,0,0,0,5,0,0
6301,[X12_X3_GET_req],6301,3,6,0,1,0,0,0,0,6,0,0,0,6,0,0
6302,REST_X3,6302,3,6,0,2,0,0,0,0,6,0,0,0,6,0,0
6303,REST_X3,6303,3,6,0,5,0,0,0,0,6,0,0,0,6,0,0
6304,[X3_X9_GET_req],6304,3,6,0,6,0,0,0,0,6,1,0,0,6,0,0
6305,REST_X9,6305,3,6,0,6,0,0,0,0,6,2,0,0,6,0,0
6306,REST_X9,6306,3,6,0,6,0,0,0,0,6,3,0,0,6,0,0
6307,[X3_X9_GET_resp_2xx],6307,3,6,0,3,0,0,0,0,6,0,0,0,6,0,0
6308,[X12_X3_GET_resp_2xx],6308,3,6,0,0,0,0,0,0,6,0,0,0,3,0,0
6309,[X8_X12_GET_resp_2xx],6309,3,6,0,0,0,0,0,0,3,0,0,0,0,0,0
6310,[X1_X8_GET_resp_2xx],6310,3,3,0,0,0,0,0,0,0,0,0,0,0,0,0
6311,[X0_X1_GET_resp_2xx],6311,0,0,0,0,0,0,0,0,0,0,0,0,0,0,0
6312,REST_X0,6312,2,0,0,0,0,0,0,0,0,0,0,0,0,0,0
6313,[X0_X1_GET_req],6313,3,1,0,0,0,0,0,0,0,0,0,0,0,0,0
6314,REST_X1,6314,3,2,0,0,0,0,0,0,0,0,0,0,0,0,0
6315,REST_X1,6315,3,9,0,0,0,0,0,0,0,0,0,0,0,0,0
6316,[X1_X14_GET_req],6316,3,10,0,0,0,0,0,0,0,0,0,0,0,0,1
6317,REST_X14,6317,3,10,0,0,0,0,0,0,0,0,0,0,0,0,2
6318,REST_X14,6318,3,10,0,0,0,0,0,0,0,0,0,0,0,0,5
6319,[X14_X6_GET_req],6319,3,10,0,0,0,0,1,0,0,0,0,0,0,0,6
6320,REST_X6,6320,3,10,0,0,0,0,2,0,0,0,0,0,0,0,6
6321,REST_X6,6321,3,10,0,0,0,0,5,0,0,0,0,0,0,0,6
6322,[X6_X5_GET_req],6322,3,10,0,0,0,1,6,0,0,0,0,0,0,0,6
6323,REST_X5,6323,3,10,0,0,0,2,6,0,0,0,0,0,0,0,6
6324,REST_X5,6324,3,10,0,0,0,3,6,0,0,0,0,0,0,0,6
6325,[X6_X5_GET_resp_2xx],6325,3,10,0,0,0,0,3,0,0,0,0,0,0,0,6
6326,[X14_X6_GET_resp_2xx],6326,3,10,0,0,0,0,0,0,0,0,0,0,0,0,3
6327,[X1_X14_GET_resp_2xx],6327,3,3,0,0,0,0,0,0,0,0,0,0,0,0,0
6328,[X0_X1_GET_resp_2xx],6328,0,0,0,0,0,0,0,0,0,0,0,0,0,0,0
6329,REST_X0,6329,2,0,0,0,0,0,0,0,0,0,0,0,0,0,0
6330,[X0_X1_GET_req],6330,3,1,0,0,0,0,0,0,0,0,0,0,0,0,0
6331,REST_X1,6331,3,2,0,0,0,0,0,0,0,0,0,0,0,0,0
6332,REST_X1,6332,3,9,0,0,0,0,0,0,0,0,0,0,0,0,0
6333,[X1_X14_GET_req],6333,3,10,0,0,0,0,0,0,0,0,0,0,0,0,1
6334,REST_X14,6334,3,10,0,0,0,0,0,0,0,0,0,0,0,0,2
6335,REST_X14,6335,3,10,0,0,0,0,0,0,0,0,0,0,0,0,5
6336,[X14_X6_GET_req],6336,3,10,0,0,0,0,1,0,0,0,0,0,0,0,6
6337,REST_X6,6337,3,10,0,0,0,0,2,0,0,0,0,0,0,0,6
6338,REST_X6,6338,3,10,0,0,0,0,5,0,0,0,0,0,0,0,6
6339,[X6_X5_GET_req],6339,3,10,0,0,0,1,6,0,0,0,0,0,0,0,6
6340,REST_X5,6340,3,10,0,0,0,2,6,0,0,0,0,0,0,0,6
6341,REST_X5,6341,3,10,0,0,0,4,6,0,0,0,0,0,0,0,6
6342,[X6_X5_GET_resp_5xx],6342,3,10,0,0,0,0,7,0,0,0,0,0,0,0,6
6343,[X6_X5_GET_req],6343,3,10,0,0,0,1,8,0,0,0,0,0,0,0,6
6344,REST_X5,6344,3,10,0,0,0,2,8,0,0,0,0,0,0,0,6
6345,REST_X5,6345,3,10,0,0,0,4,8,0,0,0,0,0,0,0,6
6346,[X6_X5_GET_resp_5xx],6346,3,10,0,0,0,0,4,0,0,0,0,0,0,0,6
6347,[X14_X6_GET_resp_5xx],6347,3,10,0,0,0,0,0,0,0,0,0,0,0,0,7
6348,[X14_X6_GET_req],6348,3,10,0,0,0,0,1,0,0,0,0,0,0,0,8
6349,REST_X6,6349,3,10,0,0,0,0,2,0,0,0,0,0,0,0,8
6350,REST_X6,6350,3,10,0,0,0,0,5,0,0,0,0,0,0,0,8
6351,[X6_X5_GET_req],6351,3,10,0,0,0,1,6,0,0,0,0,0,0,0,8
6352,REST_X5,6352,3,10,0,0,0,2,6,0,0,0,0,0,0,0,8
6353,REST_X5,6353,3,10,0,0,0,3,6,0,0,0,0,0,0,0,8
6354,[X6_X5_GET_resp_2xx],6354,3,10,0,0,0,0,3,0,0,0,0,0,0,0,8
6355,[X14_X6_GET_resp_2xx],6355,3,10,0,0,0,0,0,0,0,0,0,0,0,0,3
6356,[X1_X14_GET_resp_2xx],6356,3,3,0,0,0,0,0,0,0,0,0,0,0,0,0
6357,[X0_X1_GET_resp_2xx],6357,0,0,0,0,0,0,0,0,0,0,0,0,0,0,0
6358,REST_X0,6358,2,0,0,0,0,0,0,0,0,0,0,0,0,0,0
6359,[X0_X1_GET_req],6359,3,1,0,0,0,0,0,0,0,0,0,0,0,0,0
6360,REST_X1,6360,3,2,0,0,0,0,0,0,0,0,0,0,0,0,0
6361,REST_X1,6361,3,9,0,0,0,0,0,0,0,0,0,0,0,0,0
6362,[X1_X14_GET_req],6362,3,10,0,0,0,0,0,0,0,0,0,0,0,0,1
6363,REST_X14,6363,3,10,0,0,0,0,0,0,0,0,0,0,0,0,2
6364,REST_X14,6364,3,10,0,0,0,0,0,0,0,0,0,0,0,0,5
6365,[X14_X6_GET_req],6365,3,10,0,0,0,0,1,0,0,0,0,0,0,0,6
6366,REST_X6,6366,3,10,0,0,0,0,2,0,0,0,0,0,0,0,6
6367,REST_X6,6367,3,10,0,0,0,0,5,0,0,0,0,0,0,0,6
6368,[X6_X5_GET_req],6368,3,10,0,0,0,1,6,0,0,0,0,0,0,0,6
6369,REST_X5,6369,3,10,0,0,0,2,6,0,0,0,0,0,0,0,6
6370,REST_X5,6370,3,10,0,0,0,3,6,0,0,0,0,0,0,0,6
6371,[X6_X5_GET_resp_2xx],6371,3,10,0,0,0,0,3,0,0,0,0,0,0,0,6
6372,[X14_X6_GET_resp_2xx],6372,3,10,0,0,0,0,0,0,0,0,0,0,0,0,3
6373,[X1_X14_GET_resp_2xx],6373,3,3,0,0,0,0,0,0,0,0,0,0,0,0,0
6374,[X0_X1_GET_resp_2xx],6374,0,0,0,0,0,0,0,0,0,0,0,0,0,0,0
6375,REST_X0,6375,2,0,0,0,0,0,0,0,0,0,0,0,0,0,0
6376,[X0_X1_GET_req],6376,3,1,0,0,0,0,0,0,0,0,0,0,0,0,0
6377,REST_X1,6377,3,2,0,0,0,0,0,0,0,0,0,0,0,0,0
6378,REST_X1,6378,3,9,0,0,0,0,0,0,0,0,0,0,0,0,0
6379,[X1_X14_GET_req],6379,3,10,0,0,0,0,0,0,0,0,0,0,0,0,1
6380,REST_X14,6380,3,10,0,0,0,0,0,0,0,0,0,0,0,0,2
6381,REST_X14,6381,3,10,0,0,0,0,0,0,0,0,0,0,0,0,5
6382,[X14_X6_GET_req],6382,3,10,0,0,0,0,1,0,0,0,0,0,0,0,6
6383,REST_X6,6383,3,10,0,0,0,0,2,0,0,0,0,0,0,0,6
6384,REST_X6,6384,3,10,0,0,0,0,5,0,0,0,0,0,0,0,6
6385,[X6_X5_GET_req],6385,3,10,0,0,0,1,6,0,0,0,0,0,0,0,6
6386,REST_X5,6386,3,10,0,0,0,2,6,0,0,0,0,0,0,0,6
6387,REST_X5,6387,3,10,0,0,0,3,6,0,0,0,0,0,0,0,6
6388,[X6_X5_GET_resp_2xx],6388,3,10,0,0,0,0,3,0,0,0,0,0,0,0,6
6389,[X14_X6_GET_resp_2xx],6389,3,10,0,0,0,0,0,0,0,0,0,0,0,0,3
6390,[X1_X14_GET_resp_2xx],6390,3,3,0,0,0,0,0,0,0,0,0,0,0,0,0
6391,[X0_X1_GET_resp_2xx],6391,0,0,0,0,0,0,0,0,0,0,0,0,0,0,0
6392,REST_X0,6392,2,0,0,0,0,0,0,0,0,0,0,0,0,0,0
6393,[X0_X1_GET_req],6393,3,1,0,0,0,0,0,0,0,0,0,0,0,0,0
6394,REST_X1,6394,3,2,0,0,0,0,0,0,0,0,0,0,0,0,0
6395,REST_X1,6395,3,5,0,0,0,0,0,0,0,0,0,0,0,0,0
6396,[X1_X8_GET_req],6396,3,6,0,0,0,0,0,0,1,0,0,0,0,0,0
6397,REST_X8,6397,3,6,0,0,0,0,0,0,2,0,0,0,0,0,0
6398,REST_X8,6398,3,6,0,0,0,0,0,0,5,0,0,0,0,0,0
6399,[X8_X12_GET_req],6399,3,6,0,0,0,0,0,0,6,0,0,0,1,0,0
6400,REST_X12,6400,3,6,0,0,0,0,0,0,6,0,0,0,2,0,0
6401,REST_X12,6401,3,6,0,0,0,0,0,0,6,0,0,0,5,0,0
6402,[X12_X3_GET_req],6402,3,6,0,1,0,0,0,0,6,0,0,0,6,0,0
6403,REST_X3,6403,3,6,0,2,0,0,0,0,6,0,0,0,6,0,0
6404,REST_X3,6404,3,6,0,5,0,0,0,0,6,0,0,0,6,0,0
6405,[X3_X9_GET_req],6405,3,6,0,6,0,0,0,0,6,1,0,0,6,0,0
6406,REST_X9,6406,3,6,0,6,0,0,0,0,6,2,0,0,6,0,0
6407,REST_X9,6407,3,6,0,6,0,0,0,0,6,3,0,0,6,0,0
6408,[X3_X9_GET_resp_2xx],6408,3,6,0,3,0,0,0,0,6,0,0,0,6,0,0
6409,[X12_X3_GET_resp_2xx],6409,3,6,0,0,0,0,0,0,6,0,0,0,3,0,0
6410,[X8_X12_GET_resp_2xx],6410,3,6,0,0,0,0,0,0,3,0,0,0,0,0,0
6411,[X1_X8_GET_resp_2xx],6411,3,3,0,0,0,0,0,0,0,0,0,0,0,0,0
6412,[X0_X1_GET_resp_2xx],6412,0,0,0,0,0,0,0,0,0,0,0,0,0,0,0
6413,REST_X0,6413,2,0,0,0,0,0,0,0,0,0,0,0,0,0,0
6414,[X0_X1_GET_req],6414,3,1,0,0,0,0,0,0,0,0,0,0,0,0,0
6415,REST_X1,6415,3,2,0,0,0,0,0,0,0,0,0,0,0,0,0
6416,REST_X1,6416,3,5,0,0,0,0,0,0,0,0,0,0,0,0,0
6417,[X1_X8_GET_req],6417,3,6,0,0,0,0,0,0,1,0,0,0,0,0,0
6418,REST_X8,6418,3,6,0,0,0,0,0,0,2,0,0,0,0,0,0
6419,REST_X8,6419,3,6,0,0,0,0,0,0,5,0,0,0,0,0,0
6420,[X8_X12_GET_req],6420,3,6,0,0,0,0,0,0,6,0,0,0,1,0,0
6421,REST_X12,6421,3,6,0,0,0,0,0,0,6,0,0,0,2,0,0
6422,REST_X12,6422,3,6,0,0,0,0,0,0,6,0,0,0,9,0,0
6423,[X12_X13_GET_req],6423,3,6,0,0,0,0,0,0,6,0,0,0,10,1,0
6424,REST_X13,6424,3,6,0,0,0,0,0,0,6,0,0,0,10,2,0
6425,REST_X13,6425,3,6,0,0,0,0,0,0,6,0,0,0,10,5,0
6426,[X13_X4_GET_req],6426,3,6,0,0,1,0,0,0,6,0,0,0,10,6,0
6427,REST_X4,6427,3,6,0,0,2,0,0,0,6,0,0,0,10,6,0
6428,REST_X4,6428,3,6,0,0,5,0,0,0,6,0,0,0,10,6,0
6429,[X4_X2_GET_req],6429,3,6,1,0,6,0,0,0,6,0,0,0,10,6,0
6430,REST_X2,6430,3,6,2,0,6,0,0,0,6,0,0,0,10,6,0
6431,REST_X2,6431,3,6,3,0,6,0,0,0,6,0,0,0,10,6,0
6432,[X4_X2_GET_resp_2xx],6432,3,6,0,0,3,0,0,0,6,0,0,0,10,6,0
6433,[X13_X4_GET_resp_2xx],6433,3,6,0,0,0,0,0,0,6,0,0,0,10,3,0
6434,[X12_X13_GET_resp_2xx],6434,3,6,0,0,0,0,0,0,6,0,0,0,3,0,0
6435,[X8_X12_GET_resp_2xx],6435,3,6,0,0,0,0,0,0,3,0,0,0,0,0,0
6436,[X1_X8_GET_resp_2xx],6436,3,3,0,0,0,0,0,0,0,0,0,0,0,0,0
6437,[X0_X1_GET_resp_2xx],6437,0,0,0,0,0,0,0,0,0,0,0,0,0,0,0
6438,REST_X0,6438,2,0,0,0,0,0,0,0,0,0,0,0,0,0,0
6439,[X0_X1_GET_req],6439,3,1,0,0,0,0,0,0,0,0,0,0,0,0,0
6440,REST_X1,6440,3,2,0,0,0,0,0,0,0,0,0,0,0,0,0
6441,REST_X1,6441,3,9,0,0,0,0,0,0,0,0,0,0,0,0,0
6442,[X1_X14_GET_req],6442,3,10,0,0,0,0,0,0,0,0,0,0,0,0,1
6443,REST_X14,6443,3,10,0,0,0,0,0,0,0,0,0,0,0,0,2
6444,REST_X14,6444,3,10,0,0,0,0,0,0,0,0,0,0,0,0,5
6445,[X14_X6_GET_req],6445,3,10,0,0,0,0,1,0,0,0,0,0,0,0,6
6446,REST_X6,6446,3,10,0,0,0,0,2,0,0,0,0,0,0,0,6
6447,REST_X6,6447,3,10,0,0,0,0,5,0,0,0,0,0,0,0,6
6448,[X6_X5_GET_req],6448,3,10,0,0,0,1,6,0,0,0,0,0,0,0,6
6449,REST_X5,6449,3,10,0,0,0,2,6,0,0,0,0,0,0,0,6
6450,REST_X5,6450,3,10,0,0,0,3,6,0,0,0,0,0,0,0,6
6451,[X6_X5_GET_resp_2xx],6451,3,10,0,0,0,0,3,0,0,0,0,0,0,0,6
6452,[X14_X6_GET_resp_2xx],6452,3,10,0,0,0,0,0,0,0,0,0,0,0,0,3
6453,[X1_X14_GET_resp_2xx],6453,3,3,0,0,0,0,0,0,0,0,0,0,0,0,0
6454,[X0_X1_GET_resp_2xx],6454,0,0,0,0,0,0,0,0,0,0,0,0,0,0,0
6455,REST_X0,6455,2,0,0,0,0,0,0,0,0,0,0,0,0,0,0
6456,[X0_X1_GET_req],6456,3,1,0,0,0,0,0,0,0,0,0,0,0,0,0
6457,REST_X1,6457,3,2,0,0,0,0,0,0,0,0,0,0,0,0,0
6458,REST_X1,6458,3,5,0,0,0,0,0,0,0,0,0,0,0,0,0
6459,[X1_X8_GET_req],6459,3,6,0,0,0,0,0,0,1,0,0,0,0,0,0
6460,REST_X8,6460,3,6,0,0,0,0,0,0,2,0,0,0,0,0,0
6461,REST_X8,6461,3,6,0,0,0,0,0,0,5,0,0,0,0,0,0
6462,[X8_X12_GET_req],6462,3,6,0,0,0,0,0,0,6,0,0,0,1,0,0
6463,REST_X12,6463,3,6,0,0,0,0,0,0,6,0,0,0,2,0,0
6464,REST_X12,6464,3,6,0,0,0,0,0,0,6,0,0,0,5,0,0
6465,[X12_X3_GET_req],6465,3,6,0,1,0,0,0,0,6,0,0,0,6,0,0
6466,REST_X3,6466,3,6,0,2,0,0,0,0,6,0,0,0,6,0,0
6467,REST_X3,6467,3,6,0,5,0,0,0,0,6,0,0,0,6,0,0
6468,[X3_X9_GET_req],6468,3,6,0,6,0,0,0,0,6,1,0,0,6,0,0
6469,REST_X9,6469,3,6,0,6,0,0,0,0,6,2,0,0,6,0,0
6470,REST_X9,6470,3,6,0,6,0,0,0,0,6,3,0,0,6,0,0
6471,[X3_X9_GET_resp_2xx],6471,3,6,0,3,0,0,0,0,6,0,0,0,6,0,0
6472,[X12_X3_GET_resp_2xx],6472,3,6,0,0,0,0,0,0,6,0,0,0,3,0,0
6473,[X8_X12_GET_resp_2xx],6473,3,6,0,0,0,0,0,0,3,0,0,0,0,0,0
6474,[X1_X8_GET_resp_2xx],6474,3,3,0,0,0,0,0,0,0,0,0,0,0,0,0
6475,[X0_X1_GET_resp_2xx],6475,0,0,0,0,0,0,0,0,0,0,0,0,0,0,0
6476,REST_X0,6476,2,0,0,0,0,0,0,0,0,0,0,0,0,0,0
6477,[X0_X1_GET_req],6477,3,1,0,0,0,0,0,0,0,0,0,0,0,0,0
6478,REST_X1,6478,3,2,0,0,0,0,0,0,0,0,0,0,0,0,0
6479,REST_X1,6479,3,5,0,0,0,0,0,0,0,0,0,0,0,0,0
6480,[X1_X8_GET_req],6480,3,6,0,0,0,0,0,0,1,0,0,0,0,0,0
6481,REST_X8,6481,3,6,0,0,0,0,0,0,2,0,0,0,0,0,0
6482,REST_X8,6482,3,6,0,0,0,0,0,0,5,0,0,0,0,0,0
6483,[X8_X12_GET_req],6483,3,6,0,0,0,0,0,0,6,0,0,0,1,0,0
6484,REST_X12,6484,3,6,0,0,0,0,0,0,6,0,0,0,2,0,0
6485,REST_X12,6485,3,6,0,0,0,0,0,0,6,0,0,0,9,0,0
6486,[X12_X13_GET_req],6486,3,6,0,0,0,0,0,0,6,0,0,0,10,1,0
6487,REST_X13,6487,3,6,0,0,0,0,0,0,6,0,0,0,10,2,0
6488,REST_X13,6488,3,6,0,0,0,0,0,0,6,0,0,0,10,5,0
6489,[X13_X4_GET_req],6489,3,6,0,0,1,0,0,0,6,0,0,0,10,6,0
6490,REST_X4,6490,3,6,0,0,2,0,0,0,6,0,0,0,10,6,0
6491,REST_X4,6491,3,6,0,0,5,0,0,0,6,0,0,0,10,6,0
6492,[X4_X2_GET_req],6492,3,6,1,0,6,0,0,0,6,0,0,0,10,6,0
6493,REST_X2,6493,3,6,2,0,6,0,0,0,6,0,0,0,10,6,0
6494,REST_X2,6494,3,6,3,0,6,0,0,0,6,0,0,0,10,6,0
6495,[X4_X2_GET_resp_2xx],6495,3,6,0,0,3,0,0,0,6,0,0,0,10,6,0
6496,[X13_X4_GET_resp_2xx],6496,3,6,0,0,0,0,0,0,6,0,0,0,10,3,0
6497,[X12_X13_GET_resp_2xx],6497,3,6,0,0,0,0,0,0,6,0,0,0,3,0,0
6498,[X8_X12_GET_resp_2xx],6498,3,6,0,0,0,0,0,0,3,0,0,0,0,0,0
6499,[X1_X8_GET_resp_2xx],6499,3,3,0,0,0,0,0,0,0,0,0,0,0,0,0
6500,[X0_X1_GET_resp_2xx],6500,0,0,0,0,0,0,0,0,0,0,0,0,0,0,0
6501,REST_X0,6501,2,0,0,0,0,0,0,0,0,0,0,0,0,0,0
6502,[X0_X1_GET_req],6502,3,1,0,0,0,0,0,0,0,0,0,0,0,0,0
6503,REST_X1,6503,3,2,0,0,0,0,0,0,0,0,0,0,0,0,0
6504,REST_X1,6504,3,5,0,0,0,0,0,0,0,0,0,0,0,0,0
6505,[X1_X8_GET_req],6505,3,6,0,0,0,0,0,0,1,0,0,0,0,0,0
6506,REST_X8,6506,3,6,0,0,0,0,0,0,2,0,0,0,0,0,0
6507,REST_X8,6507,3,6,0,0,0,0,0,0,5,0,0,0,0,0,0
6508,[X8_X12_GET_req],6508,3,6,0,0,0,0,0,0,6,0,0,0,1,0,0
6509,REST_X12,6509,3,6,0,0,0,0,0,0,6,0,0,0,2,0,0
6510,REST_X12,6510,3,6,0,0,0,0,0,0,6,0,0,0,9,0,0
6511,[X12_X13_GET_req],6511,3,6,0,0,0,0,0,0,6,0,0,0,10,1,0
6512,REST_X13,6512,3,6,0,0,0,0,0,0,6,0,0,0,10,2,0
6513,REST_X13,6513,3,6,0,0,0,0,0,0,6,0,0,0,10,5,0
6514,[X13_X4_GET_req],6514,3,6,0,0,1,0,0,0,6,0,0,0,10,6,0
6515,REST_X4,6515,3,6,0,0,2,0,0,0,6,0,0,0,10,6,0
6516,REST_X4,6516,3,6,0,0,5,0,0,0,6,0,0,0,10,6,0
6517,[X4_X2_GET_req],6517,3,6,1,0,6,0,0,0,6,0,0,0,10,6,0
6518,REST_X2,6518,3,6,2,0,6,0,0,0,6,0,0,0,10,6,0
6519,REST_X2,6519,3,6,3,0,6,0,0,0,6,0,0,0,10,6,0
6520,[X4_X2_GET_resp_2xx],6520,3,6,0,0,3,0,0,0,6,0,0,0,10,6,0
6521,[X13_X4_GET_resp_2xx],6521,3,6,0,0,0,0,0,0,6,0,0,0,10,3,0
6522,[X12_X13_GET_resp_2xx],6522,3,6,0,0,0,0,0,0,6,0,0,0,3,0,0
6523,[X8_X12_GET_resp_2xx],6523,3,6,0,0,0,0,0,0,3,0,0,0,0,0,0
6524,[X1_X8_GET_resp_2xx],6524,3,3,0,0,0,0,0,0,0,0,0,0,0,0,0
6525,[X0_X1_GET_resp_2xx],6525,0,0,0,0,0,0,0,0,0,0,0,0,0,0,0
6526,REST_X0,6526,2,0,0,0,0,0,0,0,0,0,0,0,0,0,0
6527,[X0_X1_GET_req],6527,3,1,0,0,0,0,0,0,0,0,0,0,0,0,0
6528,REST_X1,6528,3,2,0,0,0,0,0,0,0,0,0,0,0,0,0
6529,REST_X1,6529,3,9,0,0,0,0,0,0,0,0,0,0,0,0,0
6530,[X1_X14_GET_req],6530,3,10,0,0,0,0,0,0,0,0,0,0,0,0,1
6531,REST_X14,6531,3,10,0,0,0,0,0,0,0,0,0,0,0,0,2
6532,REST_X14,6532,3,10,0,0,0,0,0,0,0,0,0,0,0,0,5
6533,[X14_X6_GET_req],6533,3,10,0,0,0,0,1,0,0,0,0,0,0,0,6
6534,REST_X6,6534,3,10,0,0,0,0,2,0,0,0,0,0,0,0,6
6535,REST_X6,6535,3,10,0,0,0,0,5,0,0,0,0,0,0,0,6
6536,[X6_X5_GET_req],6536,3,10,0,0,0,1,6,0,0,0,0,0,0,0,6
6537,REST_X5,6537,3,10,0,0,0,2,6,0,0,0,0,0,0,0,6
6538,REST_X5,6538,3,10,0,0,0,3,6,0,0,0,0,0,0,0,6
6539,[X6_X5_GET_resp_2xx],6539,3,10,0,0,0,0,3,0,0,0,0,0,0,0,6
6540,[X14_X6_GET_resp_2xx],6540,3,10,0,0,0,0,0,0,0,0,0,0,0,0,3
6541,[X1_X14_GET_resp_2xx],6541,3,3,0,0,0,0,0,0,0,0,0,0,0,0,0
6542,[X0_X1_GET_resp_2xx],6542,0,0,0,0,0,0,0,0,0,0,0,0,0,0,0
6543,REST_X0,6543,2,0,0,0,0,0,0,0,0,0,0,0,0,0,0
6544,[X0_X1_GET_req],6544,3,1,0,0,0,0,0,0,0,0,0,0,0,0,0
6545,REST_X1,6545,3,2,0,0,0,0,0,0,0,0,0,0,0,0,0
6546,REST_X1,6546,3,9,0,0,0,0,0,0,0,0,0,0,0,0,0
6547,[X1_X14_GET_req],6547,3,10,0,0,0,0,0,0,0,0,0,0,0,0,1
6548,REST_X14,6548,3,10,0,0,0,0,0,0,0,0,0,0,0,0,2
6549,REST_X14,6549,3,10,0,0,0,0,0,0,0,0,0,0,0,0,5
6550,[X14_X6_GET_req],6550,3,10,0,0,0,0,1,0,0,0,0,0,0,0,6
6551,REST_X6,6551,3,10,0,0,0,0,2,0,0,0,0,0,0,0,6
6552,REST_X6,6552,3,10,0,0,0,0,5,0,0,0,0,0,0,0,6
6553,[X6_X5_GET_req],6553,3,10,0,0,0,1,6,0,0,0,0,0,0,0,6
6554,REST_X5,6554,3,10,0,0,0,2,6,0,0,0,0,0,0,0,6
6555,REST_X5,6555,3,10,0,0,0,3,6,0,0,0,0,0,0,0,6
6556,[X6_X5_GET_resp_2xx],6556,3,10,0,0,0,0,3,0,0,0,0,0,0,0,6
6557,[X14_X6_GET_resp_2xx],6557,3,10,0,0,0,0,0,0,0,0,0,0,0,0,3
6558,[X1_X14_GET_resp_2xx],6558,3,3,0,0,0,0,0,0,0,0,0,0,0,0,0
6559,[X0_X1_GET_resp_2xx],6559,0,0,0,0,0,0,0,0,0,0,0,0,0,0,0
6560,REST_X0,6560,2,0,0,0,0,0,0,0,0,0,0,0,0,0,0
6561,[X0_X1_GET_req],6561,3,1,0,0,0,0,0,0,0,0,0,0,0,0,0
6562,REST_X1,6562,3,2,0,0,0,0,0,0,0,0,0,0,0,0,0
6563,REST_X1,6563,3,9,0,0,0,0,0,0,0,0,0,0,0,0,0
6564,[X1_X14_GET_req],6564,3,10,0,0,0,0,0,0,0,0,0,0,0,0,1
6565,REST_X14,6565,3,10,0,0,0,0,0,0,0,0,0,0,0,0,2
6566,REST_X14,6566,3,10,0,0,0,0,0,0,0,0,0,0,0,0,5
6567,[X14_X6_GET_req],6567,3,10,0,0,0,0,1,0,0,0,0,0,0,0,6
6568,REST_X6,6568,3,10,0,0,0,0,2,0,0,0,0,0,0,0,6
6569,REST_X6,6569,3,10,0,0,0,0,5,0,0,0,0,0,0,0,6
6570,[X6_X5_GET_req],6570,3,10,0,0,0,1,6,0,0,0,0,0,0,0,6
6571,REST_X5,6571,3,10,0,0,0,2,6,0,0,0,0,0,0,0,6
6572,REST_X5,6572,3,10,0,0,0,3,6,0,0,0,0,0,0,0,6
6573,[X6_X5_GET_resp_2xx],6573,3,10,0,0,0,0,3,0,0,0,0,0,0,0,6
6574,[X14_X6_GET_resp_2xx],6574,3,10,0,0,0,0,0,0,0,0,0,0,0,0,3
6575,[X1_X14_GET_resp_2xx],6575,3,3,0,0,0,0,0,0,0,0,0,0,0,0,0
6576,[X0_X1_GET_resp_2xx],6576,0,0,0,0,0,0,0,0,0,0,0,0,0,0,0
6577,REST_X0,6577,2,0,0,0,0,0,0,0,0,0,0,0,0,0,0
6578,[X0_X1_GET_req],6578,3,1,0,0,0,0,0,0,0,0,0,0,0,0,0
6579,REST_X1,6579,3,2,0,0,0,0,0,0,0,0,0,0,0,0,0
6580,REST_X1,6580,3,9,0,0,0,0,0,0,0,0,0,0,0,0,0
6581,[X1_X14_GET_req],6581,3,10,0,0,0,0,0,0,0,0,0,0,0,0,1
6582,REST_X14,6582,3,10,0,0,0,0,0,0,0,0,0,0,0,0,2
6583,REST_X14,6583,3,10,0,0,0,0,0,0,0,0,0,0,0,0,5
6584,[X14_X6_GET_req],6584,3,10,0,0,0,0,1,0,0,0,0,0,0,0,6
6585,REST_X6,6585,3,10,0,0,0,0,2,0,0,0,0,0,0,0,6
6586,REST_X6,6586,3,10,0,0,0,0,5,0,0,0,0,0,0,0,6
6587,[X6_X5_GET_req],6587,3,10,0,0,0,1,6,0,0,0,0,0,0,0,6
6588,REST_X5,6588,3,10,0,0,0,2,6,0,0,0,0,0,0,0,6
6589,REST_X5,6589,3,10,0,0,0,3,6,0,0,0,0,0,0,0,6
6590,[X6_X5_GET_resp_2xx],6590,3,10,0,0,0,0,3,0,0,0,0,0,0,0,6
6591,[X14_X6_GET_resp_2xx],6591,3,10,0,0,0,0,0,0,0,0,0,0,0,0,3
6592,[X1_X14_GET_resp_2xx],6592,3,3,0,0,0,0,0,0,0,0,0,0,0,0,0
6593,[X0_X1_GET_resp_2xx],6593,0,0,0,0,0,0,0,0,0,0,0,0,0,0,0
6594,REST_X0,6594,2,0,0,0,0,0,0,0,0,0,0,0,0,0,0
6595,[X0_X1_GET_req],6595,3,1,0,0,0,0,0,0,0,0,0,0,0,0,0
6596,REST_X1,6596,3,2,0,0,0,0,0,0,0,0,0,0,0,0,0
6597,REST_X1,6597,3,9,0,0,0,0,0,0,0,0,0,0,0,0,0
6598,[X1_X14_GET_req],6598,3,10,0,0,0,0,0,0,0,0,0,0,0,0,1
6599,REST_X14,6599,3,10,0,0,0,0,0,0,0,0,0,0,0,0,2
6600,REST_X14,6600,3,10,0,0,0,0,0,0,0,0,0,0,0,0,5
6601,[X14_X6_GET_req],6601,3,10,0,0,0,0,1,0,0,0,0,0,0,0,6
6602,REST_X6,6602,3,10,0,0,0,0,2,0,0,0,0,0,0,0,6
6603,REST_X6,6603,3,10,0,0,0,0,5,0,0,0,0,0,0,0,6
6604,[X6_X5_GET_req],6604,3,10,0,0,0,1,6,0,0,0,0,0,0,0,6
6605,REST_X5,6605,3,10,0,0,0,2,6,0,0,0,0,0,0,0,6
6606,REST_X5,6606,3,10,0,0,0,3,6,0,0,0,0,0,0,0,6
6607,[X6_X5_GET_resp_2xx],6607,3,10,0,0,0,0,3,0,0,0,0,0,0,0,6
6608,[X14_X6_GET_resp_2xx],6608,3,10,0,0,0,0,0,0,0,0,0,0,0,0,3
6609,[X1_X14_GET_resp_2xx],6609,3,3,0,0,0,0,0,0,0,0,0,0,0,0,0
6610,[X0_X1_GET_resp_2xx],6610,0,0,0,0,0,0,0,0,0,0,0,0,0,0,0
6611,REST_X0,6611,2,0,0,0,0,0,0,0,0,0,0,0,0,0,0
6612,[X0_X1_GET_req],6612,3,1,0,0,0,0,0,0,0,0,0,0,0,0,0
6613,REST_X1,6613,3,2,0,0,0,0,0,0,0,0,0,0,0,0,0
6614,REST_X1,6614,3,5,0,0,0,0,0,0,0,0,0,0,0,0,0
6615,[X1_X8_GET_req],6615,3,6,0,0,0,0,0,0,1,0,0,0,0,0,0
6616,REST_X8,6616,3,6,0,0,0,0,0,0,2,0,0,0,0,0,0
6617,REST_X8,6617,3,6,0,0,0,0,0,0,5,0,0,0,0,0,0
6618,[X8_X12_GET_req],6618,3,6,0,0,0,0,0,0,6,0,0,0,1,0,0
6619,REST_X12,6619,3,6,0,0,0,0,0,0,6,0,0,0,2,0,0
6620,REST_X12,6620,3,6,0,0,0,0,0,0,6,0,0,0,5,0,0
6621,[X12_X3_GET_req],6621,3,6,0,1,0,0,0,0,6,0,0,0,6,0,0
6622,REST_X3,6622,3,6,0,2,0,0,0,0,6,0,0,0,6,0,0
6623,REST_X3,6623,3,6,0,5,0,0,0,0,6,0,0,0,6,0,0
6624,[X3_X9_GET_req],6624,3,6,0,6,0,0,0,0,6,1,0,0,6,0,0
6625,REST_X9,6625,3,6,0,6,0,0,0,0,6,2,0,0,6,0,0
6626,REST_X9,6626,3,6,0,6,0,0,0,0,6,3,0,0,6,0,0
6627,[X3_X9_GET_resp_2xx],6627,3,6,0,3,0,0,0,0,6,0,0,0,6,0,0
6628,[X12_X3_GET_resp_2xx],6628,3,6,0,0,0,0,0,0,6,0,0,0,3,0,0
6629,[X8_X12_GET_resp_2xx],6629,3,6,0,0,0,0,0,0,3,0,0,0,0,0,0
6630,[X1_X8_GET_resp_2xx],6630,3,3,0,0,0,0,0,0,0,0,0,0,0,0,0
6631,[X0_X1_GET_resp_2xx],6631,0,0,0,0,0,0,0,0,0,0,0,0,0,0,0
6632,REST_X0,6632,2,0,0,0,0,0,0,0,0,0,0,0,0,0,0
6633,[X0_X1_GET_req],6633,3,1,0,0,0,0,0,0,0,0,0,0,0,0,0
6634,REST_X1,6634,3,2,0,0,0,0,0,0,0,0,0,0,0,0,0
6635,REST_X1,6635,3,5,0,0,0,0,0,0,0,0,0,0,0,0,0
6636,[X1_X8_GET_req],6636,3,6,0,0,0,0,0,0,1,0,0,0,0,0,0
6637,REST_X8,6637,3,6,0,0,0,0,0,0,2,0,0,0,0,0,0
6638,REST_X8,6638,3,6,0,0,0,0,0,0,5,0,0,0,0,0,0
6639,[X8_X12_GET_req],6639,3,6,0,0,0,0,0,0,6,0,0,0,1,0,0
6640,REST_X12,6640,3,6,0,0,0,0,0,0,6,0,0,0,2,0,0
6641,REST_X12,6641,3,6,0,0,0,0,0,0,6,0,0,0,5,0,0
6642,[X12_X3_GET_req],6642,3,6,0,1,0,0,0,0,6,0,0,0,6,0,0
6643,REST_X3,6643,3,6,0,2,0,0,0,0,6,0,0,0,6,0,0
6644,REST_X3,6644,3,6,0,5,0,0,0,0,6,0,0,0,6,0,0
6645,[X3_X9_GET_req],6645,3,6,0,6,0,0,0,0,6,1,0,0,6,0,0
6646,REST_X9,6646,3,6,0,6,0,0,0,0,6,2,0,0,6,0,0
6647,REST_X9,6647,3,6,0,6,0,0,0,0,6,3,0,0,6,0,0
6648,[X3_X9_GET_resp_2xx],6648,3,6,0,3,0,0,0,0,6,0,0,0,6,0,0
6649,[X12_X3_GET_resp_2xx],6649,3,6,0,0,0,0,0,0,6,0,0,0,3,0,0
6650,[X8_X12_GET_resp_2xx],6650,3,6,0,0,0,0,0,0,3,0,0,0,0,0,0
6651,[X1_X8_GET_resp_2xx],6651,3,3,0,0,0,0,0,0,0,0,0,0,0,0,0
6652,[X0_X1_GET_resp_2xx],6652,0,0,0,0,0,0,0,0,0,0,0,0,0,0,0
6653,REST_X0,6653,2,0,0,0,0,0,0,0,0,0,0,0,0,0,0
6654,[X0_X1_GET_req],6654,3,1,0,0,0,0,0,0,0,0,0,0,0,0,0
6655,REST_X1,6655,3,2,0,0,0,0,0,0,0,0,0,0,0,0,0
6656,REST_X1,6656,3,9,0,0,0,0,0,0,0,0,0,0,0,0,0
6657,[X1_X14_GET_req],6657,3,10,0,0,0,0,0,0,0,0,0,0,0,0,1
6658,REST_X14,6658,3,10,0,0,0,0,0,0,0,0,0,0,0,0,2
6659,REST_X14,6659,3,10,0,0,0,0,0,0,0,0,0,0,0,0,5
6660,[X14_X6_GET_req],6660,3,10,0,0,0,0,1,0,0,0,0,0,0,0,6
6661,REST_X6,6661,3,10,0,0,0,0,2,0,0,0,0,0,0,0,6
6662,REST_X6,6662,3,10,0,0,0,0,5,0,0,0,0,0,0,0,6
6663,[X6_X5_GET_req],6663,3,10,0,0,0,1,6,0,0,0,0,0,0,0,6
6664,REST_X5,6664,3,10,0,0,0,2,6,0,0,0,0,0,0,0,6
6665,REST_X5,6665,3,10,0,0,0,3,6,0,0,0,0,0,0,0,6
6666,[X6_X5_GET_resp_2xx],6666,3,10,0,0,0,0,3,0,0,0,0,0,0,0,6
6667,[X14_X6_GET_resp_2xx],6667,3,10,0,0,0,0,0,0,0,0,0,0,0,0,3
6668,[X1_X14_GET_resp_2xx],6668,3,3,0,0,0,0,0,0,0,0,0,0,0,0,0
6669,[X0_X1_GET_resp_2xx],6669,0,0,0,0,0,0,0,0,0,0,0,0,0,0,0
6670,REST_X0,6670,2,0,0,0,0,0,0,0,0,0,0,0,0,0,0
6671,[X0_X1_GET_req],6671,3,1,0,0,0,0,0,0,0,0,0,0,0,0,0
6672,REST_X1,6672,3,2,0,0,0,0,0,0,0,0,0,0,0,0,0
6673,REST_X1,6673,3,9,0,0,0,0,0,0,0,0,0,0,0,0,0
6674,[X1_X14_GET_req],6674,3,10,0,0,0,0,0,0,0,0,0,0,0,0,1
6675,REST_X14,6675,3,10,0,0,0,0,0,0,0,0,0,0,0,0,2
6676,REST_X14,6676,3,10,0,0,0,0,0,0,0,0,0,0,0,0,5
6677,[X14_X6_GET_req],6677,3,10,0,0,0,0,1,0,0,0,0,0,0,0,6
6678,REST_X6,6678,3,10,0,0,0,0,2,0,0,0,0,0,0,0,6
6679,REST_X6,6679,3,10,0,0,0,0,5,0,0,0,0,0,0,0,6
6680,[X6_X5_GET_req],6680,3,10,0,0,0,1,6,0,0,0,0,0,0,0,6
6681,REST_X5,6681,3,10,0,0,0,2,6,0,0,0,0,0,0,0,6
6682,REST_X5,6682,3,10,0,0,0,4,6,0,0,0,0,0,0,0,6
6683,[X6_X5_GET_resp_5xx],6683,3,10,0,0,0,0,7,0,0,0,0,0,0,0,6
6684,[X6_X5_GET_req],6684,3,10,0,0,0,1,8,0,0,0,0,0,0,0,6
6685,REST_X5,6685,3,10,0,0,0,2,8,0,0,0,0,0,0,0,6
6686,REST_X5,6686,3,10,0,0,0,3,8,0,0,0,0,0,0,0,6
6687,[X6_X5_GET_resp_2xx],6687,3,10,0,0,0,0,3,0,0,0,0,0,0,0,6
6688,[X14_X6_GET_resp_2xx],6688,3,10,0,0,0,0,0,0,0,0,0,0,0,0,3
6689,[X1_X14_GET_resp_2xx],6689,3,3,0,0,0,0,0,0,0,0,0,0,0,0,0
6690,[X0_X1_GET_resp_2xx],6690,0,0,0,0,0,0,0,0,0,0,0,0,0,0,0
6691,REST_X0,6691,2,0,0,0,0,0,0,0,0,0,0,0,0,0,0
6692,[X0_X1_GET_req],6692,3,1,0,0,0,0,0,0,0,0,0,0,0,0,0
6693,REST_X1,6693,3,2,0,0,0,0,0,0,0,0,0,0,0,0,0
6694,REST_X1,6694,3,5,0,0,0,0,0,0,0,0,0,0,0,0,0
6695,[X1_X8_GET_req],6695,3,6,0,0,0,0,0,0,1,0,0,0,0,0,0
6696,REST_X8,6696,3,6,0,0,0,0,0,0,2,0,0,0,0,0,0
6697,REST_X8,6697,3,6,0,0,0,0,0,0,5,0,0,0,0,0,0
6698,[X8_X12_GET_req],6698,3,6,0,0,0,0,0,0,6,0,0,0,1,0,0
6699,REST_X12,6699,3,6,0,0,0,0,0,0,6,0,0,0,2,0,0
6700,REST_X12,6700,3,6,0,0,0,0,0,0,6,0,0,0,5,0,0
6701,[X12_X3_GET_req],6701,3,6,0,1,0,0,0,0,6,0,0,0,6,0,0
6702,REST_X3,6702,3,6,0,2,0,0,0,0,6,0,0,0,6,0,0
6703,REST_X3,6703,3,6,0,5,0,0,0,0,6,0,0,0,6,0,0
6704,[X3_X9_GET_req],6704,3,6,0,6,0,0,0,0,6,1,0,0,6,0,0
6705,REST_X9,6705,3,6,0,6,0,0,0,0,6,2,0,0,6,0,0
6706,REST_X9,6706,3,6,0,6,0,0,0,0,6,4,0,0,6,0,0
6707,[X3_X9_GET_resp_5xx],6707,3,6,0,7,0,0,0,0,6,0,0,0,6,0,0
6708,[X3_X9_GET_req],6708,3,6,0,8,0,0,0,0,6,1,0,0,6,0,0
6709,REST_X9,6709,3,6,0,8,0,0,0,0,6,2,0,0,6,0,0
6710,REST_X9,6710,3,6,0,8,0,0,0,0,6,3,0,0,6,0,0
6711,[X3_X9_GET_resp_2xx],6711,3,6,0,3,0,0,0,0,6,0,0,0,6,0,0
6712,[X12_X3_GET_resp_2xx],6712,3,6,0,0,0,0,0,0,6,0,0,0,3,0,0
6713,[X8_X12_GET_resp_2xx],6713,3,6,0,0,0,0,0,0,3,0,0,0,0,0,0
6714,[X1_X8_GET_resp_2xx],6714,3,3,0,0,0,0,0,0,0,0,0,0,0,0,0
6715,[X0_X1_GET_resp_2xx],6715,0,0,0,0,0,0,0,0,0,0,0,0,0,0,0
6716,REST_X0,6716,2,0,0,0,0,0,0,0,0,0,0,0,0,0,0
6717,[X0_X1_GET_req],6717,3,1,0,0,0,0,0,0,0,0,0,0,0,0,0
6718,REST_X1,6718,3,2,0,0,0,0,0,0,0,0,0,0,0,0,0
6719,REST_X1,6719,3,5,0,0,0,0,0,0,0,0,0,0,0,0,0
6720,[X1_X8_GET_req],6720,3,6,0,0,0,0,0,0,1,0,0,0,0,0,0
6721,REST_X8,6721,3,6,0,0,0,0,0,0,2,0,0,0,0,0,0
6722,REST_X8,6722,3,6,0,0,0,0,0,0,5,0,0,0,0,0,0
6723,[X8_X12_GET_req],6723,3,6,0,0,0,0,0,0,6,0,0,0,1,0,0
6724,REST_X12,6724,3,6,0,0,0,0,0,0,6,0,0,0,2,0,0
6725,REST_X12,6725,3,6,0,0,0,0,0,0,6,0,0,0,9,0,0
6726,[X12_X13_GET_req],6726,3,6,0,0,0,0,0,0,6,0,0,0,10,1,0
6727,REST_X13,6727,3,6,0,0,0,0,0,0,6,0,0,0,10,2,0
6728,REST_X13,6728,3,6,0,0,0,0,0,0,6,0,0,0,10,5,0
6729,[X13_X4_GET_req],6729,3,6,0,0,1,0,0,0,6,0,0,0,10,6,0
6730,REST_X4,6730,3,6,0,0,2,0,0,0,6,0,0,0,10,6,0
6731,REST_X4,6731,3,6,0,0,13,0,0,0,6,0,0,0,10,6,0
6732,[X4_X11_GET_req],6732,3,6,0,0,14,0,0,0,6,0,0,1,10,6,0
6733,REST_X11,6733,3,6,0,0,14,0,0,0,6,0,0,2,10,6,0
6734,REST_X11,6734,3,6,0,0,14,0,0,0,6,0,0,3,10,6,0
6735,[X4_X11_GET_resp_2xx],6735,3,6,0,0,3,0,0,0,6,0,0,0,10,6,0
6736,[X13_X4_GET_resp_2xx],6736,3,6,0,0,0,0,0,0,6,0,0,0,10,3,0
6737,[X12_X13_GET_resp_2xx],6737,3,6,0,0,0,0,0,0,6,0,0,0,3,0,0
6738,[X8_X12_GET_resp_2xx],6738,3,6,0,0,0,0,0,0,3,0,0,0,0,0,0
6739,[X1_X8_GET_resp_2xx],6739,3,3,0,0,0,0,0,0,0,0,0,0,0,0,0
6740,[X0_X1_GET_resp_2xx],6740,0,0,0,0,0,0,0,0,0,0,0,0,0,0,0
6741,REST_X0,6741,2,0,0,0,0,0,0,0,0,0,0,0,0,0,0
6742,[X0_X1_GET_req],6742,3,1,0,0,0,0,0,0,0,0,0,0,0,0,0
6743,REST_X1,6743,3,2,0,0,0,0,0,0,0,0,0,0,0,0,0
6744,REST_X1,6744,3,5,0,0,0,0,0,0,0,0,0,0,0,0,0
6745,[X1_X8_GET_req],6745,3,6,0,0,0,0,0,0,1,0,0,0,0,0,0
6746,REST_X8,6746,3,6,0,0,0,0,0,0,2,0,0,0,0,0,0
6747,REST_X8,6747,3,6,0,0,0,0,0,0,5,0,0,0,0,0,0
6748,[X8_X12_GET_req],6748,3,6,0,0,0,0,0,0,6,0,0,0,1,0,0
6749,REST_X12,6749,3,6,0,0,0,0,0,0,6,0,0,0,2,0,0
6750,REST_X12,6750,3,6,0,0,0,0,0,0,6,0,0,0,9,0,0
6751,[X12_X13_GET_req],6751,3,6,0,0,0,0,0,0,6,0,0,0,10,1,0
6752,REST_X13,6752,3,6,0,0,0,0,0,0,6,0,0,0,10,2,0
6753,REST_X13,6753,3,6,0,0,0,0,0,0,6,0,0,0,10,5,0
6754,[X13_X4_GET_req],6754,3,6,0,0,1,0,0,0,6,0,0,0,10,6,0
6755,REST_X4,6755,3,6,0,0,2,0,0,0,6,0,0,0,10,6,0
6756,REST_X4,6756,3,6,0,0,13,0,0,0,6,0,0,0,10,6,0
6757,[X4_X11_GET_req],6757,3,6,0,0,14,0,0,0,6,0,0,1,10,6,0
6758,REST_X11,6758,3,6,0,0,14,0,0,0,6,0,0,2,10,6,0
6759,REST_X11,6759,3,6,0,0,14,0,0,0,6,0,0,3,10,6,0
6760,[X4_X11_GET_resp_2xx],6760,3,6,0,0,3,0,0,0,6,0,0,0,10,6,0
6761,[X13_X4_GET_resp_2xx],6761,3,6,0,0,0,0,0,0,6,0,0,0,10,3,0
6762,[X12_X13_GET_resp_2xx],6762,3,6,0,0,0,0,0,0,6,0,0,0,3,0,0
6763,[X8_X12_GET_resp_2xx],6763,3,6,0,0,0,0,0,0,3,0,0,0,0,0,0
6764,[X1_X8_GET_resp_2xx],6764,3,3,0,0,0,0,0,0,0,0,0,0,0,0,0
6765,[X0_X1_GET_resp_2xx],6765,0,0,0,0,0,0,0,0,0,0,0,0,0,0,0
6766,REST_X0,6766,2,0,0,0,0,0,0,0,0,0,0,0,0,0,0
6767,[X0_X1_GET_req],6767,3,1,0,0,0,0,0,0,0,0,0,0,0,0,0
6768,REST_X1,6768,3,2,0,0,0,0,0,0,0,0,0,0,0,0,0
6769,REST_X1,6769,3,9,0,0,0,0,0,0,0,0,0,0,0,0,0
6770,[X1_X14_GET_req],6770,3,10,0,0,0,0,0,0,0,0,0,0,0,0,1
6771,REST_X14,6771,3,10,0,0,0,0,0,0,0,0,0,0,0,0,2
6772,REST_X14,6772,3,10,0,0,0,0,0,0,0,0,0,0,0,0,5
6773,[X14_X6_GET_req],6773,3,10,0,0,0,0,1,0,0,0,0,0,0,0,6
6774,REST_X6,6774,3,10,0,0,0,0,2,0,0,0,0,0,0,0,6
6775,REST_X6,6775,3,10,0,0,0,0,5,0,0,0,0,0,0,0,6
6776,[X6_X5_GET_req],6776,3,10,0,0,0,1,6,0,0,0,0,0,0,0,6
6777,REST_X5,6777,3,10,0,0,0,2,6,0,0,0,0,0,0,0,6
6778,REST_X5,6778,3,10,0,0,0,4,6,0,0,0,0,0,0,0,6
6779,[X6_X5_GET_resp_5xx],6779,3,10,0,0,0,0,7,0,0,0,0,0,0,0,6
6780,[X6_X5_GET_req],6780,3,10,0,0,0,1,8,0,0,0,0,0,0,0,6
6781,REST_X5,6781,3,10,0,0,0,2,8,0,0,0,0,0,0,0,6
6782,REST_X5,6782,3,10,0,0,0,3,8,0,0,0,0,0,0,0,6
6783,[X6_X5_GET_resp_2xx],6783,3,10,0,0,0,0,3,0,0,0,0,0,0,0,6
6784,[X14_X6_GET_resp_2xx],6784,3,10,0,0,0,0,0,0,0,0,0,0,0,0,3
6785,[X1_X14_GET_resp_2xx],6785,3,3,0,0,0,0,0,0,0,0,0,0,0,0,0
6786,[X0_X1_GET_resp_2xx],6786,0,0,0,0,0,0,0,0,0,0,0,0,0,0,0
6787,REST_X0,6787,2,0,0,0,0,0,0,0,0,0,0,0,0,0,0
6788,[X0_X1_GET_req],6788,3,1,0,0,0,0,0,0,0,0,0,0,0,0,0
6789,REST_X1,6789,3,2,0,0,0,0,0,0,0,0,0,0,0,0,0
6790,REST_X1,6790,3,9,0,0,0,0,0,0,0,0,0,0,0,0,0
6791,[X1_X14_GET_req],6791,3,10,0,0,0,0,0,0,0,0,0,0,0,0,1
6792,REST_X14,6792,3,10,0,0,0,0,0,0,0,0,0,0,0,0,2
6793,REST_X14,6793,3,10,0,0,0,0,0,0,0,0,0,0,0,0,5
6794,[X14_X6_GET_req],6794,3,10,0,0,0,0,1,0,0,0,0,0,0,0,6
6795,REST_X6,6795,3,10,0,0,0,0,2,0,0,0,0,0,0,0,6
6796,REST_X6,6796,3,10,0,0,0,0,5,0,0,0,0,0,0,0,6
6797,[X6_X5_GET_req],6797,3,10,0,0,0,1,6,0,0,0,0,0,0,0,6
6798,REST_X5,6798,3,10,0,0,0,2,6,0,0,0,0,0,0,0,6
6799,REST_X5,6799,3,10,0,0,0,4,6,0,0,0,0,0,0,0,6
6800,[X6_X5_GET_resp_5xx],6800,3,10,0,0,0,0,7,0,0,0,0,0,0,0,6
6801,[X6_X5_GET_req],6801,3,10,0,0,0,1,8,0,0,0,0,0,0,0,6
6802,REST_X5,6802,3,10,0,0,0,2,8,0,0,0,0,0,0,0,6
6803,REST_X5,6803,3,10,0,0,0,3,8,0,0,0,0,0,0,0,6
6804,[X6_X5_GET_resp_2xx],6804,3,10,0,0,0,0,3,0,0,0,0,0,0,0,6
6805,[X14_X6_GET_resp_2xx],6805,3,10,0,0,0,0,0,0,0,0,0,0,0,0,3
6806,[X1_X14_GET_resp_2xx],6806,3,3,0,0,0,0,0,0,0,0,0,0,0,0,0
6807,[X0_X1_GET_resp_2xx],6807,0,0,0,0,0,0,0,0,0,0,0,0,0,0,0
6808,REST_X0,6808,2,0,0,0,0,0,0,0,0,0,0,0,0,0,0
6809,[X0_X1_GET_req],6809,3,1,0,0,0,0,0,0,0,0,0,0,0,0,0
6810,REST_X1,6810,3,2,0,0,0,0,0,0,0,0,0,0,0,0,0
6811,REST_X1,6811,3,9,0,0,0,0,0,0,0,0,0,0,0,0,0
6812,[X1_X14_GET_req],6812,3,10,0,0,0,0,0,0,0,0,0,0,0,0,1
6813,REST_X14,6813,3,10,0,0,0,0,0,0,0,0,0,0,0,0,2
6814,REST_X14,6814,3,10,0,0,0,0,0,0,0,0,0,0,0,0,5
6815,[X14_X6_GET_req],6815,3,10,0,0,0,0,1,0,0,0,0,0,0,0,6
6816,REST_X6,6816,3,10,0,0,0,0,2,0,0,0,0,0,0,0,6
6817,REST_X6,6817,3,10,0,0,0,0,5,0,0,0,0,0,0,0,6
6818,[X6_X5_GET_req],6818,3,10,0,0,0,1,6,0,0,0,0,0,0,0,6
6819,REST_X5,6819,3,10,0,0,0,2,6,0,0,0,0,0,0,0,6
6820,REST_X5,6820,3,10,0,0,0,4,6,0,0,0,0,0,0,0,6
6821,[X6_X5_GET_resp_5xx],6821,3,10,0,0,0,0,7,0,0,0,0,0,0,0,6
6822,[X6_X5_GET_req],6822,3,10,0,0,0,1,8,0,0,0,0,0,0,0,6
6823,REST_X5,6823,3,10,0,0,0,2,8,0,0,0,0,0,0,0,6
6824,REST_X5,6824,3,10,0,0,0,3,8,0,0,0,0,0,0,0,6
6825,[X6_X5_GET_resp_2xx],6825,3,10,0,0,0,0,3,0,0,0,0,0,0,0,6
6826,[X14_X6_GET_resp_2xx],6826,3,10,0,0,0,0,0,0,0,0,0,0,0,0,3
6827,[X1_X14_GET_resp_2xx],6827,3,3,0,0,0,0,0,0,0,0,0,0,0,0,0
6828,[X0_X1_GET_resp_2xx],6828,0,0,0,0,0,0,0,0,0,0,0,0,0,0,0
6829,REST_X0,6829,2,0,0,0,0,0,0,0,0,0,0,0,0,0,0
6830,[X0_X1_GET_req],6830,3,1,0,0,0,0,0,0,0,0,0,0,0,0,0
6831,REST_X1,6831,3,2,0,0,0,0,0,0,0,0,0,0,0,0,0
6832,REST_X1,6832,3,5,0,0,0,0,0,0,0,0,0,0,0,0,0
6833,[X1_X8_GET_req],6833,3,6,0,0,0,0,0,0,1,0,0,0,0,0,0
6834,REST_X8,6834,3,6,0,0,0,0,0,0,2,0,0,0,0,0,0
6835,REST_X8,6835,3,6,0,0,0,0,0,0,5,0,0,0,0,0,0
6836,[X8_X12_GET_req],6836,3,6,0,0,0,0,0,0,6,0,0,0,1,0,0
6837,REST_X12,6837,3,6,0,0,0,0,0,0,6,0,0,0,2,0,0
6838,REST_X12,6838,3,6,0,0,0,0,0,0,6,0,0,0,5,0,0
6839,[X12_X3_GET_req],6839,3,6,0,1,0,0,0,0,6,0,0,0,6,0,0
6840,REST_X3,6840,3,6,0,2,0,0,0,0,6,0,0,0,6,0,0
6841,REST_X3,6841,3,6,0,5,0,0,0,0,6,0,0,0,6,0,0
6842,[X3_X9_GET_req],6842,3,6,0,6,0,0,0,0,6,1,0,0,6,0,0
6843,REST_X9,6843,3,6,0,6,0,0,0,0,6,2,0,0,6,0,0
6844,REST_X9,6844,3,6,0,6,0,0,0,0,6,3,0,0,6,0,0
6845,[X3_X9_GET_resp_2xx],6845,3,6,0,3,0,0,0,0,6,0,0,0,6,0,0
6846,[X12_X3_GET_resp_2xx],6846,3,6,0,0,0,0,0,0,6,0,0,0,3,0,0
6847,[X8_X12_GET_resp_2xx],6847,3,6,0,0,0,0,0,0,3,0,0,0,0,0,0
6848,[X1_X8_GET_resp_2xx],6848,3,3,0,0,0,0,0,0,0,0,0,0,0,0,0
6849,[X0_X1_GET_resp_2xx],6849,0,0,0,0,0,0,0,0,0,0,0,0,0,0,0
6850,REST_X0,6850,2,0,0,0,0,0,0,0,0,0,0,0,0,0,0
6851,[X0_X1_GET_req],6851,3,1,0,0,0,0,0,0,0,0,0,0,0,0,0
6852,REST_X1,6852,3,2,0,0,0,0,0,0,0,0,0,0,0,0,0
6853,REST_X1,6853,3,9,0,0,0,0,0,0,0,0,0,0,0,0,0
6854,[X1_X14_GET_req],6854,3,10,0,0,0,0,0,0,0,0,0,0,0,0,1
6855,REST_X14,6855,3,10,0,0,0,0,0,0,0,0,0,0,0,0,2
6856,REST_X14,6856,3,10,0,0,0,0,0,0,0,0,0,0,0,0,5
6857,[X14_X6_GET_req],6857,3,10,0,0,0,0,1,0,0,0,0,0,0,0,6
6858,REST_X6,6858,3,10,0,0,0,0,2,0,0,0,0,0,0,0,6
6859,REST_X6,6859,3,10,0,0,0,0,5,0,0,0,0,0,0,0,6
6860,[X6_X5_GET_req],6860,3,10,0,0,0,1,6,0,0,0,0,0,0,0,6
6861,REST_X5,6861,3,10,0,0,0,2,6,0,0,0,0,0,0,0,6
6862,REST_X5,6862,3,10,0,0,0,3,6,0,0,0,0,0,0,0,6
6863,[X6_X5_GET_resp_2xx],6863,3,10,0,0,0,0,3,0,0,0,0,0,0,0,6
6864,[X14_X6_GET_resp_2xx],6864,3,10,0,0,0,0,0,0,0,0,0,0,0,0,3
6865,[X1_X14_GET_resp_2xx],6865,3,3,0,0,0,0,0,0,0,0,0,0,0,0,0
6866,[X0_X1_GET_resp_2xx],6866,0,0,0,0,0,0,0,0,0,0,0,0,0,0,0
6867,REST_X0,6867,2,0,0,0,0,0,0,0,0,0,0,0,0,0,0
6868,[X0_X1_GET_req],6868,3,1,0,0,0,0,0,0,0,0,0,0,0,0,0
6869,REST_X1,6869,3,2,0,0,0,0,0,0,0,0,0,0,0,0,0
6870,REST_X1,6870,3,9,0,0,0,0,0,0,0,0,0,0,0,0,0
6871,[X1_X14_GET_req],6871,3,10,0,0,0,0,0,0,0,0,0,0,0,0,1
6872,REST_X14,6872,3,10,0,0,0,0,0,0,0,0,0,0,0,0,2
6873,REST_X14,6873,3,10,0,0,0,0,0,0,0,0,0,0,0,0,5
6874,[X14_X6_GET_req],6874,3,10,0,0,0,0,1,0,0,0,0,0,0,0,6
6875,REST_X6,6875,3,10,0,0,0,0,2,0,0,0,0,0,0,0,6
6876,REST_X6,6876,3,10,0,0,0,0,5,0,0,0,0,0,0,0,6
6877,[X6_X5_GET_req],6877,3,10,0,0,0,1,6,0,0,0,0,0,0,0,6
6878,REST_X5,6878,3,10,0,0,0,2,6,0,0,0,0,0,0,0,6
6879,REST_X5,6879,3,10,0,0,0,4,6,0,0,0,0,0,0,0,6
6880,[X6_X5_GET_resp_5xx],6880,3,10,0,0,0,0,7,0,0,0,0,0,0,0,6
6881,[X6_X5_GET_req],6881,3,10,0,0,0,1,8,0,0,0,0,0,0,0,6
6882,REST_X5,6882,3,10,0,0,0,2,8,0,0,0,0,0,0,0,6
6883,REST_X5,6883,3,10,0,0,0,3,8,0,0,0,0,0,0,0,6
6884,[X6_X5_GET_resp_2xx],6884,3,10,0,0,0,0,3,0,0,0,0,0,0,0,6
6885,[X14_X6_GET_resp_2xx],6885,3,10,0,0,0,0,0,0,0,0,0,0,0,0,3
6886,[X1_X14_GET_resp_2xx],6886,3,3,0,0,0,0,0,0,0,0,0,0,0,0,0
6887,[X0_X1_GET_resp_2xx],6887,0,0,0,0,0,0,0,0,0,0,0,0,0,0,0
6888,REST_X0,6888,2,0,0,0,0,0,0,0,0,0,0,0,0,0,0
6889,[X0_X1_GET_req],6889,3,1,0,0,0,0,0,0,0,0,0,0,0,0,0
6890,REST_X1,6890,3,2,0,0,0,0,0,0,0,0,0,0,0,0,0
6891,REST_X1,6891,3,9,0,0,0,0,0,0,0,0,0,0,0,0,0
6892,[X1_X14_GET_req],6892,3,10,0,0,0,0,0,0,0,0,0,0,0,0,1
6893,REST_X14,6893,3,10,0,0,0,0,0,0,0,0,0,0,0,0,2
6894,REST_X14,6894,3,10,0,0,0,0,0,0,0,0,0,0,0,0,5
6895,[X14_X6_GET_req],6895,3,10,0,0,0,0,1,0,0,0,0,0,0,0,6
6896,REST_X6,6896,3,10,0,0,0,0,2,0,0,0,0,0,0,0,6
6897,REST_X6,6897,3,10,0,0,0,0,5,0,0,0,0,0,0,0,6
6898,[X6_X5_GET_req],6898,3,10,0,0,0,1,6,0,0,0,0,0,0,0,6
6899,REST_X5,6899,3,10,0,0,0,2,6,0,0,0,0,0,0,0,6
6900,REST_X5,6900,3,10,0,0,0,3,6,0,0,0,0,0,0,0,6
6901,[X6_X5_GET_resp_2xx],6901,3,10,0,0,0,0,3,0,0,0,0,0,0,0,6
6902,[X14_X6_GET_resp_2xx],6902,3,10,0,0,0,0,0,0,0,0,0,0,0,0,3
6903,[X1_X14_GET_resp_2xx],6903,3,3,0,0,0,0,0,0,0,0,0,0,0,0,0
6904,[X0_X1_GET_resp_2xx],6904,0,0,0,0,0,0,0,0,0,0,0,0,0,0,0
6905,REST_X0,6905,2,0,0,0,0,0,0,0,0,0,0,0,0,0,0
6906,[X0_X1_GET_req],6906,3,1,0,0,0,0,0,0,0,0,0,0,0,0,0
6907,REST_X1,6907,3,2,0,0,0,0,0,0,0,0,0,0,0,0,0
6908,REST_X1,6908,3,9,0,0,0,0,0,0,0,0,0,0,0,0,0
6909,[X1_X14_GET_req],6909,3,10,0,0,0,0,0,0,0,0,0,0,0,0,1
6910,REST_X14,6910,3,10,0,0,0,0,0,0,0,0,0,0,0,0,2
6911,REST_X14,6911,3,10,0,0,0,0,0,0,0,0,0,0,0,0,5
6912,[X14_X6_GET_req],6912,3,10,0,0,0,0,1,0,0,0,0,0,0,0,6
6913,REST_X6,6913,3,10,0,0,0,0,2,0,0,0,0,0,0,0,6
6914,REST_X6,6914,3,10,0,0,0,0,5,0,0,0,0,0,0,0,6
6915,[X6_X5_GET_req],6915,3,10,0,0,0,1,6,0,0,0,0,0,0,0,6
6916,REST_X5,6916,3,10,0,0,0,2,6,0,0,0,0,0,0,0,6
6917,REST_X5,6917,3,10,0,0,0,3,6,0,0,0,0,0,0,0,6
6918,[X6_X5_GET_resp_2xx],6918,3,10,0,0,0,0,3,0,0,0,0,0,0,0,6
6919,[X14_X6_GET_resp_2xx],6919,3,10,0,0,0,0,0,0,0,0,0,0,0,0,3
6920,[X1_X14_GET_resp_2xx],6920,3,3,0,0,0,0,0,0,0,0,0,0,0,0,0
6921,[X0_X1_GET_resp_2xx],6921,0,0,0,0,0,0,0,0,0,0,0,0,0,0,0
6922,REST_X0,6922,2,0,0,0,0,0,0,0,0,0,0,0,0,0,0
6923,[X0_X1_GET_req],6923,3,1,0,0,0,0,0,0,0,0,0,0,0,0,0
6924,REST_X1,6924,3,2,0,0,0,0,0,0,0,0,0,0,0,0,0
6925,REST_X1,6925,3,5,0,0,0,0,0,0,0,0,0,0,0,0,0
6926,[X1_X8_GET_req],6926,3,6,0,0,0,0,0,0,1,0,0,0,0,0,0
6927,REST_X8,6927,3,6,0,0,0,0,0,0,2,0,0,0,0,0,0
6928,REST_X8,6928,3,6,0,0,0,0,0,0,5,0,0,0,0,0,0
6929,[X8_X12_GET_req],6929,3,6,0,0,0,0,0,0,6,0,0,0,1,0,0
6930,REST_X12,6930,3,6,0,0,0,0,0,0,6,0,0,0,2,0,0
6931,REST_X12,6931,3,6,0,0,0,0,0,0,6,0,0,0,9,0,0
6932,[X12_X13_GET_req],6932,3,6,0,0,0,0,0,0,6,0,0,0,10,1,0
6933,REST_X13,6933,3,6,0,0,0,0,0,0,6,0,0,0,10,2,0
6934,REST_X13,6934,3,6,0,0,0,0,0,0,6,0,0,0,10,5,0
6935,[X13_X4_GET_req],6935,3,6,0,0,1,0,0,0,6,0,0,0,10,6,0
6936,REST_X4,6936,3,6,0,0,2,0,0,0,6,0,0,0,10,6,0
6937,REST_X4,6937,3,6,0,0,13,0,0,0,6,0,0,0,10,6,0
6938,[X4_X11_GET_req],6938,3,6,0,0,14,0,0,0,6,0,0,1,10,6,0
6939,REST_X11,6939,3,6,0,0,14,0,0,0,6,0,0,2,10,6,0
6940,REST_X11,6940,3,6,0,0,14,0,0,0,6,0,0,3,10,6,0
6941,[X4_X11_GET_resp_2xx],6941,3,6,0,0,3,0,0,0,6,0,0,0,10,6,0
6942,[X13_X4_GET_resp_2xx],6942,3,6,0,0,0,0,0,0,6,0,0,0,10,3,0
6943,[X12_X13_GET_resp_2xx],6943,3,6,0,0,0,0,0,0,6,0,0,0,3,0,0
6944,[X8_X12_GET_resp_2xx],6944,3,6,0,0,0,0,0,0,3,0,0,0,0,0,0
6945,[X1_X8_GET_resp_2xx],6945,3,3,0,0,0,0,0,0,0,0,0,0,0,0,0
6946,[X0_X1_GET_resp_2xx],6946,0,0,0,0,0,0,0,0,0,0,0,0,0,0,0
6947,REST_X0,6947,2,0,0,0,0,0,0,0,0,0,0,0,0,0,0
6948,[X0_X1_GET_req],6948,3,1,0,0,0,0,0,0,0,0,0,0,0,0,0
6949,REST_X1,6949,3,2,0,0,0,0,0,0,0,0,0,0,0,0,0
6950,REST_X1,6950,3,9,0,0,0,0,0,0,0,0,0,0,0,0,0
6951,[X1_X14_GET_req],6951,3,10,0,0,0,0,0,0,0,0,0,0,0,0,1
6952,REST_X14,6952,3,10,0,0,0,0,0,0,0,0,0,0,0,0,2
6953,REST_X14,6953,3,10,0,0,0,0,0,0,0,0,0,0,0,0,5
6954,[X14_X6_GET_req],6954,3,10,0,0,0,0,1,0,0,0,0,0,0,0,6
6955,REST_X6,6955,3,10,0,0,0,0,2,0,0,0,0,0,0,0,6
6956,REST_X6,6956,3,10,0,0,0,0,5,0,0,0,0,0,0,0,6
6957,[X6_X5_GET_req],6957,3,10,0,0,0,1,6,0,0,0,0,0,0,0,6
6958,REST_X5,6958,3,10,0,0,0,2,6,0,0,0,0,0,0,0,6
6959,REST_X5,6959,3,10,0,0,0,3,6,0,0,0,0,0,0,0,6
6960,[X6_X5_GET_resp_2xx],6960,3,10,0,0,0,0,3,0,0,0,0,0,0,0,6
6961,[X14_X6_GET_resp_2xx],6961,3,10,0,0,0,0,0,0,0,0,0,0,0,0,3
6962,[X1_X14_GET_resp_2xx],6962,3,3,0,0,0,0,0,0,0,0,0,0,0,0,0
6963,[X0_X1_GET_resp_2xx],6963,0,0,0,0,0,0,0,0,0,0,0,0,0,0,0
6964,REST_X0,6964,2,0,0,0,0,0,0,0,0,0,0,0,0,0,0
6965,[X0_X1_GET_req],6965,3,1,0,0,0,0,0,0,0,0,0,0,0,0,0
6966,REST_X1,6966,3,2,0,0,0,0,0,0,0,0,0,0,0,0,0
6967,REST_X1,6967,3,9,0,0,0,0,0,0,0,0,0,0,0,0,0
6968,[X1_X14_GET_req],6968,3,10,0,0,0,0,0,0,0,0,0,0,0,0,1
6969,REST_X14,6969,3,10,0,0,0,0,0,0,0,0,0,0,0,0,2
6970,REST_X14,6970,3,10,0,0,0,0,0,0,0,0,0,0,0,0,5
6971,[X14_X6_GET_req],6971,3,10,0,0,0,0,1,0,0,0,0,0,0,0,6
6972,REST_X6,6972,3,10,0,0,0,0,2,0,0,0,0,0,0,0,6
6973,REST_X6,6973,3,10,0,0,0,0,5,0,0,0,0,0,0,0,6
6974,[X6_X5_GET_req],6974,3,10,0,0,0,1,6,0,0,0,0,0,0,0,6
6975,REST_X5,6975,3,10,0,0,0,2,6,0,0,0,0,0,0,0,6
6976,REST_X5,6976,3,10,0,0,0,3,6,0,0,0,0,0,0,0,6
6977,[X6_X5_GET_resp_2xx],6977,3,10,0,0,0,0,3,0,0,0,0,0,0,0,6
6978,[X14_X6_GET_resp_2xx],6978,3,10,0,0,0,0,0,0,0,0,0,0,0,0,3
6979,[X1_X14_GET_resp_2xx],6979,3,3,0,0,0,0,0,0,0,0,0,0,0,0,0
6980,[X0_X1_GET_resp_2xx],6980,0,0,0,0,0,0,0,0,0,0,0,0,0,0,0
6981,REST_X0,6981,2,0,0,0,0,0,0,0,0,0,0,0,0,0,0
6982,[X0_X1_GET_req],6982,3,1,0,0,0,0,0,0,0,0,0,0,0,0,0
6983,REST_X1,6983,3,2,0,0,0,0,0,0,0,0,0,0,0,0,0
6984,REST_X1,6984,3,5,0,0,0,0,0,0,0,0,0,0,0,0,0
6985,[X1_X8_GET_req],6985,3,6,0,0,0,0,0,0,1,0,0,0,0,0,0
6986,REST_X8,6986,3,6,0,0,0,0,0,0,2,0,0,0,0,0,0
6987,REST_X8,6987,3,6,0,0,0,0,0,0,5,0,0,0,0,0,0
6988,[X8_X12_GET_req],6988,3,6,0,0,0,0,0,0,6,0,0,0,1,0,0
6989,REST_X12,6989,3,6,0,0,0,0,0,0,6,0,0,0,2,0,0
6990,REST_X12,6990,3,6,0,0,0,0,0,0,6,0,0,0,5,0,0
6991,[X12_X3_GET_req],6991,3,6,0,1,0,0,0,0,6,0,0,0,6,0,0
6992,REST_X3,6992,3,6,0,2,0,0,0,0,6,0,0,0,6,0,0
6993,REST_X3,6993,3,6,0,5,0,0,0,0,6,0,0,0,6,0,0
6994,[X3_X9_GET_req],6994,3,6,0,6,0,0,0,0,6,1,0,0,6,0,0
6995,REST_X9,6995,3,6,0,6,0,0,0,0,6,2,0,0,6,0,0
6996,REST_X9,6996,3,6,0,6,0,0,0,0,6,3,0,0,6,0,0
6997,[X3_X9_GET_resp_2xx],6997,3,6,0,3,0,0,0,0,6,0,0,0,6,0,0
6998,[X12_X3_GET_resp_2xx],6998,3,6,0,0,0,0,0,0,6,0,0,0,3,0,0
6999,[X8_X12_GET_resp_2xx],6999,3,6,0,0,0,0,0,0,3,0,0,0,0,0,0
7000,[X1_X8_GET_resp_2xx],7000,3,3,0,0,0,0,0,0,0,0,0,0,0,0,0
7001,[X0_X1_GET_resp_2xx],7001,0,0,0,0,0,0,0,0,0,0,0,0,0,0,0
7002,REST_X0,7002,2,0,0,0,0,0,0,0,0,0,0,0,0,0,0
7003,[X0_X1_GET_req],7003,3,1,0,0,0,0,0,0,0,0,0,0,0,0,0
7004,REST_X1,7004,3,2,0,0,0,0,0,0,0,0,0,0,0,0,0
7005,REST_X1,7005,3,9,0,0,0,0,0,0,0,0,0,0,0,0,0
7006,[X1_X14_GET_req],7006,3,10,0,0,0,0,0,0,0,0,0,0,0,0,1
7007,REST_X14,7007,3,10,0,0,0,0,0,0,0,0,0,0,0,0,2
7008,REST_X14,7008,3,10,0,0,0,0,0,0,0,0,0,0,0,0,5
7009,[X14_X6_GET_req],7009,3,10,0,0,0,0,1,0,0,0,0,0,0,0,6
7010,REST_X6,7010,3,10,0,0,0,0,2,0,0,0,0,0,0,0,6
7011,REST_X6,7011,3,10,0,0,0,0,5,0,0,0,0,0,0,0,6
7012,[X6_X5_GET_req],7012,3,10,0,0,0,1,6,0,0,0,0,0,0,0,6
7013,REST_X5,7013,3,10,0,0,0,2,6,0,0,0,0,0,0,0,6
7014,REST_X5,7014,3,10,0,0,0,3,6,0,0,0,0,0,0,0,6
7015,[X6_X5_GET_resp_2xx],7015,3,10,0,0,0,0,3,0,0,0,0,0,0,0,6
7016,[X14_X6_GET_resp_2xx],7016,3,10,0,0,0,0,0,0,0,0,0,0,0,0,3
7017,[X1_X14_GET_resp_2xx],7017,3,3,0,0,0,0,0,0,0,0,0,0,0,0,0
7018,[X0_X1_GET_resp_2xx],7018,0,0,0,0,0,0,0,0,0,0,0,0,0,0,0
7019,REST_X0,7019,2,0,0,0,0,0,0,0,0,0,0,0,0,0,0
7020,[X0_X1_GET_req],7020,3,1,0,0,0,0,0,0,0,0,0,0,0,0,0
7021,REST_X1,7021,3,2,0,0,0,0,0,0,0,0,0,0,0,0,0
7022,REST_X1,7022,3,5,0,0,0,0,0,0,0,0,0,0,0,0,0
7023,[X1_X8_GET_req],7023,3,6,0,0,0,0,0,0,1,0,0,0,0,0,0
7024,REST_X8,7024,3,6,0,0,0,0,0,0,2,0,0,0,0,0,0
7025,REST_X8,7025,3,6,0,0,0,0,0,0,5,0,0,0,0,0,0
7026,[X8_X12_GET_req],7026,3,6,0,0,0,0,0,0,6,0,0,0,1,0,0
7027,REST_X12,7027,3,6,0,0,0,0,0,0,6,0,0,0,2,0,0
7028,REST_X12,7028,3,6,0,0,0,0,0,0,6,0,0,0,9,0,0
7029,[X12_X13_GET_req],7029,3,6,0,0,0,0,0,0,6,0,0,0,10,1,0
7030,REST_X13,7030,3,6,0,0,0,0,0,0,6,0,0,0,10,2,0
7031,REST_X13,7031,3,6,0,0,0,0,0,0,6,0,0,0,10,5,0
7032,[X13_X4_GET_req],7032,3,6,0,0,1,0,0,0,6,0,0,0,10,6,0
7033,REST_X4,7033,3,6,0,0,2,0,0,0,6,0,0,0,10,6,0
7034,REST_X4,7034,3,6,0,0,9,0,0,0,6,0,0,0,10,6,0
7035,[X4_X7_GET_req],7035,3,6,0,0,10,0,0,1,6,0,0,0,10,6,0
7036,REST_X7,7036,3,6,0,0,10,0,0,2,6,0,0,0,10,6,0
7037,REST_X7,7037,3,6,0,0,10,0,0,5,6,0,0,0,10,6,0
7038,[X7_X10_GET_req],7038,3,6,0,0,10,0,0,6,6,0,1,0,10,6,0
7039,REST_X10,7039,3,6,0,0,10,0,0,6,6,0,2,0,10,6,0
7040,REST_X10,7040,3,6,0,0,10,0,0,6,6,0,3,0,10,6,0
7041,[X7_X10_GET_resp_2xx],7041,3,6,0,0,10,0,0,3,6,0,0,0,10,6,0
7042,[X4_X7_GET_resp_2xx],7042,3,6,0,0,3,0,0,0,6,0,0,0,10,6,0
7043,[X13_X4_GET_resp_2xx],7043,3,6,0,0,0,0,0,0,6,0,0,0,10,3,0
7044,[X12_X13_GET_resp_2xx],7044,3,6,0,0,0,0,0,0,6,0,0,0,3,0,0
7045,[X8_X12_GET_resp_2xx],7045,3,6,0,0,0,0,0,0,3,0,0,0,0,0,0
7046,[X1_X8_GET_resp_2xx],7046,3,3,0,0,0,0,0,0,0,0,0,0,0,0,0
7047,[X0_X1_GET_resp_2xx],7047,0,0,0,0,0,0,0,0,0,0,0,0,0,0,0
7048,REST_X0,7048,2,0,0,0,0,0,0,0,0,0,0,0,0,0,0
7049,[X0_X1_GET_req],7049,3,1,0,0,0,0,0,0,0,0,0,0,0,0,0
7050,REST_X1,7050,3,2,0,0,0,0,0,0,0,0,0,0,0,0,0
7051,REST_X1,7051,3,5,0,0,0,0,0,0,0,0,0,0,0,0,0
7052,[X1_X8_GET_req],7052,3,6,0,0,0,0,0,0,1,0,0,0,0,0,0
7053,REST_X8,7053,3,6,0,0,0,0,0,0,2,0,0,0,0,0,0
7054,REST_X8,7054,3,6,0,0,0,0,0,0,5,0,0,0,0,0,0
7055,[X8_X12_GET_req],7055,3,6,0,0,0,0,0,0,6,0,0,0,1,0,0
7056,REST_X12,7056,3,6,0,0,0,0,0,0,6,0,0,0,2,0,0
7057,REST_X12,7057,3,6,0,0,0,0,0,0,6,0,0,0,9,0,0
7058,[X12_X13_GET_req],7058,3,6,0,0,0,0,0,0,6,0,0,0,10,1,0
7059,REST_X13,7059,3,6,0,0,0,0,0,0,6,0,0,0,10,2,0
7060,REST_X13,7060,3,6,0,0,0,0,0,0,6,0,0,0,10,5,0
7061,[X13_X4_GET_req],7061,3,6,0,0,1,0,0,0,6,0,0,0,10,6,0
7062,REST_X4,7062,3,6,0,0,2,0,0,0,6,0,0,0,10,6,0
7063,REST_X4,7063,3,6,0,0,9,0,0,0,6,0,0,0,10,6,0
7064,[X4_X7_GET_req],7064,3,6,0,0,10,0,0,1,6,0,0,0,10,6,0
7065,REST_X7,7065,3,6,0,0,10,0,0,2,6,0,0,0,10,6,0
7066,REST_X7,7066,3,6,0,0,10,0,0,5,6,0,0,0,10,6,0
7067,[X7_X10_GET_req],7067,3,6,0,0,10,0,0,6,6,0,1,0,10,6,0
7068,REST_X10,7068,3,6,0,0,10,0,0,6,6,0,2,0,10,6,0
7069,REST_X10,7069,3,6,0,0,10,0,0,6,6,0,3,0,10,6,0
7070,[X7_X10_GET_resp_2xx],7070,3,6,0,0,10,0,0,3,6,0,0,0,10,6,0
7071,[X4_X7_GET_resp_2xx],7071,3,6,0,0,3,0,0,0,6,0,0,0,10,6,0
7072,[X13_X4_GET_resp_2xx],7072,3,6,0,0,0,0,0,0,6,0,0,0,10,3,0
7073,[X12_X13_GET_resp_2xx],7073,3,6,0,0,0,0,0,0,6,0,0,0,3,0,0
7074,[X8_X12_GET_resp_2xx],7074,3,6,0,0,0,0,0,0,3,0,0,0,0,0,0
7075,[X1_X8_GET_resp_2xx],7075,3,3,0,0,0,0,0,0,0,0,0,0,0,0,0
7076,[X0_X1_GET_resp_2xx],7076,0,0,0,0,0,0,0,0,0,0,0,0,0,0,0
7077,REST_X0,7077,2,0,0,0,0,0,0,0,0,0,0,0,0,0,0
7078,[X0_X1_GET_req],7078,3,1,0,0,0,0,0,0,0,0,0,0,0,0,0
7079,REST_X1,7079,3,2,0,0,0,0,0,0,0,0,0,0,0,0,0
7080,REST_X1,7080,3,9,0,0,0,0,0,0,0,0,0,0,0,0,0
7081,[X1_X14_GET_req],7081,3,10,0,0,0,0,0,0,0,0,0,0,0,0,1
7082,REST_X14,7082,3,10,0,0,0,0,0,0,0,0,0,0,0,0,2
7083,REST_X14,7083,3,10,0,0,0,0,0,0,0,0,0,0,0,0,5
7084,[X14_X6_GET_req],7084,3,10,0,0,0,0,1,0,0,0,0,0,0,0,6
7085,REST_X6,7085,3,10,0,0,0,0,2,0,0,0,0,0,0,0,6
7086,REST_X6,7086,3,10,0,0,0,0,5,0,0,0,0,0,0,0,6
7087,[X6_X5_GET_req],7087,3,10,0,0,0,1,6,0,0,0,0,0,0,0,6
7088,REST_X5,7088,3,10,0,0,0,2,6,0,0,0,0,0,0,0,6
7089,REST_X5,7089,3,10,0,0,0,3,6,0,0,0,0,0,0,0,6
7090,[X6_X5_GET_resp_2xx],7090,3,10,0,0,0,0,3,0,0,0,0,0,0,0,6
7091,[X14_X6_GET_resp_2xx],7091,3,10,0,0,0,0,0,0,0,0,0,0,0,0,3
7092,[X1_X14_GET_resp_2xx],7092,3,3,0,0,0,0,0,0,0,0,0,0,0,0,0
7093,[X0_X1_GET_resp_2xx],7093,0,0,0,0,0,0,0,0,0,0,0,0,0,0,0
7094,REST_X0,7094,2,0,0,0,0,0,0,0,0,0,0,0,0,0,0
7095,[X0_X1_GET_req],7095,3,1,0,0,0,0,0,0,0,0,0,0,0,0,0
7096,REST_X1,7096,3,2,0,0,0,0,0,0,0,0,0,0,0,0,0
7097,REST_X1,7097,3,5,0,0,0,0,0,0,0,0,0,0,0,0,0
7098,[X1_X8_GET_req],7098,3,6,0,0,0,0,0,0,1,0,0,0,0,0,0
7099,REST_X8,7099,3,6,0,0,0,0,0,0,2,0,0,0,0,0,0
7100,REST_X8,7100,3,6,0,0,0,0,0,0,5,0,0,0,0,0,0
7101,[X8_X12_GET_req],7101,3,6,0,0,0,0,0,0,6,0,0,0,1,0,0
7102,REST_X12,7102,3,6,0,0,0,0,0,0,6,0,0,0,2,0,0
7103,REST_X12,7103,3,6,0,0,0,0,0,0,6,0,0,0,5,0,0
7104,[X12_X3_GET_req],7104,3,6,0,1,0,0,0,0,6,0,0,0,6,0,0
7105,REST_X3,7105,3,6,0,2,0,0,0,0,6,0,0,0,6,0,0
7106,REST_X3,7106,3,6,0,5,0,0,0,0,6,0,0,0,6,0,0
7107,[X3_X9_GET_req],7107,3,6,0,6,0,0,0,0,6,1,0,0,6,0,0
7108,REST_X9,7108,3,6,0,6,0,0,0,0,6,2,0,0,6,0,0
7109,REST_X9,7109,3,6,0,6,0,0,0,0,6,3,0,0,6,0,0
7110,[X3_X9_GET_resp_2xx],7110,3,6,0,3,0,0,0,0,6,0,0,0,6,0,0
7111,[X12_X3_GET_resp_2xx],7111,3,6,0,0,0,0,0,0,6,0,0,0,3,0,0
7112,[X8_X12_GET_resp_2xx],7112,3,6,0,0,0,0,0,0,3,0,0,0,0,0,0
7113,[X1_X8_GET_resp_2xx],7113,3,3,0,0,0,0,0,0,0,0,0,0,0,0,0
7114,[X0_X1_GET_resp_2xx],7114,0,0,0,0,0,0,0,0,0,0,0,0,0,0,0
7115,REST_X0,7115,2,0,0,0,0,0,0,0,0,0,0,0,0,0,0
7116,[X0_X1_GET_req],7116,3,1,0,0,0,0,0,0,0,0,0,0,0,0,0
7117,REST_X1,7117,3,2,0,0,0,0,0,0,0,0,0,0,0,0,0
7118,REST_X1,7118,3,9,0,0,0,0,0,0,0,0,0,0,0,0,0
7119,[X1_X14_GET_req],7119,3,10,0,0,0,0,0,0,0,0,0,0,0,0,1
7120,REST_X14,7120,3,10,0,0,0,0,0,0,0,0,0,0,0,0,2
7121,REST_X14,7121,3,10,0,0,0,0,0,0,0,0,0,0,0,0,5
7122,[X14_X6_GET_req],7122,3,10,0,0,0,0,1,0,0,0,0,0,0,0,6
7123,REST_X6,7123,3,10,0,0,0,0,2,0,0,0,0,0,0,0,6
7124,REST_X6,7124,3,10,0,0,0,0,5,0,0,0,0,0,0,0,6
7125,[X6_X5_GET_req],7125,3,10,0,0,0,1,6,0,0,0,0,0,0,0,6
7126,REST_X5,7126,3,10,0,0,0,2,6,0,0,0,0,0,0,0,6
7127,REST_X5,7127,3,10,0,0,0,3,6,0,0,0,0,0,0,0,6
7128,[X6_X5_GET_resp_2xx],7128,3,10,0,0,0,0,3,0,0,0,0,0,0,0,6
7129,[X14_X6_GET_resp_2xx],7129,3,10,0,0,0,0,0,0,0,0,0,0,0,0,3
7130,[X1_X14_GET_resp_2xx],7130,3,3,0,0,0,0,0,0,0,0,0,0,0,0,0
7131,[X0_X1_GET_resp_2xx],7131,0,0,0,0,0,0,0,0,0,0,0,0,0,0,0
7132,REST_X0,7132,2,0,0,0,0,0,0,0,0,0,0,0,0,0,0
7133,[X0_X1_GET_req],7133,3,1,0,0,0,0,0,0,0,0,0,0,0,0,0
7134,REST_X1,7134,3,2,0,0,0,0,0,0,0,0,0,0,0,0,0
7135,REST_X1,7135,3,5,0,0,0,0,0,0,0,0,0,0,0,0,0
7136,[X1_X8_GET_req],7136,3,6,0,0,0,0,0,0,1,0,0,0,0,0,0
7137,REST_X8,7137,3,6,0,0,0,0,0,0,2,0,0,0,0,0,0
7138,REST_X8,7138,3,6,0,0,0,0,0,0,5,0,0,0,0,0,0
7139,[X8_X12_GET_req],7139,3,6,0,0,0,0,0,0,6,0,0,0,1,0,0
7140,REST_X12,7140,3,6,0,0,0,0,0,0,6,0,0,0,2,0,0
7141,REST_X12,7141,3,6,0,0,0,0,0,0,6,0,0,0,9,0,0
7142,[X12_X13_GET_req],7142,3,6,0,0,0,0,0,0,6,0,0,0,10,1,0
7143,REST_X13,7143,3,6,0,0,0,0,0,0,6,0,0,0,10,2,0
7144,REST_X13,7144,3,6,0,0,0,0,0,0,6,0,0,0,10,5,0
7145,[X13_X4_GET_req],7145,3,6,0,0,1,0,0,0,6,0,0,0,10,6,0
7146,REST_X4,7146,3,6,0,0,2,0,0,0,6,0,0,0,10,6,0
7147,REST_X4,7147,3,6,0,0,5,0,0,0,6,0,0,0,10,6,0
7148,[X4_X2_GET_req],7148,3,6,1,0,6,0,0,0,6,0,0,0,10,6,0
7149,REST_X2,7149,3,6,2,0,6,0,0,0,6,0,0,0,10,6,0
7150,REST_X2,7150,3,6,4,0,6,0,0,0,6,0,0,0,10,6,0
7151,[X4_X2_GET_resp_5xx],7151,3,6,0,0,7,0,0,0,6,0,0,0,10,6,0
7152,[X4_X2_GET_req],7152,3,6,1,0,8,0,0,0,6,0,0,0,10,6,0
7153,REST_X2,7153,3,6,2,0,8,0,0,0,6,0,0,0,10,6,0
7154,REST_X2,7154,3,6,3,0,8,0,0,0,6,0,0,0,10,6,0
7155,[X4_X2_GET_resp_2xx],7155,3,6,0,0,3,0,0,0,6,0,0,0,10,6,0
7156,[X13_X4_GET_resp_2xx],7156,3,6,0,0,0,0,0,0,6,0,0,0,10,3,0
7157,[X12_X13_GET_resp_2xx],7157,3,6,0,0,0,0,0,0,6,0,0,0,3,0,0
7158,[X8_X12_GET_resp_2xx],7158,3,6,0,0,0,0,0,0,3,0,0,0,0,0,0
7159,[X1_X8_GET_resp_2xx],7159,3,3,0,0,0,0,0,0,0,0,0,0,0,0,0
7160,[X0_X1_GET_resp_2xx],7160,0,0,0,0,0,0,0,0,0,0,0,0,0,0,0
7161,REST_X0,7161,2,0,0,0,0,0,0,0,0,0,0,0,0,0,0
7162,[X0_X1_GET_req],7162,3,1,0,0,0,0,0,0,0,0,0,0,0,0,0
7163,REST_X1,7163,3,2,0,0,0,0,0,0,0,0,0,0,0,0,0
7164,REST_X1,7164,3,5,0,0,0,0,0,0,0,0,0,0,0,0,0
7165,[X1_X8_GET_req],7165,3,6,0,0,0,0,0,0,1,0,0,0,0,0,0
7166,REST_X8,7166,3,6,0,0,0,0,0,0,2,0,0,0,0,0,0
7167,REST_X8,7167,3,6,0,0,0,0,0,0,5,0,0,0,0,0,0
7168,[X8_X12_GET_req],7168,3,6,0,0,0,0,0,0,6,0,0,0,1,0,0
7169,REST_X12,7169,3,6,0,0,0,0,0,0,6,0,0,0,2,0,0
7170,REST_X12,7170,3,6,0,0,0,0,0,0,6,0,0,0,5,0,0
7171,[X12_X3_GET_req],7171,3,6,0,1,0,0,0,0,6,0,0,0,6,0,0
7172,REST_X3,7172,3,6,0,2,0,0,0,0,6,0,0,0,6,0,0
7173,REST_X3,7173,3,6,0,5,0,0,0,0,6,0,0,0,6,0,0
7174,[X3_X9_GET_req],7174,3,6,0,6,0,0,0,0,6,1,0,0,6,0,0
7175,REST_X9,7175,3,6,0,6,0,0,0,0,6,2,0,0,6,0,0
7176,REST_X9,7176,3,6,0,6,0,0,0,0,6,3,0,0,6,0,0
7177,[X3_X9_GET_resp_2xx],7177,3,6,0,3,0,0,0,0,6,0,0,0,6,0,0
7178,[X12_X3_GET_resp_2xx],7178,3,6,0,0,0,0,0,0,6,0,0,0,3,0,0
7179,[X8_X12_GET_resp_2xx],7179,3,6,0,0,0,0,0,0,3,0,0,0,0,0,0
7180,[X1_X8_GET_resp_2xx],7180,3,3,0,0,0,0,0,0,0,0,0,0,0,0,0
7181,[X0_X1_GET_resp_2xx],7181,0,0,0,0,0,0,0,0,0,0,0,0,0,0,0
7182,REST_X0,7182,2,0,0,0,0,0,0,0,0,0,0,0,0,0,0
7183,[X0_X1_GET_req],7183,3,1,0,0,0,0,0,0,0,0,0,0,0,0,0
7184,REST_X1,7184,3,2,0,0,0,0,0,0,0,0,0,0,0,0,0
7185,REST_X1,7185,3,9,0,0,0,0,0,0,0,0,0,0,0,0,0
7186,[X1_X14_GET_req],7186,3,10,0,0,0,0,0,0,0,0,0,0,0,0,1
7187,REST_X14,7187,3,10,0,0,0,0,0,0,0,0,0,0,0,0,2
7188,REST_X14,7188,3,10,0,0,0,0,0,0,0,0,0,0,0,0,5
7189,[X14_X6_GET_req],7189,3,10,0,0,0,0,1,0,0,0,0,0,0,0,6
7190,REST_X6,7190,3,10,0,0,0,0,2,0,0,0,0,0,0,0,6
7191,REST_X6,7191,3,10,0,0,0,0,5,0,0,0,0,0,0,0,6
7192,[X6_X5_GET_req],7192,3,10,0,0,0,1,6,0,0,0,0,0,0,0,6
7193,REST_X5,7193,3,10,0,0,0,2,6,0,0,0,0,0,0,0,6
7194,REST_X5,7194,3,10,0,0,0,4,6,0,0,0,0,0,0,0,6
7195,[X6_X5_GET_resp_5xx],7195,3,10,0,0,0,0,7,0,0,0,0,0,0,0,6
7196,[X6_X5_GET_req],7196,3,10,0,0,0,1,8,0,0,0,0,0,0,0,6
7197,REST_X5,7197,3,10,0,0,0,2,8,0,0,0,0,0,0,0,6
7198,REST_X5,7198,3,10,0,0,0,3,8,0,0,0,0,0,0,0,6
7199,[X6_X5_GET_resp_2xx],7199,3,10,0,0,0,0,3,0,0,0,0,0,0,0,6
7200,[X14_X6_GET_resp_2xx],7200,3,10,0,0,0,0,0,0,0,0,0,0,0,0,3
7201,[X1_X14_GET_resp_2xx],7201,3,3,0,0,0,0,0,0,0,0,0,0,0,0,0
7202,[X0_X1_GET_resp_2xx],7202,0,0,0,0,0,0,0,0,0,0,0,0,0,0,0
7203,REST_X0,7203,2,0,0,0,0,0,0,0,0,0,0,0,0,0,0
7204,[X0_X1_GET_req],7204,3,1,0,0,0,0,0,0,0,0,0,0,0,0,0
7205,REST_X1,7205,3,2,0,0,0,0,0,0,0,0,0,0,0,0,0
7206,REST_X1,7206,3,5,0,0,0,0,0,0,0,0,0,0,0,0,0
7207,[X1_X8_GET_req],7207,3,6,0,0,0,0,0,0,1,0,0,0,0,0,0
7208,REST_X8,7208,3,6,0,0,0,0,0,0,2,0,0,0,0,0,0
7209,REST_X8,7209,3,6,0,0,0,0,0,0,5,0,0,0,0,0,0
7210,[X8_X12_GET_req],7210,3,6,0,0,0,0,0,0,6,0,0,0,1,0,0
7211,REST_X12,7211,3,6,0,0,0,0,0,0,6,0,0,0,2,0,0
7212,REST_X12,7212,3,6,0,0,0,0,0,0,6,0,0,0,9,0,0
7213,[X12_X13_GET_req],7213,3,6,0,0,0,0,0,0,6,0,0,0,10,1,0
7214,REST_X13,7214,3,6,0,0,0,0,0,0,6,0,0,0,10,2,0
7215,REST_X13,7215,3,6,0,0,0,0,0,0,6,0,0,0,10,5,0
7216,[X13_X4_GET_req],7216,3,6,0,0,1,0,0,0,6,0,0,0,10,6,0
7217,REST_X4,7217,3,6,0,0,2,0,0,0,6,0,0,0,10,6,0
7218,REST_X4,7218,3,6,0,0,13,0,0,0,6,0,0,0,10,6,0
7219,[X4_X11_GET_req],7219,3,6,0,0,14,0,0,0,6,0,0,1,10,6,0
7220,REST_X11,7220,3,6,0,0,14,0,0,0,6,0,0,2,10,6,0
7221,REST_X11,7221,3,6,0,0,14,0,0,0,6,0,0,3,10,6,0
7222,[X4_X11_GET_resp_2xx],7222,3,6,0,0,3,0,0,0,6,0,0,0,10,6,0
7223,[X13_X4_GET_resp_2xx],7223,3,6,0,0,0,0,0,0,6,0,0,0,10,3,0
7224,[X12_X13_GET_resp_2xx],7224,3,6,0,0,0,0,0,0,6,0,0,0,3,0,0
7225,[X8_X12_GET_resp_2xx],7225,3,6,0,0,0,0,0,0,3,0,0,0,0,0,0
7226,[X1_X8_GET_resp_2xx],7226,3,3,0,0,0,0,0,0,0,0,0,0,0,0,0
7227,[X0_X1_GET_resp_2xx],7227,0,0,0,0,0,0,0,0,0,0,0,0,0,0,0
7228,REST_X0,7228,2,0,0,0,0,0,0,0,0,0,0,0,0,0,0
7229,[X0_X1_GET_req],7229,3,1,0,0,0,0,0,0,0,0,0,0,0,0,0
7230,REST_X1,7230,3,2,0,0,0,0,0,0,0,0,0,0,0,0,0
7231,REST_X1,7231,3,9,0,0,0,0,0,0,0,0,0,0,0,0,0
7232,[X1_X14_GET_req],7232,3,10,0,0,0,0,0,0,0,0,0,0,0,0,1
7233,REST_X14,7233,3,10,0,0,0,0,0,0,0,0,0,0,0,0,2
7234,REST_X14,7234,3,10,0,0,0,0,0,0,0,0,0,0,0,0,5
7235,[X14_X6_GET_req],7235,3,10,0,0,0,0,1,0,0,0,0,0,0,0,6
7236,REST_X6,7236,3,10,0,0,0,0,2,0,0,0,0,0,0,0,6
7237,REST_X6,7237,3,10,0,0,0,0,5,0,0,0,0,0,0,0,6
7238,[X6_X5_GET_req],7238,3,10,0,0,0,1,6,0,0,0,0,0,0,0,6
7239,REST_X5,7239,3,10,0,0,0,2,6,0,0,0,0,0,0,0,6
7240,REST_X5,7240,3,10,0,0,0,3,6,0,0,0,0,0,0,0,6
7241,[X6_X5_GET_resp_2xx],7241,3,10,0,0,0,0,3,0,0,0,0,0,0,0,6
7242,[X14_X6_GET_resp_2xx],7242,3,10,0,0,0,0,0,0,0,0,0,0,0,0,3
7243,[X1_X14_GET_resp_2xx],7243,3,3,0,0,0,0,0,0,0,0,0,0,0,0,0
7244,[X0_X1_GET_resp_2xx],7244,0,0,0,0,0,0,0,0,0,0,0,0,0,0,0
7245,REST_X0,7245,2,0,0,0,0,0,0,0,0,0,0,0,0,0,0
7246,[X0_X1_GET_req],7246,3,1,0,0,0,0,0,0,0,0,0,0,0,0,0
7247,REST_X1,7247,3,2,0,0,0,0,0,0,0,0,0,0,0,0,0
7248,REST_X1,7248,3,9,0,0,0,0,0,0,0,0,0,0,0,0,0
7249,[X1_X14_GET_req],7249,3,10,0,0,0,0,0,0,0,0,0,0,0,0,1
7250,REST_X14,7250,3,10,0,0,0,0,0,0,0,0,0,0,0,0,2
7251,REST_X14,7251,3,10,0,0,0,0,0,0,0,0,0,0,0,0,5
7252,[X14_X6_GET_req],7252,3,10,0,0,0,0,1,0,0,0,0,0,0,0,6
7253,REST_X6,7253,3,10,0,0,0,0,2,0,0,0,0,0,0,0,6
7254,REST_X6,7254,3,10,0,0,0,0,5,0,0,0,0,0,0,0,6
7255,[X6_X5_GET_req],7255,3,10,0,0,0,1,6,0,0,0,0,0,0,0,6
7256,REST_X5,7256,3,10,0,0,0,2,6,0,0,0,0,0,0,0,6
7257,REST_X5,7257,3,10,0,0,0,3,6,0,0,0,0,0,0,0,6
7258,[X6_X5_GET_resp_2xx],7258,3,10,0,0,0,0,3,0,0,0,0,0,0,0,6
7259,[X14_X6_GET_resp_2xx],7259,3,10,0,0,0,0,0,0,0,0,0,0,0,0,3
7260,[X1_X14_GET_resp_2xx],7260,3,3,0,0,0,0,0,0,0,0,0,0,0,0,0
7261,[X0_X1_GET_resp_2xx],7261,0,0,0,0,0,0,0,0,0,0,0,0,0,0,0
7262,REST_X0,7262,2,0,0,0,0,0,0,0,0,0,0,0,0,0,0
7263,[X0_X1_GET_req],7263,3,1,0,0,0,0,0,0,0,0,0,0,0,0,0
7264,REST_X1,7264,3,2,0,0,0,0,0,0,0,0,0,0,0,0,0
7265,REST_X1,7265,3,9,0,0,0,0,0,0,0,0,0,0,0,0,0
7266,[X1_X14_GET_req],7266,3,10,0,0,0,0,0,0,0,0,0,0,0,0,1
7267,REST_X14,7267,3,10,0,0,0,0,0,0,0,0,0,0,0,0,2
7268,REST_X14,7268,3,10,0,0,0,0,0,0,0,0,0,0,0,0,5
7269,[X14_X6_GET_req],7269,3,10,0,0,0,0,1,0,0,0,0,0,0,0,6
7270,REST_X6,7270,3,10,0,0,0,0,2,0,0,0,0,0,0,0,6
7271,REST_X6,7271,3,10,0,0,0,0,5,0,0,0,0,0,0,0,6
7272,[X6_X5_GET_req],7272,3,10,0,0,0,1,6,0,0,0,0,0,0,0,6
7273,REST_X5,7273,3,10,0,0,0,2,6,0,0,0,0,0,0,0,6
7274,REST_X5,7274,3,10,0,0,0,4,6,0,0,0,0,0,0,0,6
7275,[X6_X5_GET_resp_5xx],7275,3,10,0,0,0,0,7,0,0,0,0,0,0,0,6
7276,[X6_X5_GET_req],7276,3,10,0,0,0,1,8,0,0,0,0,0,0,0,6
7277,REST_X5,7277,3,10,0,0,0,2,8,0,0,0,0,0,0,0,6
7278,REST_X5,7278,3,10,0,0,0,4,8,0,0,0,0,0,0,0,6
7279,[X6_X5_GET_resp_5xx],7279,3,10,0,0,0,0,4,0,0,0,0,0,0,0,6
7280,[X14_X6_GET_resp_5xx],7280,3,10,0,0,0,0,0,0,0,0,0,0,0,0,7
7281,[X14_X6_GET_req],7281,3,10,0,0,0,0,1,0,0,0,0,0,0,0,8
7282,REST_X6,7282,3,10,0,0,0,0,2,0,0,0,0,0,0,0,8
7283,REST_X6,7283,3,10,0,0,0,0,5,0,0,0,0,0,0,0,8
7284,[X6_X5_GET_req],7284,3,10,0,0,0,1,6,0,0,0,0,0,0,0,8
7285,REST_X5,7285,3,10,0,0,0,2,6,0,0,0,0,0,0,0,8
7286,REST_X5,7286,3,10,0,0,0,3,6,0,0,0,0,0,0,0,8
7287,[X6_X5_GET_resp_2xx],7287,3,10,0,0,0,0,3,0,0,0,0,0,0,0,8
7288,[X14_X6_GET_resp_2xx],7288,3,10,0,0,0,0,0,0,0,0,0,0,0,0,3
7289,[X1_X14_GET_resp_2xx],7289,3,3,0,0,0,0,0,0,0,0,0,0,0,0,0
7290,[X0_X1_GET_resp_2xx],7290,0,0,0,0,0,0,0,0,0,0,0,0,0,0,0
7291,REST_X0,7291,2,0,0,0,0,0,0,0,0,0,0,0,0,0,0
7292,[X0_X1_GET_req],7292,3,1,0,0,0,0,0,0,0,0,0,0,0,0,0
7293,REST_X1,7293,3,2,0,0,0,0,0,0,0,0,0,0,0,0,0
7294,REST_X1,7294,3,9,0,0,0,0,0,0,0,0,0,0,0,0,0
7295,[X1_X14_GET_req],7295,3,10,0,0,0,0,0,0,0,0,0,0,0,0,1
7296,REST_X14,7296,3,10,0,0,0,0,0,0,0,0,0,0,0,0,2
7297,REST_X14,7297,3,10,0,0,0,0,0,0,0,0,0,0,0,0,5
7298,[X14_X6_GET_req],7298,3,10,0,0,0,0,1,0,0,0,0,0,0,0,6
7299,REST_X6,7299,3,10,0,0,0,0,2,0,0,0,0,0,0,0,6
7300,REST_X6,7300,3,10,0,0,0,0,5,0,0,0,0,0,0,0,6
7301,[X6_X5_GET_req],7301,3,10,0,0,0,1,6,0,0,0,0,0,0,0,6
7302,REST_X5,7302,3,10,0,0,0,2,6,0,0,0,0,0,0,0,6
7303,REST_X5,7303,3,10,0,0,0,4,6,0,0,0,0,0,0,0,6
7304,[X6_X5_GET_resp_5xx],7304,3,10,0,0,0,0,7,0,0,0,0,0,0,0,6
7305,[X6_X5_GET_req],7305,3,10,0,0,0,1,8,0,0,0,0,0,0,0,6
7306,REST_X5,7306,3,10,0,0,0,2,8,0,0,0,0,0,0,0,6
7307,REST_X5,7307,3,10,0,0,0,3,8,0,0,0,0,0,0,0,6
7308,[X6_X5_GET_resp_2xx],7308,3,10,0,0,0,0,3,0,0,0,0,0,0,0,6
7309,[X14_X6_GET_resp_2xx],7309,3,10,0,0,0,0,0,0,0,0,0,0,0,0,3
7310,[X1_X14_GET_resp_2xx],7310,3,3,0,0,0,0,0,0,0,0,0,0,0,0,0
7311,[X0_X1_GET_resp_2xx],7311,0,0,0,0,0,0,0,0,0,0,0,0,0,0,0
7312,REST_X0,7312,2,0,0,0,0,0,0,0,0,0,0,0,0,0,0
7313,[X0_X1_GET_req],7313,3,1,0,0,0,0,0,0,0,0,0,0,0,0,0
7314,REST_X1,7314,3,2,0,0,0,0,0,0,0,0,0,0,0,0,0
7315,REST_X1,7315,3,9,0,0,0,0,0,0,0,0,0,0,0,0,0
7316,[X1_X14_GET_req],7316,3,10,0,0,0,0,0,0,0,0,0,0,0,0,1
7317,REST_X14,7317,3,10,0,0,0,0,0,0,0,0,0,0,0,0,2
7318,REST_X14,7318,3,10,0,0,0,0,0,0,0,0,0,0,0,0,5
7319,[X14_X6_GET_req],7319,3,10,0,0,0,0,1,0,0,0,0,0,0,0,6
7320,REST_X6,7320,3,10,0,0,0,0,2,0,0,0,0,0,0,0,6
7321,REST_X6,7321,3,10,0,0,0,0,5,0,0,0,0,0,0,0,6
7322,[X6_X5_GET_req],7322,3,10,0,0,0,1,6,0,0,0,0,0,0,0,6
7323,REST_X5,7323,3,10,0,0,0,2,6,0,0,0,0,0,0,0,6
7324,REST_X5,7324,3,10,0,0,0,3,6,0,0,0,0,0,0,0,6
7325,[X6_X5_GET_resp_2xx],7325,3,10,0,0,0,0,3,0,0,0,0,0,0,0,6
7326,[X14_X6_GET_resp_2xx],7326,3,10,0,0,0,0,0,0,0,0,0,0,0,0,3
7327,[X1_X14_GET_resp_2xx],7327,3,3,0,0,0,0,0,0,0,0,0,0,0,0,0
7328,[X0_X1_GET_resp_2xx],7328,0,0,0,0,0,0,0,0,0,0,0,0,0,0,0
7329,REST_X0,7329,2,0,0,0,0,0,0,0,0,0,0,0,0,0,0
7330,[X0_X1_GET_req],7330,3,1,0,0,0,0,0,0,0,0,0,0,0,0,0
7331,REST_X1,7331,3,2,0,0,0,0,0,0,0,0,0,0,0,0,0
7332,REST_X1,7332,3,9,0,0,0,0,0,0,0,0,0,0,0,0,0
7333,[X1_X14_GET_req],7333,3,10,0,0,0,0,0,0,0,0,0,0,0,0,1
7334,REST_X14,7334,3,10,0,0,0,0,0,0,0,0,0,0,0,0,2
7335,REST_X14,7335,3,10,0,0,0,0,0,0,0,0,0,0,0,0,5
7336,[X14_X6_GET_req],7336,3,10,0,0,0,0,1,0,0,0,0,0,0,0,6
7337,REST_X6,7337,3,10,0,0,0,0,2,0,0,0,0,0,0,0,6
7338,REST_X6,7338,3,10,0,0,0,0,5,0,0,0,0,0,0,0,6
7339,[X6_X5_GET_req],7339,3,10,0,0,0,1,6,0,0,0,0,0,0,0,6
7340,REST_X5,7340,3,10,0,0,0,2,6,0,0,0,0,0,0,0,6
7341,REST_X5,7341,3,10,0,0,0,4,6,0,0,0,0,0,0,0,6
7342,[X6_X5_GET_resp_5xx],7342,3,10,0,0,0,0,7,0,0,0,0,0,0,0,6
7343,[X6_X5_GET_req],7343,3,10,0,0,0,1,8,0,0,0,0,0,0,0,6
7344,REST_X5,7344,3,10,0,0,0,2,8,0,0,0,0,0,0,0,6
7345,REST_X5,7345,3,10,0,0,0,3,8,0,0,0,0,0,0,0,6
7346,[X6_X5_GET_resp_2xx],7346,3,10,0,0,0,0,3,0,0,0,0,0,0,0,6
7347,[X14_X6_GET_resp_2xx],7347,3,10,0,0,0,0,0,0,0,0,0,0,0,0,3
7348,[X1_X14_GET_resp_2xx],7348,3,3,0,0,0,0,0,0,0,0,0,0,0,0,0
7349,[X0_X1_GET_resp_2xx],7349,0,0,0,0,0,0,0,0,0,0,0,0,0,0,0
7350,REST_X0,7350,2,0,0,0,0,0,0,0,0,0,0,0,0,0,0
7351,[X0_X1_GET_req],7351,3,1,0,0,0,0,0,0,0,0,0,0,0,0,0
7352,REST_X1,7352,3,2,0,0,0,0,0,0,0,0,0,0,0,0,0
7353,REST_X1,7353,3,5,0,0,0,0,0,0,0,0,0,0,0,0,0
7354,[X1_X8_GET_req],7354,3,6,0,0,0,0,0,0,1,0,0,0,0,0,0
7355,REST_X8,7355,3,6,0,0,0,0,0,0,2,0,0,0,0,0,0
7356,REST_X8,7356,3,6,0,0,0,0,0,0,5,0,0,0,0,0,0
7357,[X8_X12_GET_req],7357,3,6,0,0,0,0,0,0,6,0,0,0,1,0,0
7358,REST_X12,7358,3,6,0,0,0,0,0,0,6,0,0,0,2,0,0
7359,REST_X12,7359,3,6,0,0,0,0,0,0,6,0,0,0,5,0,0
7360,[X12_X3_GET_req],7360,3,6,0,1,0,0,0,0,6,0,0,0,6,0,0
7361,REST_X3,7361,3,6,0,2,0,0,0,0,6,0,0,0,6,0,0
7362,REST_X3,7362,3,6,0,5,0,0,0,0,6,0,0,0,6,0,0
7363,[X3_X9_GET_req],7363,3,6,0,6,0,0,0,0,6,1,0,0,6,0,0
7364,REST_X9,7364,3,6,0,6,0,0,0,0,6,2,0,0,6,0,0
7365,REST_X9,7365,3,6,0,6,0,0,0,0,6,4,0,0,6,0,0
7366,[X3_X9_GET_resp_5xx],7366,3,6,0,7,0,0,0,0,6,0,0,0,6,0,0
7367,[X3_X9_GET_req],7367,3,6,0,8,0,0,0,0,6,1,0,0,6,0,0
7368,REST_X9,7368,3,6,0,8,0,0,0,0,6,2,0,0,6,0,0
7369,REST_X9,7369,3,6,0,8,0,0,0,0,6,3,0,0,6,0,0
7370,[X3_X9_GET_resp_2xx],7370,3,6,0,3,0,0,0,0,6,0,0,0,6,0,0
7371,[X12_X3_GET_resp_2xx],7371,3,6,0,0,0,0,0,0,6,0,0,0,3,0,0
7372,[X8_X12_GET_resp_2xx],7372,3,6,0,0,0,0,0,0,3,0,0,0,0,0,0
7373,[X1_X8_GET_resp_2xx],7373,3,3,0,0,0,0,0,0,0,0,0,0,0,0,0
7374,[X0_X1_GET_resp_2xx],7374,0,0,0,0,0,0,0,0,0,0,0,0,0,0,0
7375,REST_X0,7375,2,0,0,0,0,0,0,0,0,0,0,0,0,0,0
7376,[X0_X1_GET_req],7376,3,1,0,0,0,0,0,0,0,0,0,0,0,0,0
7377,REST_X1,7377,3,2,0,0,0,0,0,0,0,0,0,0,0,0,0
7378,REST_X1,7378,3,5,0,0,0,0,0,0,0,0,0,0,0,0,0
7379,[X1_X8_GET_req],7379,3,6,0,0,0,0,0,0,1,0,0,0,0,0,0
7380,REST_X8,7380,3,6,0,0,0,0,0,0,2,0,0,0,0,0,0
7381,REST_X8,7381,3,6,0,0,0,0,0,0,5,0,0,0,0,0,0
7382,[X8_X12_GET_req],7382,3,6,0,0,0,0,0,0,6,0,0,0,1,0,0
7383,REST_X12,7383,3,6,0,0,0,0,0,0,6,0,0,0,2,0,0
7384,REST_X12,7384,3,6,0,0,0,0,0,0,6,0,0,0,9,0,0
7385,[X12_X13_GET_req],7385,3,6,0,0,0,0,0,0,6,0,0,0,10,1,0
7386,REST_X13,7386,3,6,0,0,0,0,0,0,6,0,0,0,10,2,0
7387,REST_X13,7387,3,6,0,0,0,0,0,0,6,0,0,0,10,5,0
7388,[X13_X4_GET_req],7388,3,6,0,0,1,0,0,0,6,0,0,0,10,6,0
7389,REST_X4,7389,3,6,0,0,2,0,0,0,6,0,0,0,10,6,0
7390,REST_X4,7390,3,6,0,0,13,0,0,0,6,0,0,0,10,6,0
7391,[X4_X11_GET_req],7391,3,6,0,0,14,0,0,0,6,0,0,1,10,6,0
7392,REST_X11,7392,3,6,0,0,14,0,0,0,6,0,0,2,10,6,0
7393,REST_X11,7393,3,6,0,0,14,0,0,0,6,0,0,3,10,6,0
7394,[X4_X11_GET_resp_2xx],7394,3,6,0,0,3,0,0,0,6,0,0,0,10,6,0
7395,[X13_X4_GET_resp_2xx],7395,3,6,0,0,0,0,0,0,6,0,0,0,10,3,0
7396,[X12_X13_GET_resp_2xx],7396,3,6,0,0,0,0,0,0,6,0,0,0,3,0,0
7397,[X8_X12_GET_resp_2xx],7397,3,6,0,0,0,0,0,0,3,0,0,0,0,0,0
7398,[X1_X8_GET_resp_2xx],7398,3,3,0,0,0,0,0,0,0,0,0,0,0,0,0
7399,[X0_X1_GET_resp_2xx],7399,0,0,0,0,0,0,0,0,0,0,0,0,0,0,0
7400,REST_X0,7400,2,0,0,0,0,0,0,0,0,0,0,0,0,0,0
7401,[X0_X1_GET_req],7401,3,1,0,0,0,0,0,0,0,0,0,0,0,0,0
7402,REST_X1,7402,3,2,0,0,0,0,0,0,0,0,0,0,0,0,0
7403,REST_X1,7403,3,9,0,0,0,0,0,0,0,0,0,0,0,0,0
7404,[X1_X14_GET_req],7404,3,10,0,0,0,0,0,0,0,0,0,0,0,0,1
7405,REST_X14,7405,3,10,0,0,0,0,0,0,0,0,0,0,0,0,2
7406,REST_X14,7406,3,10,0,0,0,0,0,0,0,0,0,0,0,0,5
7407,[X14_X6_GET_req],7407,3,10,0,0,0,0,1,0,0,0,0,0,0,0,6
7408,REST_X6,7408,3,10,0,0,0,0,2,0,0,0,0,0,0,0,6
7409,REST_X6,7409,3,10,0,0,0,0,5,0,0,0,0,0,0,0,6
7410,[X6_X5_GET_req],7410,3,10,0,0,0,1,6,0,0,0,0,0,0,0,6
7411,REST_X5,7411,3,10,0,0,0,2,6,0,0,0,0,0,0,0,6
7412,REST_X5,7412,3,10,0,0,0,3,6,0,0,0,0,0,0,0,6
7413,[X6_X5_GET_resp_2xx],7413,3,10,0,0,0,0,3,0,0,0,0,0,0,0,6
7414,[X14_X6_GET_resp_2xx],7414,3,10,0,0,0,0,0,0,0,0,0,0,0,0,3
7415,[X1_X14_GET_resp_2xx],7415,3,3,0,0,0,0,0,0,0,0,0,0,0,0,0
7416,[X0_X1_GET_resp_2xx],7416,0,0,0,0,0,0,0,0,0,0,0,0,0,0,0
7417,REST_X0,7417,2,0,0,0,0,0,0,0,0,0,0,0,0,0,0
7418,[X0_X1_GET_req],7418,3,1,0,0,0,0,0,0,0,0,0,0,0,0,0
7419,REST_X1,7419,3,2,0,0,0,0,0,0,0,0,0,0,0,0,0
7420,REST_X1,7420,3,9,0,0,0,0,0,0,0,0,0,0,0,0,0
7421,[X1_X14_GET_req],7421,3,10,0,0,0,0,0,0,0,0,0,0,0,0,1
7422,REST_X14,7422,3,10,0,0,0,0,0,0,0,0,0,0,0,0,2
7423,REST_X14,7423,3,10,0,0,0,0,0,0,0,0,0,0,0,0,5
7424,[X14_X6_GET_req],7424,3,10,0,0,0,0,1,0,0,0,0,0,0,0,6
7425,REST_X6,7425,3,10,0,0,0,0,2,0,0,0,0,0,0,0,6
7426,REST_X6,7426,3,10,0,0,0,0,5,0,0,0,0,0,0,0,6
7427,[X6_X5_GET_req],7427,3,10,0,0,0,1,6,0,0,0,0,0,0,0,6
7428,REST_X5,7428,3,10,0,0,0,2,6,0,0,0,0,0,0,0,6
7429,REST_X5,7429,3,10,0,0,0,3,6,0,0,0,0,0,0,0,6
7430,[X6_X5_GET_resp_2xx],7430,3,10,0,0,0,0,3,0,0,0,0,0,0,0,6
7431,[X14_X6_GET_resp_2xx],7431,3,10,0,0,0,0,0,0,0,0,0,0,0,0,3
7432,[X1_X14_GET_resp_2xx],7432,3,3,0,0,0,0,0,0,0,0,0,0,0,0,0
7433,[X0_X1_GET_resp_2xx],7433,0,0,0,0,0,0,0,0,0,0,0,0,0,0,0
7434,REST_X0,7434,2,0,0,0,0,0,0,0,0,0,0,0,0,0,0
7435,[X0_X1_GET_req],7435,3,1,0,0,0,0,0,0,0,0,0,0,0,0,0
7436,REST_X1,7436,3,2,0,0,0,0,0,0,0,0,0,0,0,0,0
7437,REST_X1,7437,3,9,0,0,0,0,0,0,0,0,0,0,0,0,0
7438,[X1_X14_GET_req],7438,3,10,0,0,0,0,0,0,0,0,0,0,0,0,1
7439,REST_X14,7439,3,10,0,0,0,0,0,0,0,0,0,0,0,0,2
7440,REST_X14,7440,3,10,0,0,0,0,0,0,0,0,0,0,0,0,5
7441,[X14_X6_GET_req],7441,3,10,0,0,0,0,1,0,0,0,0,0,0,0,6
7442,REST_X6,7442,3,10,0,0,0,0,2,0,0,0,0,0,0,0,6
7443,REST_X6,7443,3,10,0,0,0,0,5,0,0,0,0,0,0,0,6
7444,[X6_X5_GET_req],7444,3,10,0,0,0,1,6,0,0,0,0,0,0,0,6
7445,REST_X5,7445,3,10,0,0,0,2,6,0,0,0,0,0,0,0,6
7446,REST_X5,7446,3,10,0,0,0,3,6,0,0,0,0,0,0,0,6
7447,[X6_X5_GET_resp_2xx],7447,3,10,0,0,0,0,3,0,0,0,0,0,0,0,6
7448,[X14_X6_GET_resp_2xx],7448,3,10,0,0,0,0,0,0,0,0,0,0,0,0,3
7449,[X1_X14_GET_resp_2xx],7449,3,3,0,0,0,0,0,0,0,0,0,0,0,0,0
7450,[X0_X1_GET_resp_2xx],7450,0,0,0,0,0,0,0,0,0,0,0,0,0,0,0
7451,REST_X0,7451,2,0,0,0,0,0,0,0,0,0,0,0,0,0,0
7452,[X0_X1_GET_req],7452,3,1,0,0,0,0,0,0,0,0,0,0,0,0,0
7453,REST_X1,7453,3,2,0,0,0,0,0,0,0,0,0,0,0,0,0
7454,REST_X1,7454,3,5,0,0,0,0,0,0,0,0,0,0,0,0,0
7455,[X1_X8_GET_req],7455,3,6,0,0,0,0,0,0,1,0,0,0,0,0,0
7456,REST_X8,7456,3,6,0,0,0,0,0,0,2,0,0,0,0,0,0
7457,REST_X8,7457,3,6,0,0,0,0,0,0,5,0,0,0,0,0,0
7458,[X8_X12_GET_req],7458,3,6,0,0,0,0,0,0,6,0,0,0,1,0,0
7459,REST_X12,7459,3,6,0,0,0,0,0,0,6,0,0,0,2,0,0
7460,REST_X12,7460,3,6,0,0,0,0,0,0,6,0,0,0,9,0,0
7461,[X12_X13_GET_req],7461,3,6,0,0,0,0,0,0,6,0,0,0,10,1,0
7462,REST_X13,7462,3,6,0,0,0,0,0,0,6,0,0,0,10,2,0
7463,REST_X13,7463,3,6,0,0,0,0,0,0,6,0,0,0,10,5,0
7464,[X13_X4_GET_req],7464,3,6,0,0,1,0,0,0,6,0,0,0,10,6,0
7465,REST_X4,7465,3,6,0,0,2,0,0,0,6,0,0,0,10,6,0
7466,REST_X4,7466,3,6,0,0,13,0,0,0,6,0,0,0,10,6,0
7467,[X4_X11_GET_req],7467,3,6,0,0,14,0,0,0,6,0,0,1,10,6,0
7468,REST_X11,7468,3,6,0,0,14,0,0,0,6,0,0,2,10,6,0
7469,REST_X11,7469,3,6,0,0,14,0,0,0,6,0,0,3,10,6,0
7470,[X4_X11_GET_resp_2xx],7470,3,6,0,0,3,0,0,0,6,0,0,0,10,6,0
7471,[X13_X4_GET_resp_2xx],7471,3,6,0,0,0,0,0,0,6,0,0,0,10,3,0
7472,[X12_X13_GET_resp_2xx],7472,3,6,0,0,0,0,0,0,6,0,0,0,3,0,0
7473,[X8_X12_GET_resp_2xx],7473,3,6,0,0,0,0,0,0,3,0,0,0,0,0,0
7474,[X1_X8_GET_resp_2xx],7474,3,3,0,0,0,0,0,0,0,0,0,0,0,0,0
7475,[X0_X1_GET_resp_2xx],7475,0,0,0,0,0,0,0,0,0,0,0,0,0,0,0
7476,REST_X0,7476,2,0,0,0,0,0,0,0,0,0,0,0,0,0,0
7477,[X0_X1_GET_req],7477,3,1,0,0,0,0,0,0,0,0,0,0,0,0,0
7478,REST_X1,7478,3,2,0,0,0,0,0,0,0,0,0,0,0,0,0
7479,REST_X1,7479,3,5,0,0,0,0,0,0,0,0,0,0,0,0,0
7480,[X1_X8_GET_req],7480,3,6,0,0,0,0,0,0,1,0,0,0,0,0,0
7481,REST_X8,7481,3,6,0,0,0,0,0,0,2,0,0,0,0,0,0
7482,REST_X8,7482,3,6,0,0,0,0,0,0,5,0,0,0,0,0,0
7483,[X8_X12_GET_req],7483,3,6,0,0,0,0,0,0,6,0,0,0,1,0,0
7484,REST_X12,7484,3,6,0,0,0,0,0,0,6,0,0,0,2,0,0
7485,REST_X12,7485,3,6,0,0,0,0,0,0,6,0,0,0,5,0,0
7486,[X12_X3_GET_req],7486,3,6,0,1,0,0,0,0,6,0,0,0,6,0,0
7487,REST_X3,7487,3,6,0,2,0,0,0,0,6,0,0,0,6,0,0
7488,REST_X3,7488,3,6,0,5,0,0,0,0,6,0,0,0,6,0,0
7489,[X3_X9_GET_req],7489,3,6,0,6,0,0,0,0,6,1,0,0,6,0,0
7490,REST_X9,7490,3,6,0,6,0,0,0,0,6,2,0,0,6,0,0
7491,REST_X9,7491,3,6,0,6,0,0,0,0,6,3,0,0,6,0,0
7492,[X3_X9_GET_resp_2xx],7492,3,6,0,3,0,0,0,0,6,0,0,0,6,0,0
7493,[X12_X3_GET_resp_2xx],7493,3,6,0,0,0,0,0,0,6,0,0,0,3,0,0
7494,[X8_X12_GET_resp_2xx],7494,3,6,0,0,0,0,0,0,3,0,0,0,0,0,0
7495,[X1_X8_GET_resp_2xx],7495,3,3,0,0,0,0,0,0,0,0,0,0,0,0,0
7496,[X0_X1_GET_resp_2xx],7496,0,0,0,0,0,0,0,0,0,0,0,0,0,0,0
7497,REST_X0,7497,2,0,0,0,0,0,0,0,0,0,0,0,0,0,0
7498,[X0_X1_GET_req],7498,3,1,0,0,0,0,0,0,0,0,0,0,0,0,0
7499,REST_X1,7499,3,2,0,0,0,0,0,0,0,0,0,0,0,0,0
7500,REST_X1,7500,3,5,0,0,0,0,0,0,0,0,0,0,0,0,0
7501,[X1_X8_GET_req],7501,3,6,0,0,0,0,0,0,1,0,0,0,0,0,0
7502,REST_X8,7502,3,6,0,0,0,0,0,0,2,0,0,0,0,0,0
7503,REST_X8,7503,3,6,0,0,0,0,0,0,5,0,0,0,0,0,0
7504,[X8_X12_GET_req],7504,3,6,0,0,0,0,0,0,6,0,0,0,1,0,0
7505,REST_X12,7505,3,6,0,0,0,0,0,0,6,0,0,0,2,0,0
7506,REST_X12,7506,3,6,0,0,0,0,0,0,6,0,0,0,5,0,0
7507,[X12_X3_GET_req],7507,3,6,0,1,0,0,0,0,6,0,0,0,6,0,0
7508,REST_X3,7508,3,6,0,2,0,0,0,0,6,0,0,0,6,0,0
7509,REST_X3,7509,3,6,0,5,0,0,0,0,6,0,0,0,6,0,0
7510,[X3_X9_GET_req],7510,3,6,0,6,0,0,0,0,6,1,0,0,6,0,0
7511,REST_X9,7511,3,6,0,6,0,0,0,0,6,2,0,0,6,0,0
7512,REST_X9,7512,3,6,0,6,0,0,0,0,6,3,0,0,6,0,0
7513,[X3_X9_GET_resp_2xx],7513,3,6,0,3,0,0,0,0,6,0,0,0,6,0,0
7514,[X12_X3_GET_resp_2xx],7514,3,6,0,0,0,0,0,0,6,0,0,0,3,0,0
7515,[X8_X12_GET_resp_2xx],7515,3,6,0,0,0,0,0,0,3,0,0,0,0,0,0
7516,[X1_X8_GET_resp_2xx],7516,3,3,0,0,0,0,0,0,0,0,0,0,0,0,0
7517,[X0_X1_GET_resp_2xx],7517,0,0,0,0,0,0,0,0,0,0,0,0,0,0,0
7518,REST_X0,7518,2,0,0,0,0,0,0,0,0,0,0,0,0,0,0
7519,[X0_X1_GET_req],7519,3,1,0,0,0,0,0,0,0,0,0,0,0,0,0
7520,REST_X1,7520,3,2,0,0,0,0,0,0,0,0,0,0,0,0,0
7521,REST_X1,7521,3,5,0,0,0,0,0,0,0,0,0,0,0,0,0
7522,[X1_X8_GET_req],7522,3,6,0,0,0,0,0,0,1,0,0,0,0,0,0
7523,REST_X8,7523,3,6,0,0,0,0,0,0,2,0,0,0,0,0,0
7524,REST_X8,7524,3,6,0,0,0,0,0,0,5,0,0,0,0,0,0
7525,[X8_X12_GET_req],7525,3,6,0,0,0,0,0,0,6,0,0,0,1,0,0
7526,REST_X12,7526,3,6,0,0,0,0,0,0,6,0,0,0,2,0,0
7527,REST_X12,7527,3,6,0,0,0,0,0,0,6,0,0,0,5,0,0
7528,[X12_X3_GET_req],7528,3,6,0,1,0,0,0,0,6,0,0,0,6,0,0
7529,REST_X3,7529,3,6,0,2,0,0,0,0,6,0,0,0,6,0,0
7530,REST_X3,7530,3,6,0,5,0,0,0,0,6,0,0,0,6,0,0
7531,[X3_X9_GET_req],7531,3,6,0,6,0,0,0,0,6,1,0,0,6,0,0
7532,REST_X9,7532,3,6,0,6,0,0,0,0,6,2,0,0,6,0,0
7533,REST_X9,7533,3,6,0,6,0,0,0,0,6,3,0,0,6,0,0
7534,[X3_X9_GET_resp_2xx],7534,3,6,0,3,0,0,0,0,6,0,0,0,6,0,0
7535,[X12_X3_GET_resp_2xx],7535,3,6,0,0,0,0,0,0,6,0,0,0,3,0,0
7536,[X8_X12_GET_resp_2xx],7536,3,6,0,0,0,0,0,0,3,0,0,0,0,0,0
7537,[X1_X8_GET_resp_2xx],7537,3,3,0,0,0,0,0,0,0,0,0,0,0,0,0
7538,[X0_X1_GET_resp_2xx],7538,0,0,0,0,0,0,0,0,0,0,0,0,0,0,0
7539,REST_X0,7539,2,0,0,0,0,0,0,0,0,0,0,0,0,0,0
7540,[X0_X1_GET_req],7540,3,1,0,0,0,0,0,0,0,0,0,0,0,0,0
7541,REST_X1,7541,3,2,0,0,0,0,0,0,0,0,0,0,0,0,0
7542,REST_X1,7542,3,5,0,0,0,0,0,0,0,0,0,0,0,0,0
7543,[X1_X8_GET_req],7543,3,6,0,0,0,0,0,0,1,0,0,0,0,0,0
7544,REST_X8,7544,3,6,0,0,0,0,0,0,2,0,0,0,0,0,0
7545,REST_X8,7545,3,6,0,0,0,0,0,0,5,0,0,0,0,0,0
7546,[X8_X12_GET_req],7546,3,6,0,0,0,0,0,0,6,0,0,0,1,0,0
7547,REST_X12,7547,3,6,0,0,0,0,0,0,6,0,0,0,2,0,0
7548,REST_X12,7548,3,6,0,0,0,0,0,0,6,0,0,0,9,0,0
7549,[X12_X13_GET_req],7549,3,6,0,0,0,0,0,0,6,0,0,0,10,1,0
7550,REST_X13,7550,3,6,0,0,0,0,0,0,6,0,0,0,10,2,0
7551,REST_X13,7551,3,6,0,0,0,0,0,0,6,0,0,0,10,5,0
7552,[X13_X4_GET_req],7552,3,6,0,0,1,0,0,0,6,0,0,0,10,6,0
7553,REST_X4,7553,3,6,0,0,2,0,0,0,6,0,0,0,10,6,0
7554,REST_X4,7554,3,6,0,0,9,0,0,0,6,0,0,0,10,6,0
7555,[X4_X7_GET_req],7555,3,6,0,0,10,0,0,1,6,0,0,0,10,6,0
7556,REST_X7,7556,3,6,0,0,10,0,0,2,6,0,0,0,10,6,0
7557,REST_X7,7557,3,6,0,0,10,0,0,5,6,0,0,0,10,6,0
7558,[X7_X10_GET_req],7558,3,6,0,0,10,0,0,6,6,0,1,0,10,6,0
7559,REST_X10,7559,3,6,0,0,10,0,0,6,6,0,2,0,10,6,0
7560,REST_X10,7560,3,6,0,0,10,0,0,6,6,0,3,0,10,6,0
7561,[X7_X10_GET_resp_2xx],7561,3,6,0,0,10,0,0,3,6,0,0,0,10,6,0
7562,[X4_X7_GET_resp_2xx],7562,3,6,0,0,3,0,0,0,6,0,0,0,10,6,0
7563,[X13_X4_GET_resp_2xx],7563,3,6,0,0,0,0,0,0,6,0,0,0,10,3,0
7564,[X12_X13_GET_resp_2xx],7564,3,6,0,0,0,0,0,0,6,0,0,0,3,0,0
7565,[X8_X12_GET_resp_2xx],7565,3,6,0,0,0,0,0,0,3,0,0,0,0,0,0
7566,[X1_X8_GET_resp_2xx],7566,3,3,0,0,0,0,0,0,0,0,0,0,0,0,0
7567,[X0_X1_GET_resp_2xx],7567,0,0,0,0,0,0,0,0,0,0,0,0,0,0,0
7568,REST_X0,7568,2,0,0,0,0,0,0,0,0,0,0,0,0,0,0
7569,[X0_X1_GET_req],7569,3,1,0,0,0,0,0,0,0,0,0,0,0,0,0
7570,REST_X1,7570,3,2,0,0,0,0,0,0,0,0,0,0,0,0,0
7571,REST_X1,7571,3,9,0,0,0,0,0,0,0,0,0,0,0,0,0
7572,[X1_X14_GET_req],7572,3,10,0,0,0,0,0,0,0,0,0,0,0,0,1
7573,REST_X14,7573,3,10,0,0,0,0,0,0,0,0,0,0,0,0,2
7574,REST_X14,7574,3,10,0,0,0,0,0,0,0,0,0,0,0,0,5
7575,[X14_X6_GET_req],7575,3,10,0,0,0,0,1,0,0,0,0,0,0,0,6
7576,REST_X6,7576,3,10,0,0,0,0,2,0,0,0,0,0,0,0,6
7577,REST_X6,7577,3,10,0,0,0,0,5,0,0,0,0,0,0,0,6
7578,[X6_X5_GET_req],7578,3,10,0,0,0,1,6,0,0,0,0,0,0,0,6
7579,REST_X5,7579,3,10,0,0,0,2,6,0,0,0,0,0,0,0,6
7580,REST_X5,7580,3,10,0,0,0,3,6,0,0,0,0,0,0,0,6
7581,[X6_X5_GET_resp_2xx],7581,3,10,0,0,0,0,3,0,0,0,0,0,0,0,6
7582,[X14_X6_GET_resp_2xx],7582,3,10,0,0,0,0,0,0,0,0,0,0,0,0,3
7583,[X1_X14_GET_resp_2xx],7583,3,3,0,0,0,0,0,0,0,0,0,0,0,0,0
7584,[X0_X1_GET_resp_2xx],7584,0,0,0,0,0,0,0,0,0,0,0,0,0,0,0
7585,REST_X0,7585,2,0,0,0,0,0,0,0,0,0,0,0,0,0,0
7586,[X0_X1_GET_req],7586,3,1,0,0,0,0,0,0,0,0,0,0,0,0,0
7587,REST_X1,7587,3,2,0,0,0,0,0,0,0,0,0,0,0,0,0
7588,REST_X1,7588,3,5,0,0,0,0,0,0,0,0,0,0,0,0,0
7589,[X1_X8_GET_req],7589,3,6,0,0,0,0,0,0,1,0,0,0,0,0,0
7590,REST_X8,7590,3,6,0,0,0,0,0,0,2,0,0,0,0,0,0
7591,REST_X8,7591,3,6,0,0,0,0,0,0,5,0,0,0,0,0,0
7592,[X8_X12_GET_req],7592,3,6,0,0,0,0,0,0,6,0,0,0,1,0,0
7593,REST_X12,7593,3,6,0,0,0,0,0,0,6,0,0,0,2,0,0
7594,REST_X12,7594,3,6,0,0,0,0,0,0,6,0,0,0,9,0,0
7595,[X12_X13_GET_req],7595,3,6,0,0,0,0,0,0,6,0,0,0,10,1,0
7596,REST_X13,7596,3,6,0,0,0,0,0,0,6,0,0,0,10,2,0
7597,REST_X13,7597,3,6,0,0,0,0,0,0,6,0,0,0,10,5,0
7598,[X13_X4_GET_req],7598,3,6,0,0,1,0,0,0,6,0,0,0,10,6,0
7599,REST_X4,7599,3,6,0,0,2,0,0,0,6,0,0,0,10,6,0
7600,REST_X4,7600,3,6,0,0,13,0,0,0,6,0,0,0,10,6,0
7601,[X4_X11_GET_req],7601,3,6,0,0,14,0,0,0,6,0,0,1,10,6,0
7602,REST_X11,7602,3,6,0,0,14,0,0,0,6,0,0,2,10,6,0
7603,REST_X11,7603,3,6,0,0,14,0,0,0,6,0,0,3,10,6,0
7604,[X4_X11_GET_resp_2xx],7604,3,6,0,0,3,0,0,0,6,0,0,0,10,6,0
7605,[X13_X4_GET_resp_2xx],7605,3,6,0,0,0,0,0,0,6,0,0,0,10,3,0
7606,[X12_X13_GET_resp_2xx],7606,3,6,0,0,0,0,0,0,6,0,0,0,3,0,0
7607,[X8_X12_GET_resp_2xx],7607,3,6,0,0,0,0,0,0,3,0,0,0,0,0,0
7608,[X1_X8_GET_resp_2xx],7608,3,3,0,0,0,0,0,0,0,0,0,0,0,0,0
7609,[X0_X1_GET_resp_2xx],7609,0,0,0,0,0,0,0,0,0,0,0,0,0,0,0
7610,REST_X0,7610,2,0,0,0,0,0,0,0,0,0,0,0,0,0,0
7611,[X0_X1_GET_req],7611,3,1,0,0,0,0,0,0,0,0,0,0,0,0,0
7612,REST_X1,7612,3,2,0,0,0,0,0,0,0,0,0,0,0,0,0
7613,REST_X1,7613,3,5,0,0,0,0,0,0,0,0,0,0,0,0,0
7614,[X1_X8_GET_req],7614,3,6,0,0,0,0,0,0,1,0,0,0,0,0,0
7615,REST_X8,7615,3,6,0,0,0,0,0,0,2,0,0,0,0,0,0
7616,REST_X8,7616,3,6,0,0,0,0,0,0,5,0,0,0,0,0,0
7617,[X8_X12_GET_req],7617,3,6,0,0,0,0,0,0,6,0,0,0,1,0,0
7618,REST_X12,7618,3,6,0,0,0,0,0,0,6,0,0,0,2,0,0
7619,REST_X12,7619,3,6,0,0,0,0,0,0,6,0,0,0,9,0,0
7620,[X12_X13_GET_req],7620,3,6,0,0,0,0,0,0,6,0,0,0,10,1,0
7621,REST_X13,7621,3,6,0,0,0,0,0,0,6,0,0,0,10,2,0
7622,REST_X13,7622,3,6,0,0,0,0,0,0,6,0,0,0,10,5,0
7623,[X13_X4_GET_req],7623,3,6,0,0,1,0,0,0,6,0,0,0,10,6,0
7624,REST_X4,7624,3,6,0,0,2,0,0,0,6,0,0,0,10,6,0
7625,REST_X4,7625,3,6,0,0,9,0,0,0,6,0,0,0,10,6,0
7626,[X4_X7_GET_req],7626,3,6,0,0,10,0,0,1,6,0,0,0,10,6,0
7627,REST_X7,7627,3,6,0,0,10,0,0,2,6,0,0,0,10,6,0
7628,REST_X7,7628,3,6,0,0,10,0,0,5,6,0,0,0,10,6,0
7629,[X7_X10_GET_req],7629,3,6,0,0,10,0,0,6,6,0,1,0,10,6,0
7630,REST_X10,7630,3,6,0,0,10,0,0,6,6,0,2,0,10,6,0
7631,REST_X10,7631,3,6,0,0,10,0,0,6,6,0,3,0,10,6,0
7632,[X7_X10_GET_resp_2xx],7632,3,6,0,0,10,0,0,3,6,0,0,0,10,6,0
7633,[X4_X7_GET_resp_2xx],7633,3,6,0,0,3,0,0,0,6,0,0,0,10,6,0
7634,[X13_X4_GET_resp_2xx],7634,3,6,0,0,0,0,0,0,6,0,0,0,10,3,0
7635,[X12_X13_GET_resp_2xx],7635,3,6,0,0,0,0,0,0,6,0,0,0,3,0,0
7636,[X8_X12_GET_resp_2xx],7636,3,6,0,0,0,0,0,0,3,0,0,0,0,0,0
7637,[X1_X8_GET_resp_2xx],7637,3,3,0,0,0,0,0,0,0,0,0,0,0,0,0
7638,[X0_X1_GET_resp_2xx],7638,0,0,0,0,0,0,0,0,0,0,0,0,0,0,0
7639,REST_X0,7639,2,0,0,0,0,0,0,0,0,0,0,0,0,0,0
7640,[X0_X1_GET_req],7640,3,1,0,0,0,0,0,0,0,0,0,0,0,0,0
7641,REST_X1,7641,3,2,0,0,0,0,0,0,0,0,0,0,0,0,0
7642,REST_X1,7642,3,9,0,0,0,0,0,0,0,0,0,0,0,0,0
7643,[X1_X14_GET_req],7643,3,10,0,0,0,0,0,0,0,0,0,0,0,0,1
7644,REST_X14,7644,3,10,0,0,0,0,0,0,0,0,0,0,0,0,2
7645,REST_X14,7645,3,10,0,0,0,0,0,0,0,0,0,0,0,0,5
7646,[X14_X6_GET_req],7646,3,10,0,0,0,0,1,0,0,0,0,0,0,0,6
7647,REST_X6,7647,3,10,0,0,0,0,2,0,0,0,0,0,0,0,6
7648,REST_X6,7648,3,10,0,0,0,0,5,0,0,0,0,0,0,0,6
7649,[X6_X5_GET_req],7649,3,10,0,0,0,1,6,0,0,0,0,0,0,0,6
7650,REST_X5,7650,3,10,0,0,0,2,6,0,0,0,0,0,0,0,6
7651,REST_X5,7651,3,10,0,0,0,3,6,0,0,0,0,0,0,0,6
7652,[X6_X5_GET_resp_2xx],7652,3,10,0,0,0,0,3,0,0,0,0,0,0,0,6
7653,[X14_X6_GET_resp_2xx],7653,3,10,0,0,0,0,0,0,0,0,0,0,0,0,3
7654,[X1_X14_GET_resp_2xx],7654,3,3,0,0,0,0,0,0,0,0,0,0,0,0,0
7655,[X0_X1_GET_resp_2xx],7655,0,0,0,0,0,0,0,0,0,0,0,0,0,0,0
7656,REST_X0,7656,2,0,0,0,0,0,0,0,0,0,0,0,0,0,0
7657,[X0_X1_GET_req],7657,3,1,0,0,0,0,0,0,0,0,0,0,0,0,0
7658,REST_X1,7658,3,2,0,0,0,0,0,0,0,0,0,0,0,0,0
7659,REST_X1,7659,3,9,0,0,0,0,0,0,0,0,0,0,0,0,0
7660,[X1_X14_GET_req],7660,3,10,0,0,0,0,0,0,0,0,0,0,0,0,1
7661,REST_X14,7661,3,10,0,0,0,0,0,0,0,0,0,0,0,0,2
7662,REST_X14,7662,3,10,0,0,0,0,0,0,0,0,0,0,0,0,5
7663,[X14_X6_GET_req],7663,3,10,0,0,0,0,1,0,0,0,0,0,0,0,6
7664,REST_X6,7664,3,10,0,0,0,0,2,0,0,0,0,0,0,0,6
7665,REST_X6,7665,3,10,0,0,0,0,5,0,0,0,0,0,0,0,6
7666,[X6_X5_GET_req],7666,3,10,0,0,0,1,6,0,0,0,0,0,0,0,6
7667,REST_X5,7667,3,10,0,0,0,2,6,0,0,0,0,0,0,0,6
7668,REST_X5,7668,3,10,0,0,0,3,6,0,0,0,0,0,0,0,6
7669,[X6_X5_GET_resp_2xx],7669,3,10,0,0,0,0,3,0,0,0,0,0,0,0,6
7670,[X14_X6_GET_resp_2xx],7670,3,10,0,0,0,0,0,0,0,0,0,0,0,0,3
7671,[X1_X14_GET_resp_2xx],7671,3,3,0,0,0,0,0,0,0,0,0,0,0,0,0
7672,[X0_X1_GET_resp_2xx],7672,0,0,0,0,0,0,0,0,0,0,0,0,0,0,0
7673,REST_X0,7673,2,0,0,0,0,0,0,0,0,0,0,0,0,0,0
7674,[X0_X1_GET_req],7674,3,1,0,0,0,0,0,0,0,0,0,0,0,0,0
7675,REST_X1,7675,3,2,0,0,0,0,0,0,0,0,0,0,0,0,0
7676,REST_X1,7676,3,9,0,0,0,0,0,0,0,0,0,0,0,0,0
7677,[X1_X14_GET_req],7677,3,10,0,0,0,0,0,0,0,0,0,0,0,0,1
7678,REST_X14,7678,3,10,0,0,0,0,0,0,0,0,0,0,0,0,2
7679,REST_X14,7679,3,10,0,0,0,0,0,0,0,0,0,0,0,0,5
7680,[X14_X6_GET_req],7680,3,10,0,0,0,0,1,0,0,0,0,0,0,0,6
7681,REST_X6,7681,3,10,0,0,0,0,2,0,0,0,0,0,0,0,6
7682,REST_X6,7682,3,10,0,0,0,0,5,0,0,0,0,0,0,0,6
7683,[X6_X5_GET_req],7683,3,10,0,0,0,1,6,0,0,0,0,0,0,0,6
7684,REST_X5,7684,3,10,0,0,0,2,6,0,0,0,0,0,0,0,6
7685,REST_X5,7685,3,10,0,0,0,3,6,0,0,0,0,0,0,0,6
7686,[X6_X5_GET_resp_2xx],7686,3,10,0,0,0,0,3,0,0,0,0,0,0,0,6
7687,[X14_X6_GET_resp_2xx],7687,3,10,0,0,0,0,0,0,0,0,0,0,0,0,3
7688,[X1_X14_GET_resp_2xx],7688,3,3,0,0,0,0,0,0,0,0,0,0,0,0,0
7689,[X0_X1_GET_resp_2xx],7689,0,0,0,0,0,0,0,0,0,0,0,0,0,0,0
7690,REST_X0,7690,2,0,0,0,0,0,0,0,0,0,0,0,0,0,0
7691,[X0_X1_GET_req],7691,3,1,0,0,0,0,0,0,0,0,0,0,0,0,0
7692,REST_X1,7692,3,2,0,0,0,0,0,0,0,0,0,0,0,0,0
7693,REST_X1,7693,3,5,0,0,0,0,0,0,0,0,0,0,0,0,0
7694,[X1_X8_GET_req],7694,3,6,0,0,0,0,0,0,1,0,0,0,0,0,0
7695,REST_X8,7695,3,6,0,0,0,0,0,0,2,0,0,0,0,0,0
7696,REST_X8,7696,3,6,0,0,0,0,0,0,5,0,0,0,0,0,0
7697,[X8_X12_GET_req],7697,3,6,0,0,0,0,0,0,6,0,0,0,1,0,0
7698,REST_X12,7698,3,6,0,0,0,0,0,0,6,0,0,0,2,0,0
7699,REST_X12,7699,3,6,0,0,0,0,0,0,6,0,0,0,9,0,0
7700,[X12_X13_GET_req],7700,3,6,0,0,0,0,0,0,6,0,0,0,10,1,0
7701,REST_X13,7701,3,6,0,0,0,0,0,0,6,0,0,0,10,2,0
7702,REST_X13,7702,3,6,0,0,0,0,0,0,6,0,0,0,10,5,0
7703,[X13_X4_GET_req],7703,3,6,0,0,1,0,0,0,6,0,0,0,10,6,0
7704,REST_X4,7704,3,6,0,0,2,0,0,0,6,0,0,0,10,6,0
7705,REST_X4,7705,3,6,0,0,13,0,0,0,6,0,0,0,10,6,0
7706,[X4_X11_GET_req],7706,3,6,0,0,14,0,0,0,6,0,0,1,10,6,0
7707,REST_X11,7707,3,6,0,0,14,0,0,0,6,0,0,2,10,6,0
7708,REST_X11,7708,3,6,0,0,14,0,0,0,6,0,0,3,10,6,0
7709,[X4_X11_GET_resp_2xx],7709,3,6,0,0,3,0,0,0,6,0,0,0,10,6,0
7710,[X13_X4_GET_resp_2xx],7710,3,6,0,0,0,0,0,0,6,0,0,0,10,3,0
7711,[X12_X13_GET_resp_2xx],7711,3,6,0,0,0,0,0,0,6,0,0,0,3,0,0
7712,[X8_X12_GET_resp_2xx],7712,3,6,0,0,0,0,0,0,3,0,0,0,0,0,0
7713,[X1_X8_GET_resp_2xx],7713,3,3,0,0,0,0,0,0,0,0,0,0,0,0,0
7714,[X0_X1_GET_resp_2xx],7714,0,0,0,0,0,0,0,0,0,0,0,0,0,0,0
7715,REST_X0,7715,2,0,0,0,0,0,0,0,0,0,0,0,0,0,0
7716,[X0_X1_GET_req],7716,3,1,0,0,0,0,0,0,0,0,0,0,0,0,0
7717,REST_X1,7717,3,2,0,0,0,0,0,0,0,0,0,0,0,0,0
7718,REST_X1,7718,3,5,0,0,0,0,0,0,0,0,0,0,0,0,0
7719,[X1_X8_GET_req],7719,3,6,0,0,0,0,0,0,1,0,0,0,0,0,0
7720,REST_X8,7720,3,6,0,0,0,0,0,0,2,0,0,0,0,0,0
7721,REST_X8,7721,3,6,0,0,0,0,0,0,5,0,0,0,0,0,0
7722,[X8_X12_GET_req],7722,3,6,0,0,0,0,0,0,6,0,0,0,1,0,0
7723,REST_X12,7723,3,6,0,0,0,0,0,0,6,0,0,0,2,0,0
7724,REST_X12,7724,3,6,0,0,0,0,0,0,6,0,0,0,5,0,0
7725,[X12_X3_GET_req],7725,3,6,0,1,0,0,0,0,6,0,0,0,6,0,0
7726,REST_X3,7726,3,6,0,2,0,0,0,0,6,0,0,0,6,0,0
7727,REST_X3,7727,3,6,0,5,0,0,0,0,6,0,0,0,6,0,0
7728,[X3_X9_GET_req],7728,3,6,0,6,0,0,0,0,6,1,0,0,6,0,0
7729,REST_X9,7729,3,6,0,6,0,0,0,0,6,2,0,0,6,0,0
7730,REST_X9,7730,3,6,0,6,0,0,0,0,6,3,0,0,6,0,0
7731,[X3_X9_GET_resp_2xx],7731,3,6,0,3,0,0,0,0,6,0,0,0,6,0,0
7732,[X12_X3_GET_resp_2xx],7732,3,6,0,0,0,0,0,0,6,0,0,0,3,0,0
7733,[X8_X12_GET_resp_2xx],7733,3,6,0,0,0,0,0,0,3,0,0,0,0,0,0
7734,[X1_X8_GET_resp_2xx],7734,3,3,0,0,0,0,0,0,0,0,0,0,0,0,0
7735,[X0_X1_GET_resp_2xx],7735,0,0,0,0,0,0,0,0,0,0,0,0,0,0,0
7736,REST_X0,7736,2,0,0,0,0,0,0,0,0,0,0,0,0,0,0
7737,[X0_X1_GET_req],7737,3,1,0,0,0,0,0,0,0,0,0,0,0,0,0
7738,REST_X1,7738,3,2,0,0,0,0,0,0,0,0,0,0,0,0,0
7739,REST_X1,7739,3,9,0,0,0,0,0,0,0,0,0,0,0,0,0
7740,[X1_X14_GET_req],7740,3,10,0,0,0,0,0,0,0,0,0,0,0,0,1
7741,REST_X14,7741,3,10,0,0,0,0,0,0,0,0,0,0,0,0,2
7742,REST_X14,7742,3,10,0,0,0,0,0,0,0,0,0,0,0,0,5
7743,[X14_X6_GET_req],7743,3,10,0,0,0,0,1,0,0,0,0,0,0,0,6
7744,REST_X6,7744,3,10,0,0,0,0,2,0,0,0,0,0,0,0,6
7745,REST_X6,7745,3,10,0,0,0,0,5,0,0,0,0,0,0,0,6
7746,[X6_X5_GET_req],7746,3,10,0,0,0,1,6,0,0,0,0,0,0,0,6
7747,REST_X5,7747,3,10,0,0,0,2,6,0,0,0,0,0,0,0,6
7748,REST_X5,7748,3,10,0,0,0,3,6,0,0,0,0,0,0,0,6
7749,[X6_X5_GET_resp_2xx],7749,3,10,0,0,0,0,3,0,0,0,0,0,0,0,6
7750,[X14_X6_GET_resp_2xx],7750,3,10,0,0,0,0,0,0,0,0,0,0,0,0,3
7751,[X1_X14_GET_resp_2xx],7751,3,3,0,0,0,0,0,0,0,0,0,0,0,0,0
7752,[X0_X1_GET_resp_2xx],7752,0,0,0,0,0,0,0,0,0,0,0,0,0,0,0
7753,REST_X0,7753,2,0,0,0,0,0,0,0,0,0,0,0,0,0,0
7754,[X0_X1_GET_req],7754,3,1,0,0,0,0,0,0,0,0,0,0,0,0,0
7755,REST_X1,7755,3,2,0,0,0,0,0,0,0,0,0,0,0,0,0
7756,REST_X1,7756,3,5,0,0,0,0,0,0,0,0,0,0,0,0,0
7757,[X1_X8_GET_req],7757,3,6,0,0,0,0,0,0,1,0,0,0,0,0,0
7758,REST_X8,7758,3,6,0,0,0,0,0,0,2,0,0,0,0,0,0
7759,REST_X8,7759,3,6,0,0,0,0,0,0,5,0,0,0,0,0,0
7760,[X8_X12_GET_req],7760,3,6,0,0,0,0,0,0,6,0,0,0,1,0,0
7761,REST_X12,7761,3,6,0,0,0,0,0,0,6,0,0,0,2,0,0
7762,REST_X12,7762,3,6,0,0,0,0,0,0,6,0,0,0,9,0,0
7763,[X12_X13_GET_req],7763,3,6,0,0,0,0,0,0,6,0,0,0,10,1,0
7764,REST_X13,7764,3,6,0,0,0,0,0,0,6,0,0,0,10,2,0
7765,REST_X13,7765,3,6,0,0,0,0,0,0,6,0,0,0,10,5,0
7766,[X13_X4_GET_req],7766,3,6,0,0,1,0,0,0,6,0,0,0,10,6,0
7767,REST_X4,7767,3,6,0,0,2,0,0,0,6,0,0,0,10,6,0
7768,REST_X4,7768,3,6,0,0,5,0,0,0,6,0,0,0,10,6,0
7769,[X4_X2_GET_req],7769,3,6,1,0,6,0,0,0,6,0,0,0,10,6,0
7770,REST_X2,7770,3,6,2,0,6,0,0,0,6,0,0,0,10,6,0
7771,REST_X2,7771,3,6,3,0,6,0,0,0,6,0,0,0,10,6,0
7772,[X4_X2_GET_resp_2xx],7772,3,6,0,0,3,0,0,0,6,0,0,0,10,6,0
7773,[X13_X4_GET_resp_2xx],7773,3,6,0,0,0,0,0,0,6,0,0,0,10,3,0
7774,[X12_X13_GET_resp_2xx],7774,3,6,0,0,0,0,0,0,6,0,0,0,3,0,0
7775,[X8_X12_GET_resp_2xx],7775,3,6,0,0,0,0,0,0,3,0,0,0,0,0,0
7776,[X1_X8_GET_resp_2xx],7776,3,3,0,0,0,0,0,0,0,0,0,0,0,0,0
7777,[X0_X1_GET_resp_2xx],7777,0,0,0,0,0,0,0,0,0,0,0,0,0,0,0
7778,REST_X0,7778,2,0,0,0,0,0,0,0,0,0,0,0,0,0,0
7779,[X0_X1_GET_req],7779,3,1,0,0,0,0,0,0,0,0,0,0,0,0,0
7780,REST_X1,7780,3,2,0,0,0,0,0,0,0,0,0,0,0,0,0
7781,REST_X1,7781,3,5,0,0,0,0,0,0,0,0,0,0,0,0,0
7782,[X1_X8_GET_req],7782,3,6,0,0,0,0,0,0,1,0,0,0,0,0,0
7783,REST_X8,7783,3,6,0,0,0,0,0,0,2,0,0,0,0,0,0
7784,REST_X8,7784,3,6,0,0,0,0,0,0,5,0,0,0,0,0,0
7785,[X8_X12_GET_req],7785,3,6,0,0,0,0,0,0,6,0,0,0,1,0,0
7786,REST_X12,7786,3,6,0,0,0,0,0,0,6,0,0,0,2,0,0
7787,REST_X12,7787,3,6,0,0,0,0,0,0,6,0,0,0,9,0,0
7788,[X12_X13_GET_req],7788,3,6,0,0,0,0,0,0,6,0,0,0,10,1,0
7789,REST_X13,7789,3,6,0,0,0,0,0,0,6,0,0,0,10,2,0
7790,REST_X13,7790,3,6,0,0,0,0,0,0,6,0,0,0,10,5,0
7791,[X13_X4_GET_req],7791,3,6,0,0,1,0,0,0,6,0,0,0,10,6,0
7792,REST_X4,7792,3,6,0,0,2,0,0,0,6,0,0,0,10,6,0
7793,REST_X4,7793,3,6,0,0,13,0,0,0,6,0,0,0,10,6,0
7794,[X4_X11_GET_req],7794,3,6,0,0,14,0,0,0,6,0,0,1,10,6,0
7795,REST_X11,7795,3,6,0,0,14,0,0,0,6,0,0,2,10,6,0
7796,REST_X11,7796,3,6,0,0,14,0,0,0,6,0,0,3,10,6,0
7797,[X4_X11_GET_resp_2xx],7797,3,6,0,0,3,0,0,0,6,0,0,0,10,6,0
7798,[X13_X4_GET_resp_2xx],7798,3,6,0,0,0,0,0,0,6,0,0,0,10,3,0
7799,[X12_X13_GET_resp_2xx],7799,3,6,0,0,0,0,0,0,6,0,0,0,3,0,0
7800,[X8_X12_GET_resp_2xx],7800,3,6,0,0,0,0,0,0,3,0,0,0,0,0,0
7801,[X1_X8_GET_resp_2xx],7801,3,3,0,0,0,0,0,0,0,0,0,0,0,0,0
7802,[X0_X1_GET_resp_2xx],7802,0,0,0,0,0,0,0,0,0,0,0,0,0,0,0
7803,REST_X0,7803,2,0,0,0,0,0,0,0,0,0,0,0,0,0,0
7804,[X0_X1_GET_req],7804,3,1,0,0,0,0,0,0,0,0,0,0,0,0,0
7805,REST_X1,7805,3,2,0,0,0,0,0,0,0,0,0,0,0,0,0
7806,REST_X1,7806,3,9,0,0,0,0,0,0,0,0,0,0,0,0,0
7807,[X1_X14_GET_req],7807,3,10,0,0,0,0,0,0,0,0,0,0,0,0,1
7808,REST_X14,7808,3,10,0,0,0,0,0,0,0,0,0,0,0,0,2
7809,REST_X14,7809,3,10,0,0,0,0,0,0,0,0,0,0,0,0,5
7810,[X14_X6_GET_req],7810,3,10,0,0,0,0,1,0,0,0,0,0,0,0,6
7811,REST_X6,7811,3,10,0,0,0,0,2,0,0,0,0,0,0,0,6
7812,REST_X6,7812,3,10,0,0,0,0,5,0,0,0,0,0,0,0,6
7813,[X6_X5_GET_req],7813,3,10,0,0,0,1,6,0,0,0,0,0,0,0,6
7814,REST_X5,7814,3,10,0,0,0,2,6,0,0,0,0,0,0,0,6
7815,REST_X5,7815,3,10,0,0,0,4,6,0,0,0,0,0,0,0,6
7816,[X6_X5_GET_resp_5xx],7816,3,10,0,0,0,0,7,0,0,0,0,0,0,0,6
7817,[X6_X5_GET_req],7817,3,10,0,0,0,1,8,0,0,0,0,0,0,0,6
7818,REST_X5,7818,3,10,0,0,0,2,8,0,0,0,0,0,0,0,6
7819,REST_X5,7819,3,10,0,0,0,3,8,0,0,0,0,0,0,0,6
7820,[X6_X5_GET_resp_2xx],7820,3,10,0,0,0,0,3,0,0,0,0,0,0,0,6
7821,[X14_X6_GET_resp_2xx],7821,3,10,0,0,0,0,0,0,0,0,0,0,0,0,3
7822,[X1_X14_GET_resp_2xx],7822,3,3,0,0,0,0,0,0,0,0,0,0,0,0,0
7823,[X0_X1_GET_resp_2xx],7823,0,0,0,0,0,0,0,0,0,0,0,0,0,0,0
7824,REST_X0,7824,2,0,0,0,0,0,0,0,0,0,0,0,0,0,0
7825,[X0_X1_GET_req],7825,3,1,0,0,0,0,0,0,0,0,0,0,0,0,0
7826,REST_X1,7826,3,2,0,0,0,0,0,0,0,0,0,0,0,0,0
7827,REST_X1,7827,3,9,0,0,0,0,0,0,0,0,0,0,0,0,0
7828,[X1_X14_GET_req],7828,3,10,0,0,0,0,0,0,0,0,0,0,0,0,1
7829,REST_X14,7829,3,10,0,0,0,0,0,0,0,0,0,0,0,0,2
7830,REST_X14,7830,3,10,0,0,0,0,0,0,0,0,0,0,0,0,5
7831,[X14_X6_GET_req],7831,3,10,0,0,0,0,1,0,0,0,0,0,0,0,6
7832,REST_X6,7832,3,10,0,0,0,0,2,0,0,0,0,0,0,0,6
7833,REST_X6,7833,3,10,0,0,0,0,5,0,0,0,0,0,0,0,6
7834,[X6_X5_GET_req],7834,3,10,0,0,0,1,6,0,0,0,0,0,0,0,6
7835,REST_X5,7835,3,10,0,0,0,2,6,0,0,0,0,0,0,0,6
7836,REST_X5,7836,3,10,0,0,0,3,6,0,0,0,0,0,0,0,6
7837,[X6_X5_GET_resp_2xx],7837,3,10,0,0,0,0,3,0,0,0,0,0,0,0,6
7838,[X14_X6_GET_resp_2xx],7838,3,10,0,0,0,0,0,0,0,0,0,0,0,0,3
7839,[X1_X14_GET_resp_2xx],7839,3,3,0,0,0,0,0,0,0,0,0,0,0,0,0
7840,[X0_X1_GET_resp_2xx],7840,0,0,0,0,0,0,0,0,0,0,0,0,0,0,0
7841,REST_X0,7841,2,0,0,0,0,0,0,0,0,0,0,0,0,0,0
7842,[X0_X1_GET_req],7842,3,1,0,0,0,0,0,0,0,0,0,0,0,0,0
7843,REST_X1,7843,3,2,0,0,0,0,0,0,0,0,0,0,0,0,0
7844,REST_X1,7844,3,5,0,0,0,0,0,0,0,0,0,0,0,0,0
7845,[X1_X8_GET_req],7845,3,6,0,0,0,0,0,0,1,0,0,0,0,0,0
7846,REST_X8,7846,3,6,0,0,0,0,0,0,2,0,0,0,0,0,0
7847,REST_X8,7847,3,6,0,0,0,0,0,0,5,0,0,0,0,0,0
7848,[X8_X12_GET_req],7848,3,6,0,0,0,0,0,0,6,0,0,0,1,0,0
7849,REST_X12,7849,3,6,0,0,0,0,0,0,6,0,0,0,2,0,0
7850,REST_X12,7850,3,6,0,0,0,0,0,0,6,0,0,0,9,0,0
7851,[X12_X13_GET_req],7851,3,6,0,0,0,0,0,0,6,0,0,0,10,1,0
7852,REST_X13,7852,3,6,0,0,0,0,0,0,6,0,0,0,10,2,0
7853,REST_X13,7853,3,6,0,0,0,0,0,0,6,0,0,0,10,5,0
7854,[X13_X4_GET_req],7854,3,6,0,0,1,0,0,0,6,0,0,0,10,6,0
7855,REST_X4,7855,3,6,0,0,2,0,0,0,6,0,0,0,10,6,0
7856,REST_X4,7856,3,6,0,0,9,0,0,0,6,0,0,0,10,6,0
7857,[X4_X7_GET_req],7857,3,6,0,0,10,0,0,1,6,0,0,0,10,6,0
7858,REST_X7,7858,3,6,0,0,10,0,0,2,6,0,0,0,10,6,0
7859,REST_X7,7859,3,6,0,0,10,0,0,5,6,0,0,0,10,6,0
7860,[X7_X10_GET_req],7860,3,6,0,0,10,0,0,6,6,0,1,0,10,6,0
7861,REST_X10,7861,3,6,0,0,10,0,0,6,6,0,2,0,10,6,0
7862,REST_X10,7862,3,6,0,0,10,0,0,6,6,0,3,0,10,6,0
7863,[X7_X10_GET_resp_2xx],7863,3,6,0,0,10,0,0,3,6,0,0,0,10,6,0
7864,[X4_X7_GET_resp_2xx],7864,3,6,0,0,3,0,0,0,6,0,0,0,10,6,0
7865,[X13_X4_GET_resp_2xx],7865,3,6,0,0,0,0,0,0,6,0,0,0,10,3,0
7866,[X12_X13_GET_resp_2xx],7866,3,6,0,0,0,0,0,0,6,0,0,0,3,0,0
7867,[X8_X12_GET_resp_2xx],7867,3,6,0,0,0,0,0,0,3,0,0,0,0,0,0
7868,[X1_X8_GET_resp_2xx],7868,3,3,0,0,0,0,0,0,0,0,0,0,0,0,0
7869,[X0_X1_GET_resp_2xx],7869,0,0,0,0,0,0,0,0,0,0,0,0,0,0,0
7870,REST_X0,7870,2,0,0,0,0,0,0,0,0,0,0,0,0,0,0
7871,[X0_X1_GET_req],7871,3,1,0,0,0,0,0,0,0,0,0,0,0,0,0
7872,REST_X1,7872,3,2,0,0,0,0,0,0,0,0,0,0,0,0,0
7873,REST_X1,7873,3,9,0,0,0,0,0,0,0,0,0,0,0,0,0
7874,[X1_X14_GET_req],7874,3,10,0,0,0,0,0,0,0,0,0,0,0,0,1
7875,REST_X14,7875,3,10,0,0,0,0,0,0,0,0,0,0,0,0,2
7876,REST_X14,7876,3,10,0,0,0,0,0,0,0,0,0,0,0,0,5
7877,[X14_X6_GET_req],7877,3,10,0,0,0,0,1,0,0,0,0,0,0,0,6
7878,REST_X6,7878,3,10,0,0,0,0,2,0,0,0,0,0,0,0,6
7879,REST_X6,7879,3,10,0,0,0,0,5,0,0,0,0,0,0,0,6
7880,[X6_X5_GET_req],7880,3,10,0,0,0,1,6,0,0,0,0,0,0,0,6
7881,REST_X5,7881,3,10,0,0,0,2,6,0,0,0,0,0,0,0,6
7882,REST_X5,7882,3,10,0,0,0,3,6,0,0,0,0,0,0,0,6
7883,[X6_X5_GET_resp_2xx],7883,3,10,0,0,0,0,3,0,0,0,0,0,0,0,6
7884,[X14_X6_GET_resp_2xx],7884,3,10,0,0,0,0,0,0,0,0,0,0,0,0,3
7885,[X1_X14_GET_resp_2xx],7885,3,3,0,0,0,0,0,0,0,0,0,0,0,0,0
7886,[X0_X1_GET_resp_2xx],7886,0,0,0,0,0,0,0,0,0,0,0,0,0,0,0
7887,REST_X0,7887,2,0,0,0,0,0,0,0,0,0,0,0,0,0,0
7888,[X0_X1_GET_req],7888,3,1,0,0,0,0,0,0,0,0,0,0,0,0,0
7889,REST_X1,7889,3,2,0,0,0,0,0,0,0,0,0,0,0,0,0
7890,REST_X1,7890,3,5,0,0,0,0,0,0,0,0,0,0,0,0,0
7891,[X1_X8_GET_req],7891,3,6,0,0,0,0,0,0,1,0,0,0,0,0,0
7892,REST_X8,7892,3,6,0,0,0,0,0,0,2,0,0,0,0,0,0
7893,REST_X8,7893,3,6,0,0,0,0,0,0,5,0,0,0,0,0,0
7894,[X8_X12_GET_req],7894,3,6,0,0,0,0,0,0,6,0,0,0,1,0,0
7895,REST_X12,7895,3,6,0,0,0,0,0,0,6,0,0,0,2,0,0
7896,REST_X12,7896,3,6,0,0,0,0,0,0,6,0,0,0,9,0,0
7897,[X12_X13_GET_req],7897,3,6,0,0,0,0,0,0,6,0,0,0,10,1,0
7898,REST_X13,7898,3,6,0,0,0,0,0,0,6,0,0,0,10,2,0
7899,REST_X13,7899,3,6,0,0,0,0,0,0,6,0,0,0,10,5,0
7900,[X13_X4_GET_req],7900,3,6,0,0,1,0,0,0,6,0,0,0,10,6,0
7901,REST_X4,7901,3,6,0,0,2,0,0,0,6,0,0,0,10,6,0
7902,REST_X4,7902,3,6,0,0,5,0,0,0,6,0,0,0,10,6,0
7903,[X4_X2_GET_req],7903,3,6,1,0,6,0,0,0,6,0,0,0,10,6,0
7904,REST_X2,7904,3,6,2,0,6,0,0,0,6,0,0,0,10,6,0
7905,REST_X2,7905,3,6,3,0,6,0,0,0,6,0,0,0,10,6,0
7906,[X4_X2_GET_resp_2xx],7906,3,6,0,0,3,0,0,0,6,0,0,0,10,6,0
7907,[X13_X4_GET_resp_2xx],7907,3,6,0,0,0,0,0,0,6,0,0,0,10,3,0
7908,[X12_X13_GET_resp_2xx],7908,3,6,0,0,0,0,0,0,6,0,0,0,3,0,0
7909,[X8_X12_GET_resp_2xx],7909,3,6,0,0,0,0,0,0,3,0,0,0,0,0,0
7910,[X1_X8_GET_resp_2xx],7910,3,3,0,0,0,0,0,0,0,0,0,0,0,0,0
7911,[X0_X1_GET_resp_2xx],7911,0,0,0,0,0,0,0,0,0,0,0,0,0,0,0
7912,REST_X0,7912,2,0,0,0,0,0,0,0,0,0,0,0,0,0,0
7913,[X0_X1_GET_req],7913,3,1,0,0,0,0,0,0,0,0,0,0,0,0,0
7914,REST_X1,7914,3,2,0,0,0,0,0,0,0,0,0,0,0,0,0
7915,REST_X1,7915,3,5,0,0,0,0,0,0,0,0,0,0,0,0,0
7916,[X1_X8_GET_req],7916,3,6,0,0,0,0,0,0,1,0,0,0,0,0,0
7917,REST_X8,7917,3,6,0,0,0,0,0,0,2,0,0,0,0,0,0
7918,REST_X8,7918,3,6,0,0,0,0,0,0,5,0,0,0,0,0,0
7919,[X8_X12_GET_req],7919,3,6,0,0,0,0,0,0,6,0,0,0,1,0,0
7920,REST_X12,7920,3,6,0,0,0,0,0,0,6,0,0,0,2,0,0
7921,REST_X12,7921,3,6,0,0,0,0,0,0,6,0,0,0,5,0,0
7922,[X12_X3_GET_req],7922,3,6,0,1,0,0,0,0,6,0,0,0,6,0,0
7923,REST_X3,7923,3,6,0,2,0,0,0,0,6,0,0,0,6,0,0
7924,REST_X3,7924,3,6,0,5,0,0,0,0,6,0,0,0,6,0,0
7925,[X3_X9_GET_req],7925,3,6,0,6,0,0,0,0,6,1,0,0,6,0,0
7926,REST_X9,7926,3,6,0,6,0,0,0,0,6,2,0,0,6,0,0
7927,REST_X9,7927,3,6,0,6,0,0,0,0,6,3,0,0,6,0,0
7928,[X3_X9_GET_resp_2xx],7928,3,6,0,3,0,0,0,0,6,0,0,0,6,0,0
7929,[X12_X3_GET_resp_2xx],7929,3,6,0,0,0,0,0,0,6,0,0,0,3,0,0
7930,[X8_X12_GET_resp_2xx],7930,3,6,0,0,0,0,0,0,3,0,0,0,0,0,0
7931,[X1_X8_GET_resp_2xx],7931,3,3,0,0,0,0,0,0,0,0,0,0,0,0,0
7932,[X0_X1_GET_resp_2xx],7932,0,0,0,0,0,0,0,0,0,0,0,0,0,0,0
7933,REST_X0,7933,2,0,0,0,0,0,0,0,0,0,0,0,0,0,0
7934,[X0_X1_GET_req],7934,3,1,0,0,0,0,0,0,0,0,0,0,0,0,0
7935,REST_X1,7935,3,2,0,0,0,0,0,0,0,0,0,0,0,0,0
7936,REST_X1,7936,3,5,0,0,0,0,0,0,0,0,0,0,0,0,0
7937,[X1_X8_GET_req],7937,3,6,0,0,0,0,0,0,1,0,0,0,0,0,0
7938,REST_X8,7938,3,6,0,0,0,0,0,0,2,0,0,0,0,0,0
7939,REST_X8,7939,3,6,0,0,0,0,0,0,5,0,0,0,0,0,0
7940,[X8_X12_GET_req],7940,3,6,0,0,0,0,0,0,6,0,0,0,1,0,0
7941,REST_X12,7941,3,6,0,0,0,0,0,0,6,0,0,0,2,0,0
7942,REST_X12,7942,3,6,0,0,0,0,0,0,6,0,0,0,5,0,0
7943,[X12_X3_GET_req],7943,3,6,0,1,0,0,0,0,6,0,0,0,6,0,0
7944,REST_X3,7944,3,6,0,2,0,0,0,0,6,0,0,0,6,0,0
7945,REST_X3,7945,3,6,0,5,0,0,0,0,6,0,0,0,6,0,0
7946,[X3_X9_GET_req],7946,3,6,0,6,0,0,0,0,6,1,0,0,6,0,0
7947,REST_X9,7947,3,6,0,6,0,0,0,0,6,2,0,0,6,0,0
7948,REST_X9,7948,3,6,0,6,0,0,0,0,6,4,0,0,6,0,0
7949,[X3_X9_GET_resp_5xx],7949,3,6,0,7,0,0,0,0,6,0,0,0,6,0,0
7950,[X3_X9_GET_req],7950,3,6,0,8,0,0,0,0,6,1,0,0,6,0,0
7951,REST_X9,7951,3,6,0,8,0,0,0,0,6,2,0,0,6,0,0
7952,REST_X9,7952,3,6,0,8,0,0,0,0,6,3,0,0,6,0,0
7953,[X3_X9_GET_resp_2xx],7953,3,6,0,3,0,0,0,0,6,0,0,0,6,0,0
7954,[X12_X3_GET_resp_2xx],7954,3,6,0,0,0,0,0,0,6,0,0,0,3,0,0
7955,[X8_X12_GET_resp_2xx],7955,3,6,0,0,0,0,0,0,3,0,0,0,0,0,0
7956,[X1_X8_GET_resp_2xx],7956,3,3,0,0,0,0,0,0,0,0,0,0,0,0,0
7957,[X0_X1_GET_resp_2xx],7957,0,0,0,0,0,0,0,0,0,0,0,0,0,0,0
7958,REST_X0,7958,2,0,0,0,0,0,0,0,0,0,0,0,0,0,0
7959,[X0_X1_GET_req],7959,3,1,0,0,0,0,0,0,0,0,0,0,0,0,0
7960,REST_X1,7960,3,2,0,0,0,0,0,0,0,0,0,0,0,0,0
7961,REST_X1,7961,3,9,0,0,0,0,0,0,0,0,0,0,0,0,0
7962,[X1_X14_GET_req],7962,3,10,0,0,0,0,0,0,0,0,0,0,0,0,1
7963,REST_X14,7963,3,10,0,0,0,0,0,0,0,0,0,0,0,0,2
7964,REST_X14,7964,3,10,0,0,0,0,0,0,0,0,0,0,0,0,5
7965,[X14_X6_GET_req],7965,3,10,0,0,0,0,1,0,0,0,0,0,0,0,6
7966,REST_X6,7966,3,10,0,0,0,0,2,0,0,0,0,0,0,0,6
7967,REST_X6,7967,3,10,0,0,0,0,5,0,0,0,0,0,0,0,6
7968,[X6_X5_GET_req],7968,3,10,0,0,0,1,6,0,0,0,0,0,0,0,6
7969,REST_X5,7969,3,10,0,0,0,2,6,0,0,0,0,0,0,0,6
7970,REST_X5,7970,3,10,0,0,0,3,6,0,0,0,0,0,0,0,6
7971,[X6_X5_GET_resp_2xx],7971,3,10,0,0,0,0,3,0,0,0,0,0,0,0,6
7972,[X14_X6_GET_resp_2xx],7972,3,10,0,0,0,0,0,0,0,0,0,0,0,0,3
7973,[X1_X14_GET_resp_2xx],7973,3,3,0,0,0,0,0,0,0,0,0,0,0,0,0
7974,[X0_X1_GET_resp_2xx],7974,0,0,0,0,0,0,0,0,0,0,0,0,0,0,0
7975,REST_X0,7975,2,0,0,0,0,0,0,0,0,0,0,0,0,0,0
7976,[X0_X1_GET_req],7976,3,1,0,0,0,0,0,0,0,0,0,0,0,0,0
7977,REST_X1,7977,3,2,0,0,0,0,0,0,0,0,0,0,0,0,0
7978,REST_X1,7978,3,9,0,0,0,0,0,0,0,0,0,0,0,0,0
7979,[X1_X14_GET_req],7979,3,10,0,0,0,0,0,0,0,0,0,0,0,0,1
7980,REST_X14,7980,3,10,0,0,0,0,0,0,0,0,0,0,0,0,2
7981,REST_X14,7981,3,10,0,0,0,0,0,0,0,0,0,0,0,0,5
7982,[X14_X6_GET_req],7982,3,10,0,0,0,0,1,0,0,0,0,0,0,0,6
7983,REST_X6,7983,3,10,0,0,0,0,2,0,0,0,0,0,0,0,6
7984,REST_X6,7984,3,10,0,0,0,0,5,0,0,0,0,0,0,0,6
7985,[X6_X5_GET_req],7985,3,10,0,0,0,1,6,0,0,0,0,0,0,0,6
7986,REST_X5,7986,3,10,0,0,0,2,6,0,0,0,0,0,0,0,6
7987,REST_X5,7987,3,10,0,0,0,3,6,0,0,0,0,0,0,0,6
7988,[X6_X5_GET_resp_2xx],7988,3,10,0,0,0,0,3,0,0,0,0,0,0,0,6
7989,[X14_X6_GET_resp_2xx],7989,3,10,0,0,0,0,0,0,0,0,0,0,0,0,3
7990,[X1_X14_GET_resp_2xx],7990,3,3,0,0,0,0,0,0,0,0,0,0,0,0,0
7991,[X0_X1_GET_resp_2xx],7991,0,0,0,0,0,0,0,0,0,0,0,0,0,0,0
7992,REST_X0,7992,2,0,0,0,0,0,0,0,0,0,0,0,0,0,0
7993,[X0_X1_GET_req],7993,3,1,0,0,0,0,0,0,0,0,0,0,0,0,0
7994,REST_X1,7994,3,2,0,0,0,0,0,0,0,0,0,0,0,0,0
7995,REST_X1,7995,3,9,0,0,0,0,0,0,0,0,0,0,0,0,0
7996,[X1_X14_GET_req],7996,3,10,0,0,0,0,0,0,0,0,0,0,0,0,1
7997,REST_X14,7997,3,10,0,0,0,0,0,0,0,0,0,0,0,0,2
7998,REST_X14,7998,3,10,0,0,0,0,0,0,0,0,0,0,0,0,5
7999,[X14_X6_GET_req],7999,3,10,0,0,0,0,1,0,0,0,0,0,0,0,6
8000,REST_X6,8000,3,10,0,0,0,0,2,0,0,0,0,0,0,0,6
8001,REST_X6,8001,3,10,0,0,0,0,5,0,0,0,0,0,0,0,6
8002,[X6_X5_GET_req],8002,3,10,0,0,0,1,6,0,0,0,0,0,0,0,6
8003,REST_X5,8003,3,10,0,0,0,2,6,0,0,0,0,0,0,0,6
8004,REST_X5,8004,3,10,0,0,0,3,6,0,0,0,0,0,0,0,6
8005,[X6_X5_GET_resp_2xx],8005,3,10,0,0,0,0,3,0,0,0,0,0,0,0,6
8006,[X14_X6_GET_resp_2xx],8006,3,10,0,0,0,0,0,0,0,0,0,0,0,0,3
8007,[X1_X14_GET_resp_2xx],8007,3,3,0,0,0,0,0,0,0,0,0,0,0,0,0
8008,[X0_X1_GET_resp_2xx],8008,0,0,0,0,0,0,0,0,0,0,0,0,0,0,0
8009,REST_X0,8009,2,0,0,0,0,0,0,0,0,0,0,0,0,0,0
8010,[X0_X1_GET_req],8010,3,1,0,0,0,0,0,0,0,0,0,0,0,0,0
8011,REST_X1,8011,3,2,0,0,0,0,0,0,0,0,0,0,0,0,0
8012,REST_X1,8012,3,9,0,0,0,0,0,0,0,0,0,0,0,0,0
8013,[X1_X14_GET_req],8013,3,10,0,0,0,0,0,0,0,0,0,0,0,0,1
8014,REST_X14,8014,3,10,0,0,0,0,0,0,0,0,0,0,0,0,2
8015,REST_X14,8015,3,10,0,0,0,0,0,0,0,0,0,0,0,0,5
8016,[X14_X6_GET_req],8016,3,10,0,0,0,0,1,0,0,0,0,0,0,0,6
8017,REST_X6,8017,3,10,0,0,0,0,2,0,0,0,0,0,0,0,6
8018,REST_X6,8018,3,10,0,0,0,0,5,0,0,0,0,0,0,0,6
8019,[X6_X5_GET_req],8019,3,10,0,0,0,1,6,0,0,0,0,0,0,0,6
8020,REST_X5,8020,3,10,0,0,0,2,6,0,0,0,0,0,0,0,6
8021,REST_X5,8021,3,10,0,0,0,3,6,0,0,0,0,0,0,0,6
8022,[X6_X5_GET_resp_2xx],8022,3,10,0,0,0,0,3,0,0,0,0,0,0,0,6
8023,[X14_X6_GET_resp_2xx],8023,3,10,0,0,0,0,0,0,0,0,0,0,0,0,3
8024,[X1_X14_GET_resp_2xx],8024,3,3,0,0,0,0,0,0,0,0,0,0,0,0,0
8025,[X0_X1_GET_resp_2xx],8025,0,0,0,0,0,0,0,0,0,0,0,0,0,0,0
8026,REST_X0,8026,2,0,0,0,0,0,0,0,0,0,0,0,0,0,0
8027,[X0_X1_GET_req],8027,3,1,0,0,0,0,0,0,0,0,0,0,0,0,0
8028,REST_X1,8028,3,2,0,0,0,0,0,0,0,0,0,0,0,0,0
8029,REST_X1,8029,3,9,0,0,0,0,0,0,0,0,0,0,0,0,0
8030,[X1_X14_GET_req],8030,3,10,0,0,0,0,0,0,0,0,0,0,0,0,1
8031,REST_X14,8031,3,10,0,0,0,0,0,0,0,0,0,0,0,0,2
8032,REST_X14,8032,3,10,0,0,0,0,0,0,0,0,0,0,0,0,5
8033,[X14_X6_GET_req],8033,3,10,0,0,0,0,1,0,0,0,0,0,0,0,6
8034,REST_X6,8034,3,10,0,0,0,0,2,0,0,0,0,0,0,0,6
8035,REST_X6,8035,3,10,0,0,0,0,5,0,0,0,0,0,0,0,6
8036,[X6_X5_GET_req],8036,3,10,0,0,0,1,6,0,0,0,0,0,0,0,6
8037,REST_X5,8037,3,10,0,0,0,2,6,0,0,0,0,0,0,0,6
8038,REST_X5,8038,3,10,0,0,0,3,6,0,0,0,0,0,0,0,6
8039,[X6_X5_GET_resp_2xx],8039,3,10,0,0,0,0,3,0,0,0,0,0,0,0,6
8040,[X14_X6_GET_resp_2xx],8040,3,10,0,0,0,0,0,0,0,0,0,0,0,0,3
8041,[X1_X14_GET_resp_2xx],8041,3,3,0,0,0,0,0,0,0,0,0,0,0,0,0
8042,[X0_X1_GET_resp_2xx],8042,0,0,0,0,0,0,0,0,0,0,0,0,0,0,0
8043,REST_X0,8043,2,0,0,0,0,0,0,0,0,0,0,0,0,0,0
8044,[X0_X1_GET_req],8044,3,1,0,0,0,0,0,0,0,0,0,0,0,0,0
8045,REST_X1,8045,3,2,0,0,0,0,0,0,0,0,0,0,0,0,0
8046,REST_X1,8046,3,9,0,0,0,0,0,0,0,0,0,0,0,0,0
8047,[X1_X14_GET_req],8047,3,10,0,0,0,0,0,0,0,0,0,0,0,0,1
8048,REST_X14,8048,3,10,0,0,0,0,0,0,0,0,0,0,0,0,2
8049,REST_X14,8049,3,10,0,0,0,0,0,0,0,0,0,0,0,0,5
8050,[X14_X6_GET_req],8050,3,10,0,0,0,0,1,0,0,0,0,0,0,0,6
8051,REST_X6,8051,3,10,0,0,0,0,2,0,0,0,0,0,0,0,6
8052,REST_X6,8052,3,10,0,0,0,0,5,0,0,0,0,0,0,0,6
8053,[X6_X5_GET_req],8053,3,10,0,0,0,1,6,0,0,0,0,0,0,0,6
8054,REST_X5,8054,3,10,0,0,0,2,6,0,0,0,0,0,0,0,6
8055,REST_X5,8055,3,10,0,0,0,3,6,0,0,0,0,0,0,0,6
8056,[X6_X5_GET_resp_2xx],8056,3,10,0,0,0,0,3,0,0,0,0,0,0,0,6
8057,[X14_X6_GET_resp_2xx],8057,3,10,0,0,0,0,0,0,0,0,0,0,0,0,3
8058,[X1_X14_GET_resp_2xx],8058,3,3,0,0,0,0,0,0,0,0,0,0,0,0,0
8059,[X0_X1_GET_resp_2xx],8059,0,0,0,0,0,0,0,0,0,0,0,0,0,0,0
8060,REST_X0,8060,2,0,0,0,0,0,0,0,0,0,0,0,0,0,0
8061,[X0_X1_GET_req],8061,3,1,0,0,0,0,0,0,0,0,0,0,0,0,0
8062,REST_X1,8062,3,2,0,0,0,0,0,0,0,0,0,0,0,0,0
8063,REST_X1,8063,3,5,0,0,0,0,0,0,0,0,0,0,0,0,0
8064,[X1_X8_GET_req],8064,3,6,0,0,0,0,0,0,1,0,0,0,0,0,0
8065,REST_X8,8065,3,6,0,0,0,0,0,0,2,0,0,0,0,0,0
8066,REST_X8,8066,3,6,0,0,0,0,0,0,5,0,0,0,0,0,0
8067,[X8_X12_GET_req],8067,3,6,0,0,0,0,0,0,6,0,0,0,1,0,0
8068,REST_X12,8068,3,6,0,0,0,0,0,0,6,0,0,0,2,0,0
8069,REST_X12,8069,3,6,0,0,0,0,0,0,6,0,0,0,5,0,0
8070,[X12_X3_GET_req],8070,3,6,0,1,0,0,0,0,6,0,0,0,6,0,0
8071,REST_X3,8071,3,6,0,2,0,0,0,0,6,0,0,0,6,0,0
8072,REST_X3,8072,3,6,0,5,0,0,0,0,6,0,0,0,6,0,0
8073,[X3_X9_GET_req],8073,3,6,0,6,0,0,0,0,6,1,0,0,6,0,0
8074,REST_X9,8074,3,6,0,6,0,0,0,0,6,2,0,0,6,0,0
8075,REST_X9,8075,3,6,0,6,0,0,0,0,6,3,0,0,6,0,0
8076,[X3_X9_GET_resp_2xx],8076,3,6,0,3,0,0,0,0,6,0,0,0,6,0,0
8077,[X12_X3_GET_resp_2xx],8077,3,6,0,0,0,0,0,0,6,0,0,0,3,0,0
8078,[X8_X12_GET_resp_2xx],8078,3,6,0,0,0,0,0,0,3,0,0,0,0,0,0
8079,[X1_X8_GET_resp_2xx],8079,3,3,0,0,0,0,0,0,0,0,0,0,0,0,0
8080,[X0_X1_GET_resp_2xx],8080,0,0,0,0,0,0,0,0,0,0,0,0,0,0,0
8081,REST_X0,8081,2,0,0,0,0,0,0,0,0,0,0,0,0,0,0
8082,[X0_X1_GET_req],8082,3,1,0,0,0,0,0,0,0,0,0,0,0,0,0
8083,REST_X1,8083,3,2,0,0,0,0,0,0,0,0,0,0,0,0,0
8084,REST_X1,8084,3,5,0,0,0,0,0,0,0,0,0,0,0,0,0
8085,[X1_X8_GET_req],8085,3,6,0,0,0,0,0,0,1,0,0,0,0,0,0
8086,REST_X8,8086,3,6,0,0,0,0,0,0,2,0,0,0,0,0,0
8087,REST_X8,8087,3,6,0,0,0,0,0,0,5,0,0,0,0,0,0
8088,[X8_X12_GET_req],8088,3,6,0,0,0,0,0,0,6,0,0,0,1,0,0
8089,REST_X12,8089,3,6,0,0,0,0,0,0,6,0,0,0,2,0,0
8090,REST_X12,8090,3,6,0,0,0,0,0,0,6,0,0,0,9,0,0
8091,[X12_X13_GET_req],8091,3,6,0,0,0,0,0,0,6,0,0,0,10,1,0
8092,REST_X13,8092,3,6,0,0,0,0,0,0,6,0,0,0,10,2,0
8093,REST_X13,8093,3,6,0,0,0,0,0,0,6,0,0,0,10,5,0
8094,[X13_X4_GET_req],8094,3,6,0,0,1,0,0,0,6,0,0,0,10,6,0
8095,REST_X4,8095,3,6,0,0,2,0,0,0,6,0,0,0,10,6,0
8096,REST_X4,8096,3,6,0,0,13,0,0,0,6,0,0,0,10,6,0
8097,[X4_X11_GET_req],8097,3,6,0,0,14,0,0,0,6,0,0,1,10,6,0
8098,REST_X11,8098,3,6,0,0,14,0,0,0,6,0,0,2,10,6,0
8099,REST_X11,8099,3,6,0,0,14,0,0,0,6,0,0,3,10,6,0
8100,[X4_X11_GET_resp_2xx],8100,3,6,0,0,3,0,0,0,6,0,0,0,10,6,0
8101,[X13_X4_GET_resp_2xx],8101,3,6,0,0,0,0,0,0,6,0,0,0,10,3,0
8102,[X12_X13_GET_resp_2xx],8102,3,6,0,0,0,0,0,0,6,0,0,0,3,0,0
8103,[X8_X12_GET_resp_2xx],8103,3,6,0,0,0,0,0,0,3,0,0,0,0,0,0
8104,[X1_X8_GET_resp_2xx],8104,3,3,0,0,0,0,0,0,0,0,0,0,0,0,0
8105,[X0_X1_GET_resp_2xx],8105,0,0,0,0,0,0,0,0,0,0,0,0,0,0,0
8106,REST_X0,8106,2,0,0,0,0,0,0,0,0,0,0,0,0,0,0
8107,[X0_X1_GET_req],8107,3,1,0,0,0,0,0,0,0,0,0,0,0,0,0
8108,REST_X1,8108,3,2,0,0,0,0,0,0,0,0,0,0,0,0,0
8109,REST_X1,8109,3,5,0,0,0,0,0,0,0,0,0,0,0,0,0
8110,[X1_X8_GET_req],8110,3,6,0,0,0,0,0,0,1,0,0,0,0,0,0
8111,REST_X8,8111,3,6,0,0,0,0,0,0,2,0,0,0,0,0,0
8112,REST_X8,8112,3,6,0,0,0,0,0,0,5,0,0,0,0,0,0
8113,[X8_X12_GET_req],8113,3,6,0,0,0,0,0,0,6,0,0,0,1,0,0
8114,REST_X12,8114,3,6,0,0,0,0,0,0,6,0,0,0,2,0,0
8115,REST_X12,8115,3,6,0,0,0,0,0,0,6,0,0,0,5,0,0
8116,[X12_X3_GET_req],8116,3,6,0,1,0,0,0,0,6,0,0,0,6,0,0
8117,REST_X3,8117,3,6,0,2,0,0,0,0,6,0,0,0,6,0,0
8118,REST_X3,8118,3,6,0,5,0,0,0,0,6,0,0,0,6,0,0
8119,[X3_X9_GET_req],8119,3,6,0,6,0,0,0,0,6,1,0,0,6,0,0
8120,REST_X9,8120,3,6,0,6,0,0,0,0,6,2,0,0,6,0,0
8121,REST_X9,8121,3,6,0,6,0,0,0,0,6,3,0,0,6,0,0
8122,[X3_X9_GET_resp_2xx],8122,3,6,0,3,0,0,0,0,6,0,0,0,6,0,0
8123,[X12_X3_GET_resp_2xx],8123,3,6,0,0,0,0,0,0,6,0,0,0,3,0,0
8124,[X8_X12_GET_resp_2xx],8124,3,6,0,0,0,0,0,0,3,0,0,0,0,0,0
8125,[X1_X8_GET_resp_2xx],8125,3,3,0,0,0,0,0,0,0,0,0,0,0,0,0
8126,[X0_X1_GET_resp_2xx],8126,0,0,0,0,0,0,0,0,0,0,0,0,0,0,0
8127,REST_X0,8127,2,0,0,0,0,0,0,0,0,0,0,0,0,0,0
8128,[X0_X1_GET_req],8128,3,1,0,0,0,0,0,0,0,0,0,0,0,0,0
8129,REST_X1,8129,3,2,0,0,0,0,0,0,0,0,0,0,0,0,0
8130,REST_X1,8130,3,9,0,0,0,0,0,0,0,0,0,0,0,0,0
8131,[X1_X14_GET_req],8131,3,10,0,0,0,0,0,0,0,0,0,0,0,0,1
8132,REST_X14,8132,3,10,0,0,0,0,0,0,0,0,0,0,0,0,2
8133,REST_X14,8133,3,10,0,0,0,0,0,0,0,0,0,0,0,0,5
8134,[X14_X6_GET_req],8134,3,10,0,0,0,0,1,0,0,0,0,0,0,0,6
8135,REST_X6,8135,3,10,0,0,0,0,2,0,0,0,0,0,0,0,6
8136,REST_X6,8136,3,10,0,0,0,0,5,0,0,0,0,0,0,0,6
8137,[X6_X5_GET_req],8137,3,10,0,0,0,1,6,0,0,0,0,0,0,0,6
8138,REST_X5,8138,3,10,0,0,0,2,6,0,0,0,0,0,0,0,6
8139,REST_X5,8139,3,10,0,0,0,3,6,0,0,0,0,0,0,0,6
8140,[X6_X5_GET_resp_2xx],8140,3,10,0,0,0,0,3,0,0,0,0,0,0,0,6
8141,[X14_X6_GET_resp_2xx],8141,3,10,0,0,0,0,0,0,0,0,0,0,0,0,3
8142,[X1_X14_GET_resp_2xx],8142,3,3,0,0,0,0,0,0,0,0,0,0,0,0,0
8143,[X0_X1_GET_resp_2xx],8143,0,0,0,0,0,0,0,0,0,0,0,0,0,0,0
8144,REST_X0,8144,2,0,0,0,0,0,0,0,0,0,0,0,0,0,0
8145,[X0_X1_GET_req],8145,3,1,0,0,0,0,0,0,0,0,0,0,0,0,0
8146,REST_X1,8146,3,2,0,0,0,0,0,0,0,0,0,0,0,0,0
8147,REST_X1,8147,3,9,0,0,0,0,0,0,0,0,0,0,0,0,0
8148,[X1_X14_GET_req],8148,3,10,0,0,0,0,0,0,0,0,0,0,0,0,1
8149,REST_X14,8149,3,10,0,0,0,0,0,0,0,0,0,0,0,0,2
8150,REST_X14,8150,3,10,0,0,0,0,0,0,0,0,0,0,0,0,5
8151,[X14_X6_GET_req],8151,3,10,0,0,0,0,1,0,0,0,0,0,0,0,6
8152,REST_X6,8152,3,10,0,0,0,0,2,0,0,0,0,0,0,0,6
8153,REST_X6,8153,3,10,0,0,0,0,5,0,0,0,0,0,0,0,6
8154,[X6_X5_GET_req],8154,3,10,0,0,0,1,6,0,0,0,0,0,0,0,6
8155,REST_X5,8155,3,10,0,0,0,2,6,0,0,0,0,0,0,0,6
8156,REST_X5,8156,3,10,0,0,0,4,6,0,0,0,0,0,0,0,6
8157,[X6_X5_GET_resp_5xx],8157,3,10,0,0,0,0,7,0,0,0,0,0,0,0,6
8158,[X6_X5_GET_req],8158,3,10,0,0,0,1,8,0,0,0,0,0,0,0,6
8159,REST_X5,8159,3,10,0,0,0,2,8,0,0,0,0,0,0,0,6
8160,REST_X5,8160,3,10,0,0,0,3,8,0,0,0,0,0,0,0,6
8161,[X6_X5_GET_resp_2xx],8161,3,10,0,0,0,0,3,0,0,0,0,0,0,0,6
8162,[X14_X6_GET_resp_2xx],8162,3,10,0,0,0,0,0,0,0,0,0,0,0,0,3
8163,[X1_X14_GET_resp_2xx],8163,3,3,0,0,0,0,0,0,0,0,0,0,0,0,0
8164,[X0_X1_GET_resp_2xx],8164,0,0,0,0,0,0,0,0,0,0,0,0,0,0,0
8165,REST_X0,8165,2,0,0,0,0,0,0,0,0,0,0,0,0,0,0
8166,[X0_X1_GET_req],8166,3,1,0,0,0,0,0,0,0,0,0,0,0,0,0
8167,REST_X1,8167,3,2,0,0,0,0,0,0,0,0,0,0,0,0,0
8168,REST_X1,8168,3,5,0,0,0,0,0,0,0,0,0,0,0,0,0
8169,[X1_X8_GET_req],8169,3,6,0,0,0,0,0,0,1,0,0,0,0,0,0
8170,REST_X8,8170,3,6,0,0,0,0,0,0,2,0,0,0,0,0,0
8171,REST_X8,8171,3,6,0,0,0,0,0,0,5,0,0,0,0,0,0
8172,[X8_X12_GET_req],8172,3,6,0,0,0,0,0,0,6,0,0,0,1,0,0
8173,REST_X12,8173,3,6,0,0,0,0,0,0,6,0,0,0,2,0,0
8174,REST_X12,8174,3,6,0,0,0,0,0,0,6,0,0,0,9,0,0
8175,[X12_X13_GET_req],8175,3,6,0,0,0,0,0,0,6,0,0,0,10,1,0
8176,REST_X13,8176,3,6,0,0,0,0,0,0,6,0,0,0,10,2,0
8177,REST_X13,8177,3,6,0,0,0,0,0,0,6,0,0,0,10,5,0
8178,[X13_X4_GET_req],8178,3,6,0,0,1,0,0,0,6,0,0,0,10,6,0
8179,REST_X4,8179,3,6,0,0,2,0,0,0,6,0,0,0,10,6,0
8180,REST_X4,8180,3,6,0,0,9,0,0,0,6,0,0,0,10,6,0
8181,[X4_X7_GET_req],8181,3,6,0,0,10,0,0,1,6,0,0,0,10,6,0
8182,REST_X7,8182,3,6,0,0,10,0,0,2,6,0,0,0,10,6,0
8183,REST_X7,8183,3,6,0,0,10,0,0,5,6,0,0,0,10,6,0
8184,[X7_X10_GET_req],8184,3,6,0,0,10,0,0,6,6,0,1,0,10,6,0
8185,REST_X10,8185,3,6,0,0,10,0,0,6,6,0,2,0,10,6,0
8186,REST_X10,8186,3,6,0,0,10,0,0,6,6,0,3,0,10,6,0
8187,[X7_X10_GET_resp_2xx],8187,3,6,0,0,10,0,0,3,6,0,0,0,10,6,0
8188,[X4_X7_GET_resp_2xx],8188,3,6,0,0,3,0,0,0,6,0,0,0,10,6,0
8189,[X13_X4_GET_resp_2xx],8189,3,6,0,0,0,0,0,0,6,0,0,0,10,3,0
8190,[X12_X13_GET_resp_2xx],8190,3,6,0,0,0,0,0,0,6,0,0,0,3,0,0
8191,[X8_X12_GET_resp_2xx],8191,3,6,0,0,0,0,0,0,3,0,0,0,0,0,0
8192,[X1_X8_GET_resp_2xx],8192,3,3,0,0,0,0,0,0,0,0,0,0,0,0,0
8193,[X0_X1_GET_resp_2xx],8193,0,0,0,0,0,0,0,0,0,0,0,0,0,0,0
8194,REST_X0,8194,2,0,0,0,0,0,0,0,0,0,0,0,0,0,0
8195,[X0_X1_GET_req],8195,3,1,0,0,0,0,0,0,0,0,0,0,0,0,0
8196,REST_X1,8196,3,2,0,0,0,0,0,0,0,0,0,0,0,0,0
8197,REST_X1,8197,3,9,0,0,0,0,0,0,0,0,0,0,0,0,0
8198,[X1_X14_GET_req],8198,3,10,0,0,0,0,0,0,0,0,0,0,0,0,1
8199,REST_X14,8199,3,10,0,0,0,0,0,0,0,0,0,0,0,0,2
8200,REST_X14,8200,3,10,0,0,0,0,0,0,0,0,0,0,0,0,5
8201,[X14_X6_GET_req],8201,3,10,0,0,0,0,1,0,0,0,0,0,0,0,6
8202,REST_X6,8202,3,10,0,0,0,0,2,0,0,0,0,0,0,0,6
8203,REST_X6,8203,3,10,0,0,0,0,5,0,0,0,0,0,0,0,6
8204,[X6_X5_GET_req],8204,3,10,0,0,0,1,6,0,0,0,0,0,0,0,6
8205,REST_X5,8205,3,10,0,0,0,2,6,0,0,0,0,0,0,0,6
8206,REST_X5,8206,3,10,0,0,0,3,6,0,0,0,0,0,0,0,6
8207,[X6_X5_GET_resp_2xx],8207,3,10,0,0,0,0,3,0,0,0,0,0,0,0,6
8208,[X14_X6_GET_resp_2xx],8208,3,10,0,0,0,0,0,0,0,0,0,0,0,0,3
8209,[X1_X14_GET_resp_2xx],8209,3,3,0,0,0,0,0,0,0,0,0,0,0,0,0
8210,[X0_X1_GET_resp_2xx],8210,0,0,0,0,0,0,0,0,0,0,0,0,0,0,0
8211,REST_X0,8211,2,0,0,0,0,0,0,0,0,0,0,0,0,0,0
8212,[X0_X1_GET_req],8212,3,1,0,0,0,0,0,0,0,0,0,0,0,0,0
8213,REST_X1,8213,3,2,0,0,0,0,0,0,0,0,0,0,0,0,0
8214,REST_X1,8214,3,9,0,0,0,0,0,0,0,0,0,0,0,0,0
8215,[X1_X14_GET_req],8215,3,10,0,0,0,0,0,0,0,0,0,0,0,0,1
8216,REST_X14,8216,3,10,0,0,0,0,0,0,0,0,0,0,0,0,2
8217,REST_X14,8217,3,10,0,0,0,0,0,0,0,0,0,0,0,0,5
8218,[X14_X6_GET_req],8218,3,10,0,0,0,0,1,0,0,0,0,0,0,0,6
8219,REST_X6,8219,3,10,0,0,0,0,2,0,0,0,0,0,0,0,6
8220,REST_X6,8220,3,10,0,0,0,0,5,0,0,0,0,0,0,0,6
8221,[X6_X5_GET_req],8221,3,10,0,0,0,1,6,0,0,0,0,0,0,0,6
8222,REST_X5,8222,3,10,0,0,0,2,6,0,0,0,0,0,0,0,6
8223,REST_X5,8223,3,10,0,0,0,4,6,0,0,0,0,0,0,0,6
8224,[X6_X5_GET_resp_5xx],8224,3,10,0,0,0,0,7,0,0,0,0,0,0,0,6
8225,[X6_X5_GET_req],8225,3,10,0,0,0,1,8,0,0,0,0,0,0,0,6
8226,REST_X5,8226,3,10,0,0,0,2,8,0,0,0,0,0,0,0,6
8227,REST_X5,8227,3,10,0,0,0,3,8,0,0,0,0,0,0,0,6
8228,[X6_X5_GET_resp_2xx],8228,3,10,0,0,0,0,3,0,0,0,0,0,0,0,6
8229,[X14_X6_GET_resp_2xx],8229,3,10,0,0,0,0,0,0,0,0,0,0,0,0,3
8230,[X1_X14_GET_resp_2xx],8230,3,3,0,0,0,0,0,0,0,0,0,0,0,0,0
8231,[X0_X1_GET_resp_2xx],8231,0,0,0,0,0,0,0,0,0,0,0,0,0,0,0
8232,REST_X0,8232,2,0,0,0,0,0,0,0,0,0,0,0,0,0,0
8233,[X0_X1_GET_req],8233,3,1,0,0,0,0,0,0,0,0,0,0,0,0,0
8234,REST_X1,8234,3,2,0,0,0,0,0,0,0,0,0,0,0,0,0
8235,REST_X1,8235,3,5,0,0,0,0,0,0,0,0,0,0,0,0,0
8236,[X1_X8_GET_req],8236,3,6,0,0,0,0,0,0,1,0,0,0,0,0,0
8237,REST_X8,8237,3,6,0,0,0,0,0,0,2,0,0,0,0,0,0
8238,REST_X8,8238,3,6,0,0,0,0,0,0,5,0,0,0,0,0,0
8239,[X8_X12_GET_req],8239,3,6,0,0,0,0,0,0,6,0,0,0,1,0,0
8240,REST_X12,8240,3,6,0,0,0,0,0,0,6,0,0,0,2,0,0
8241,REST_X12,8241,3,6,0,0,0,0,0,0,6,0,0,0,9,0,0
8242,[X12_X13_GET_req],8242,3,6,0,0,0,0,0,0,6,0,0,0,10,1,0
8243,REST_X13,8243,3,6,0,0,0,0,0,0,6,0,0,0,10,2,0
8244,REST_X13,8244,3,6,0,0,0,0,0,0,6,0,0,0,10,5,0
8245,[X13_X4_GET_req],8245,3,6,0,0,1,0,0,0,6,0,0,0,10,6,0
8246,REST_X4,8246,3,6,0,0,2,0,0,0,6,0,0,0,10,6,0
8247,REST_X4,8247,3,6,0,0,9,0,0,0,6,0,0,0,10,6,0
8248,[X4_X7_GET_req],8248,3,6,0,0,10,0,0,1,6,0,0,0,10,6,0
8249,REST_X7,8249,3,6,0,0,10,0,0,2,6,0,0,0,10,6,0
8250,REST_X7,8250,3,6,0,0,10,0,0,5,6,0,0,0,10,6,0
8251,[X7_X10_GET_req],8251,3,6,0,0,10,0,0,6,6,0,1,0,10,6,0
8252,REST_X10,8252,3,6,0,0,10,0,0,6,6,0,2,0,10,6,0
8253,REST_X10,8253,3,6,0,0,10,0,0,6,6,0,4,0,10,6,0
8254,[X7_X10_GET_resp_5xx],8254,3,6,0,0,10,0,0,7,6,0,0,0,10,6,0
8255,[X7_X10_GET_req],8255,3,6,0,0,10,0,0,8,6,0,1,0,10,6,0
8256,REST_X10,8256,3,6,0,0,10,0,0,8,6,0,2,0,10,6,0
8257,REST_X10,8257,3,6,0,0,10,0,0,8,6,0,3,0,10,6,0
8258,[X7_X10_GET_resp_2xx],8258,3,6,0,0,10,0,0,3,6,0,0,0,10,6,0
8259,[X4_X7_GET_resp_2xx],8259,3,6,0,0,3,0,0,0,6,0,0,0,10,6,0
8260,[X13_X4_GET_resp_2xx],8260,3,6,0,0,0,0,0,0,6,0,0,0,10,3,0
8261,[X12_X13_GET_resp_2xx],8261,3,6,0,0,0,0,0,0,6,0,0,0,3,0,0
8262,[X8_X12_GET_resp_2xx],8262,3,6,0,0,0,0,0,0,3,0,0,0,0,0,0
8263,[X1_X8_GET_resp_2xx],8263,3,3,0,0,0,0,0,0,0,0,0,0,0,0,0
8264,[X0_X1_GET_resp_2xx],8264,0,0,0,0,0,0,0,0,0,0,0,0,0,0,0
8265,REST_X0,8265,2,0,0,0,0,0,0,0,0,0,0,0,0,0,0
8266,[X0_X1_GET_req],8266,3,1,0,0,0,0,0,0,0,0,0,0,0,0,0
8267,REST_X1,8267,3,2,0,0,0,0,0,0,0,0,0,0,0,0,0
8268,REST_X1,8268,3,5,0,0,0,0,0,0,0,0,0,0,0,0,0
8269,[X1_X8_GET_req],8269,3,6,0,0,0,0,0,0,1,0,0,0,0,0,0
8270,REST_X8,8270,3,6,0,0,0,0,0,0,2,0,0,0,0,0,0
8271,REST_X8,8271,3,6,0,0,0,0,0,0,5,0,0,0,0,0,0
8272,[X8_X12_GET_req],8272,3,6,0,0,0,0,0,0,6,0,0,0,1,0,0
8273,REST_X12,8273,3,6,0,0,0,0,0,0,6,0,0,0,2,0,0
8274,REST_X12,8274,3,6,0,0,0,0,0,0,6,0,0,0,5,0,0
8275,[X12_X3_GET_req],8275,3,6,0,1,0,0,0,0,6,0,0,0,6,0,0
8276,REST_X3,8276,3,6,0,2,0,0,0,0,6,0,0,0,6,0,0
8277,REST_X3,8277,3,6,0,5,0,0,0,0,6,0,0,0,6,0,0
8278,[X3_X9_GET_req],8278,3,6,0,6,0,0,0,0,6,1,0,0,6,0,0
8279,REST_X9,8279,3,6,0,6,0,0,0,0,6,2,0,0,6,0,0
8280,REST_X9,8280,3,6,0,6,0,0,0,0,6,3,0,0,6,0,0
8281,[X3_X9_GET_resp_2xx],8281,3,6,0,3,0,0,0,0,6,0,0,0,6,0,0
8282,[X12_X3_GET_resp_2xx],8282,3,6,0,0,0,0,0,0,6,0,0,0,3,0,0
8283,[X8_X12_GET_resp_2xx],8283,3,6,0,0,0,0,0,0,3,0,0,0,0,0,0
8284,[X1_X8_GET_resp_2xx],8284,3,3,0,0,0,0,0,0,0,0,0,0,0,0,0
8285,[X0_X1_GET_resp_2xx],8285,0,0,0,0,0,0,0,0,0,0,0,0,0,0,0
8286,REST_X0,8286,2,0,0,0,0,0,0,0,0,0,0,0,0,0,0
8287,[X0_X1_GET_req],8287,3,1,0,0,0,0,0,0,0,0,0,0,0,0,0
8288,REST_X1,8288,3,2,0,0,0,0,0,0,0,0,0,0,0,0,0
8289,REST_X1,8289,3,5,0,0,0,0,0,0,0,0,0,0,0,0,0
8290,[X1_X8_GET_req],8290,3,6,0,0,0,0,0,0,1,0,0,0,0,0,0
8291,REST_X8,8291,3,6,0,0,0,0,0,0,2,0,0,0,0,0,0
8292,REST_X8,8292,3,6,0,0,0,0,0,0,5,0,0,0,0,0,0
8293,[X8_X12_GET_req],8293,3,6,0,0,0,0,0,0,6,0,0,0,1,0,0
8294,REST_X12,8294,3,6,0,0,0,0,0,0,6,0,0,0,2,0,0
8295,REST_X12,8295,3,6,0,0,0,0,0,0,6,0,0,0,5,0,0
8296,[X12_X3_GET_req],8296,3,6,0,1,0,0,0,0,6,0,0,0,6,0,0
8297,REST_X3,8297,3,6,0,2,0,0,0,0,6,0,0,0,6,0,0
8298,REST_X3,8298,3,6,0,5,0,0,0,0,6,0,0,0,6,0,0
8299,[X3_X9_GET_req],8299,3,6,0,6,0,0,0,0,6,1,0,0,6,0,0
8300,REST_X9,8300,3,6,0,6,0,0,0,0,6,2,0,0,6,0,0
8301,REST_X9,8301,3,6,0,6,0,0,0,0,6,3,0,0,6,0,0
8302,[X3_X9_GET_resp_2xx],8302,3,6,0,3,0,0,0,0,6,0,0,0,6,0,0
8303,[X12_X3_GET_resp_2xx],8303,3,6,0,0,0,0,0,0,6,0,0,0,3,0,0
8304,[X8_X12_GET_resp_2xx],8304,3,6,0,0,0,0,0,0,3,0,0,0,0,0,0
8305,[X1_X8_GET_resp_2xx],8305,3,3,0,0,0,0,0,0,0,0,0,0,0,0,0
8306,[X0_X1_GET_resp_2xx],8306,0,0,0,0,0,0,0,0,0,0,0,0,0,0,0
8307,REST_X0,8307,2,0,0,0,0,0,0,0,0,0,0,0,0,0,0
8308,[X0_X1_GET_req],8308,3,1,0,0,0,0,0,0,0,0,0,0,0,0,0
8309,REST_X1,8309,3,2,0,0,0,0,0,0,0,0,0,0,0,0,0
8310,REST_X1,8310,3,9,0,0,0,0,0,0,0,0,0,0,0,0,0
8311,[X1_X14_GET_req],8311,3,10,0,0,0,0,0,0,0,0,0,0,0,0,1
8312,REST_X14,8312,3,10,0,0,0,0,0,0,0,0,0,0,0,0,2
8313,REST_X14,8313,3,10,0,0,0,0,0,0,0,0,0,0,0,0,5
8314,[X14_X6_GET_req],8314,3,10,0,0,0,0,1,0,0,0,0,0,0,0,6
8315,REST_X6,8315,3,10,0,0,0,0,2,0,0,0,0,0,0,0,6
8316,REST_X6,8316,3,10,0,0,0,0,5,0,0,0,0,0,0,0,6
8317,[X6_X5_GET_req],8317,3,10,0,0,0,1,6,0,0,0,0,0,0,0,6
8318,REST_X5,8318,3,10,0,0,0,2,6,0,0,0,0,0,0,0,6
8319,REST_X5,8319,3,10,0,0,0,3,6,0,0,0,0,0,0,0,6
8320,[X6_X5_GET_resp_2xx],8320,3,10,0,0,0,0,3,0,0,0,0,0,0,0,6
8321,[X14_X6_GET_resp_2xx],8321,3,10,0,0,0,0,0,0,0,0,0,0,0,0,3
8322,[X1_X14_GET_resp_2xx],8322,3,3,0,0,0,0,0,0,0,0,0,0,0,0,0
8323,[X0_X1_GET_resp_2xx],8323,0,0,0,0,0,0,0,0,0,0,0,0,0,0,0
8324,REST_X0,8324,2,0,0,0,0,0,0,0,0,0,0,0,0,0,0
8325,[X0_X1_GET_req],8325,3,1,0,0,0,0,0,0,0,0,0,0,0,0,0
8326,REST_X1,8326,3,2,0,0,0,0,0,0,0,0,0,0,0,0,0
8327,REST_X1,8327,3,9,0,0,0,0,0,0,0,0,0,0,0,0,0
8328,[X1_X14_GET_req],8328,3,10,0,0,0,0,0,0,0,0,0,0,0,0,1
8329,REST_X14,8329,3,10,0,0,0,0,0,0,0,0,0,0,0,0,2
8330,REST_X14,8330,3,10,0,0,0,0,0,0,0,0,0,0,0,0,5
8331,[X14_X6_GET_req],8331,3,10,0,0,0,0,1,0,0,0,0,0,0,0,6
8332,REST_X6,8332,3,10,0,0,0,0,2,0,0,0,0,0,0,0,6
8333,REST_X6,8333,3,10,0,0,0,0,5,0,0,0,0,0,0,0,6
8334,[X6_X5_GET_req],8334,3,10,0,0,0,1,6,0,0,0,0,0,0,0,6
8335,REST_X5,8335,3,10,0,0,0,2,6,0,0,0,0,0,0,0,6
8336,REST_X5,8336,3,10,0,0,0,4,6,0,0,0,0,0,0,0,6
8337,[X6_X5_GET_resp_5xx],8337,3,10,0,0,0,0,7,0,0,0,0,0,0,0,6
8338,[X6_X5_GET_req],8338,3,10,0,0,0,1,8,0,0,0,0,0,0,0,6
8339,REST_X5,8339,3,10,0,0,0,2,8,0,0,0,0,0,0,0,6
8340,REST_X5,8340,3,10,0,0,0,3,8,0,0,0,0,0,0,0,6
8341,[X6_X5_GET_resp_2xx],8341,3,10,0,0,0,0,3,0,0,0,0,0,0,0,6
8342,[X14_X6_GET_resp_2xx],8342,3,10,0,0,0,0,0,0,0,0,0,0,0,0,3
8343,[X1_X14_GET_resp_2xx],8343,3,3,0,0,0,0,0,0,0,0,0,0,0,0,0
8344,[X0_X1_GET_resp_2xx],8344,0,0,0,0,0,0,0,0,0,0,0,0,0,0,0
8345,REST_X0,8345,2,0,0,0,0,0,0,0,0,0,0,0,0,0,0
8346,[X0_X1_GET_req],8346,3,1,0,0,0,0,0,0,0,0,0,0,0,0,0
8347,REST_X1,8347,3,2,0,0,0,0,0,0,0,0,0,0,0,0,0
8348,REST_X1,8348,3,9,0,0,0,0,0,0,0,0,0,0,0,0,0
8349,[X1_X14_GET_req],8349,3,10,0,0,0,0,0,0,0,0,0,0,0,0,1
8350,REST_X14,8350,3,10,0,0,0,0,0,0,0,0,0,0,0,0,2
8351,REST_X14,8351,3,10,0,0,0,0,0,0,0,0,0,0,0,0,5
8352,[X14_X6_GET_req],8352,3,10,0,0,0,0,1,0,0,0,0,0,0,0,6
8353,REST_X6,8353,3,10,0,0,0,0,2,0,0,0,0,0,0,0,6
8354,REST_X6,8354,3,10,0,0,0,0,5,0,0,0,0,0,0,0,6
8355,[X6_X5_GET_req],8355,3,10,0,0,0,1,6,0,0,0,0,0,0,0,6
8356,REST_X5,8356,3,10,0,0,0,2,6,0,0,0,0,0,0,0,6
8357,REST_X5,8357,3,10,0,0,0,3,6,0,0,0,0,0,0,0,6
8358,[X6_X5_GET_resp_2xx],8358,3,10,0,0,0,0,3,0,0,0,0,0,0,0,6
8359,[X14_X6_GET_resp_2xx],8359,3,10,0,0,0,0,0,0,0,0,0,0,0,0,3
8360,[X1_X14_GET_resp_2xx],8360,3,3,0,0,0,0,0,0,0,0,0,0,0,0,0
8361,[X0_X1_GET_resp_2xx],8361,0,0,0,0,0,0,0,0,0,0,0,0,0,0,0
8362,REST_X0,8362,2,0,0,0,0,0,0,0,0,0,0,0,0,0,0
8363,[X0_X1_GET_req],8363,3,1,0,0,0,0,0,0,0,0,0,0,0,0,0
8364,REST_X1,8364,3,2,0,0,0,0,0,0,0,0,0,0,0,0,0
8365,REST_X1,8365,3,9,0,0,0,0,0,0,0,0,0,0,0,0,0
8366,[X1_X14_GET_req],8366,3,10,0,0,0,0,0,0,0,0,0,0,0,0,1
8367,REST_X14,8367,3,10,0,0,0,0,0,0,0,0,0,0,0,0,2
8368,REST_X14,8368,3,10,0,0,0,0,0,0,0,0,0,0,0,0,5
8369,[X14_X6_GET_req],8369,3,10,0,0,0,0,1,0,0,0,0,0,0,0,6
8370,REST_X6,8370,3,10,0,0,0,0,2,0,0,0,0,0,0,0,6
8371,REST_X6,8371,3,10,0,0,0,0,5,0,0,0,0,0,0,0,6
8372,[X6_X5_GET_req],8372,3,10,0,0,0,1,6,0,0,0,0,0,0,0,6
8373,REST_X5,8373,3,10,0,0,0,2,6,0,0,0,0,0,0,0,6
8374,REST_X5,8374,3,10,0,0,0,4,6,0,0,0,0,0,0,0,6
8375,[X6_X5_GET_resp_5xx],8375,3,10,0,0,0,0,7,0,0,0,0,0,0,0,6
8376,[X6_X5_GET_req],8376,3,10,0,0,0,1,8,0,0,0,0,0,0,0,6
8377,REST_X5,8377,3,10,0,0,0,2,8,0,0,0,0,0,0,0,6
8378,REST_X5,8378,3,10,0,0,0,3,8,0,0,0,0,0,0,0,6
8379,[X6_X5_GET_resp_2xx],8379,3,10,0,0,0,0,3,0,0,0,0,0,0,0,6
8380,[X14_X6_GET_resp_2xx],8380,3,10,0,0,0,0,0,0,0,0,0,0,0,0,3
8381,[X1_X14_GET_resp_2xx],8381,3,3,0,0,0,0,0,0,0,0,0,0,0,0,0
8382,[X0_X1_GET_resp_2xx],8382,0,0,0,0,0,0,0,0,0,0,0,0,0,0,0
8383,REST_X0,8383,2,0,0,0,0,0,0,0,0,0,0,0,0,0,0
8384,[X0_X1_GET_req],8384,3,1,0,0,0,0,0,0,0,0,0,0,0,0,0
8385,REST_X1,8385,3,2,0,0,0,0,0,0,0,0,0,0,0,0,0
8386,REST_X1,8386,3,5,0,0,0,0,0,0,0,0,0,0,0,0,0
8387,[X1_X8_GET_req],8387,3,6,0,0,0,0,0,0,1,0,0,0,0,0,0
8388,REST_X8,8388,3,6,0,0,0,0,0,0,2,0,0,0,0,0,0
8389,REST_X8,8389,3,6,0,0,0,0,0,0,5,0,0,0,0,0,0
8390,[X8_X12_GET_req],8390,3,6,0,0,0,0,0,0,6,0,0,0,1,0,0
8391,REST_X12,8391,3,6,0,0,0,0,0,0,6,0,0,0,2,0,0
8392,REST_X12,8392,3,6,0,0,0,0,0,0,6,0,0,0,5,0,0
8393,[X12_X3_GET_req],8393,3,6,0,1,0,0,0,0,6,0,0,0,6,0,0
8394,REST_X3,8394,3,6,0,2,0,0,0,0,6,0,0,0,6,0,0
8395,REST_X3,8395,3,6,0,5,0,0,0,0,6,0,0,0,6,0,0
8396,[X3_X9_GET_req],8396,3,6,0,6,0,0,0,0,6,1,0,0,6,0,0
8397,REST_X9,8397,3,6,0,6,0,0,0,0,6,2,0,0,6,0,0
8398,REST_X9,8398,3,6,0,6,0,0,0,0,6,3,0,0,6,0,0
8399,[X3_X9_GET_resp_2xx],8399,3,6,0,3,0,0,0,0,6,0,0,0,6,0,0
8400,[X12_X3_GET_resp_2xx],8400,3,6,0,0,0,0,0,0,6,0,0,0,3,0,0
8401,[X8_X12_GET_resp_2xx],8401,3,6,0,0,0,0,0,0,3,0,0,0,0,0,0
8402,[X1_X8_GET_resp_2xx],8402,3,3,0,0,0,0,0,0,0,0,0,0,0,0,0
8403,[X0_X1_GET_resp_2xx],8403,0,0,0,0,0,0,0,0,0,0,0,0,0,0,0
8404,REST_X0,8404,2,0,0,0,0,0,0,0,0,0,0,0,0,0,0
8405,[X0_X1_GET_req],8405,3,1,0,0,0,0,0,0,0,0,0,0,0,0,0
8406,REST_X1,8406,3,2,0,0,0,0,0,0,0,0,0,0,0,0,0
8407,REST_X1,8407,3,5,0,0,0,0,0,0,0,0,0,0,0,0,0
8408,[X1_X8_GET_req],8408,3,6,0,0,0,0,0,0,1,0,0,0,0,0,0
8409,REST_X8,8409,3,6,0,0,0,0,0,0,2,0,0,0,0,0,0
8410,REST_X8,8410,3,6,0,0,0,0,0,0,5,0,0,0,0,0,0
8411,[X8_X12_GET_req],8411,3,6,0,0,0,0,0,0,6,0,0,0,1,0,0
8412,REST_X12,8412,3,6,0,0,0,0,0,0,6,0,0,0,2,0,0
8413,REST_X12,8413,3,6,0,0,0,0,0,0,6,0,0,0,9,0,0
8414,[X12_X13_GET_req],8414,3,6,0,0,0,0,0,0,6,0,0,0,10,1,0
8415,REST_X13,8415,3,6,0,0,0,0,0,0,6,0,0,0,10,2,0
8416,REST_X13,8416,3,6,0,0,0,0,0,0,6,0,0,0,10,5,0
8417,[X13_X4_GET_req],8417,3,6,0,0,1,0,0,0,6,0,0,0,10,6,0
8418,REST_X4,8418,3,6,0,0,2,0,0,0,6,0,0,0,10,6,0
8419,REST_X4,8419,3,6,0,0,13,0,0,0,6,0,0,0,10,6,0
8420,[X4_X11_GET_req],8420,3,6,0,0,14,0,0,0,6,0,0,1,10,6,0
8421,REST_X11,8421,3,6,0,0,14,0,0,0,6,0,0,2,10,6,0
8422,REST_X11,8422,3,6,0,0,14,0,0,0,6,0,0,3,10,6,0
8423,[X4_X11_GET_resp_2xx],8423,3,6,0,0,3,0,0,0,6,0,0,0,10,6,0
8424,[X13_X4_GET_resp_2xx],8424,3,6,0,0,0,0,0,0,6,0,0,0,10,3,0
8425,[X12_X13_GET_resp_2xx],8425,3,6,0,0,0,0,0,0,6,0,0,0,3,0,0
8426,[X8_X12_GET_resp_2xx],8426,3,6,0,0,0,0,0,0,3,0,0,0,0,0,0
8427,[X1_X8_GET_resp_2xx],8427,3,3,0,0,0,0,0,0,0,0,0,0,0,0,0
8428,[X0_X1_GET_resp_2xx],8428,0,0,0,0,0,0,0,0,0,0,0,0,0,0,0
8429,REST_X0,8429,2,0,0,0,0,0,0,0,0,0,0,0,0,0,0
8430,[X0_X1_GET_req],8430,3,1,0,0,0,0,0,0,0,0,0,0,0,0,0
8431,REST_X1,8431,3,2,0,0,0,0,0,0,0,0,0,0,0,0,0
8432,REST_X1,8432,3,9,0,0,0,0,0,0,0,0,0,0,0,0,0
8433,[X1_X14_GET_req],8433,3,10,0,0,0,0,0,0,0,0,0,0,0,0,1
8434,REST_X14,8434,3,10,0,0,0,0,0,0,0,0,0,0,0,0,2
8435,REST_X14,8435,3,10,0,0,0,0,0,0,0,0,0,0,0,0,5
8436,[X14_X6_GET_req],8436,3,10,0,0,0,0,1,0,0,0,0,0,0,0,6
8437,REST_X6,8437,3,10,0,0,0,0,2,0,0,0,0,0,0,0,6
8438,REST_X6,8438,3,10,0,0,0,0,5,0,0,0,0,0,0,0,6
8439,[X6_X5_GET_req],8439,3,10,0,0,0,1,6,0,0,0,0,0,0,0,6
8440,REST_X5,8440,3,10,0,0,0,2,6,0,0,0,0,0,0,0,6
8441,REST_X5,8441,3,10,0,0,0,3,6,0,0,0,0,0,0,0,6
8442,[X6_X5_GET_resp_2xx],8442,3,10,0,0,0,0,3,0,0,0,0,0,0,0,6
8443,[X14_X6_GET_resp_2xx],8443,3,10,0,0,0,0,0,0,0,0,0,0,0,0,3
8444,[X1_X14_GET_resp_2xx],8444,3,3,0,0,0,0,0,0,0,0,0,0,0,0,0
8445,[X0_X1_GET_resp_2xx],8445,0,0,0,0,0,0,0,0,0,0,0,0,0,0,0
8446,REST_X0,8446,2,0,0,0,0,0,0,0,0,0,0,0,0,0,0
8447,[X0_X1_GET_req],8447,3,1,0,0,0,0,0,0,0,0,0,0,0,0,0
8448,REST_X1,8448,3,2,0,0,0,0,0,0,0,0,0,0,0,0,0
8449,REST_X1,8449,3,9,0,0,0,0,0,0,0,0,0,0,0,0,0
8450,[X1_X14_GET_req],8450,3,10,0,0,0,0,0,0,0,0,0,0,0,0,1
8451,REST_X14,8451,3,10,0,0,0,0,0,0,0,0,0,0,0,0,2
8452,REST_X14,8452,3,10,0,0,0,0,0,0,0,0,0,0,0,0,5
8453,[X14_X6_GET_req],8453,3,10,0,0,0,0,1,0,0,0,0,0,0,0,6
8454,REST_X6,8454,3,10,0,0,0,0,2,0,0,0,0,0,0,0,6
8455,REST_X6,8455,3,10,0,0,0,0,5,0,0,0,0,0,0,0,6
8456,[X6_X5_GET_req],8456,3,10,0,0,0,1,6,0,0,0,0,0,0,0,6
8457,REST_X5,8457,3,10,0,0,0,2,6,0,0,0,0,0,0,0,6
8458,REST_X5,8458,3,10,0,0,0,3,6,0,0,0,0,0,0,0,6
8459,[X6_X5_GET_resp_2xx],8459,3,10,0,0,0,0,3,0,0,0,0,0,0,0,6
8460,[X14_X6_GET_resp_2xx],8460,3,10,0,0,0,0,0,0,0,0,0,0,0,0,3
8461,[X1_X14_GET_resp_2xx],8461,3,3,0,0,0,0,0,0,0,0,0,0,0,0,0
8462,[X0_X1_GET_resp_2xx],8462,0,0,0,0,0,0,0,0,0,0,0,0,0,0,0
8463,REST_X0,8463,2,0,0,0,0,0,0,0,0,0,0,0,0,0,0
8464,[X0_X1_GET_req],8464,3,1,0,0,0,0,0,0,0,0,0,0,0,0,0
8465,REST_X1,8465,3,2,0,0,0,0,0,0,0,0,0,0,0,0,0
8466,REST_X1,8466,3,5,0,0,0,0,0,0,0,0,0,0,0,0,0
8467,[X1_X8_GET_req],8467,3,6,0,0,0,0,0,0,1,0,0,0,0,0,0
8468,REST_X8,8468,3,6,0,0,0,0,0,0,2,0,0,0,0,0,0
8469,REST_X8,8469,3,6,0,0,0,0,0,0,5,0,0,0,0,0,0
8470,[X8_X12_GET_req],8470,3,6,0,0,0,0,0,0,6,0,0,0,1,0,0
8471,REST_X12,8471,3,6,0,0,0,0,0,0,6,0,0,0,2,0,0
8472,REST_X12,8472,3,6,0,0,0,0,0,0,6,0,0,0,9,0,0
8473,[X12_X13_GET_req],8473,3,6,0,0,0,0,0,0,6,0,0,0,10,1,0
8474,REST_X13,8474,3,6,0,0,0,0,0,0,6,0,0,0,10,2,0
8475,REST_X13,8475,3,6,0,0,0,0,0,0,6,0,0,0,10,5,0
8476,[X13_X4_GET_req],8476,3,6,0,0,1,0,0,0,6,0,0,0,10,6,0
8477,REST_X4,8477,3,6,0,0,2,0,0,0,6,0,0,0,10,6,0
8478,REST_X4,8478,3,6,0,0,9,0,0,0,6,0,0,0,10,6,0
8479,[X4_X7_GET_req],8479,3,6,0,0,10,0,0,1,6,0,0,0,10,6,0
8480,REST_X7,8480,3,6,0,0,10,0,0,2,6,0,0,0,10,6,0
8481,REST_X7,8481,3,6,0,0,10,0,0,5,6,0,0,0,10,6,0
8482,[X7_X10_GET_req],8482,3,6,0,0,10,0,0,6,6,0,1,0,10,6,0
8483,REST_X10,8483,3,6,0,0,10,0,0,6,6,0,2,0,10,6,0
8484,REST_X10,8484,3,6,0,0,10,0,0,6,6,0,3,0,10,6,0
8485,[X7_X10_GET_resp_2xx],8485,3,6,0,0,10,0,0,3,6,0,0,0,10,6,0
8486,[X4_X7_GET_resp_2xx],8486,3,6,0,0,3,0,0,0,6,0,0,0,10,6,0
8487,[X13_X4_GET_resp_2xx],8487,3,6,0,0,0,0,0,0,6,0,0,0,10,3,0
8488,[X12_X13_GET_resp_2xx],8488,3,6,0,0,0,0,0,0,6,0,0,0,3,0,0
8489,[X8_X12_GET_resp_2xx],8489,3,6,0,0,0,0,0,0,3,0,0,0,0,0,0
8490,[X1_X8_GET_resp_2xx],8490,3,3,0,0,0,0,0,0,0,0,0,0,0,0,0
8491,[X0_X1_GET_resp_2xx],8491,0,0,0,0,0,0,0,0,0,0,0,0,0,0,0
8492,REST_X0,8492,2,0,0,0,0,0,0,0,0,0,0,0,0,0,0
8493,[X0_X1_GET_req],8493,3,1,0,0,0,0,0,0,0,0,0,0,0,0,0
8494,REST_X1,8494,3,2,0,0,0,0,0,0,0,0,0,0,0,0,0
8495,REST_X1,8495,3,5,0,0,0,0,0,0,0,0,0,0,0,0,0
8496,[X1_X8_GET_req],8496,3,6,0,0,0,0,0,0,1,0,0,0,0,0,0
8497,REST_X8,8497,3,6,0,0,0,0,0,0,2,0,0,0,0,0,0
8498,REST_X8,8498,3,6,0,0,0,0,0,0,5,0,0,0,0,0,0
8499,[X8_X12_GET_req],8499,3,6,0,0,0,0,0,0,6,0,0,0,1,0,0
8500,REST_X12,8500,3,6,0,0,0,0,0,0,6,0,0,0,2,0,0
8501,REST_X12,8501,3,6,0,0,0,0,0,0,6,0,0,0,9,0,0
8502,[X12_X13_GET_req],8502,3,6,0,0,0,0,0,0,6,0,0,0,10,1,0
8503,REST_X13,8503,3,6,0,0,0,0,0,0,6,0,0,0,10,2,0
8504,REST_X13,8504,3,6,0,0,0,0,0,0,6,0,0,0,10,5,0
8505,[X13_X4_GET_req],8505,3,6,0,0,1,0,0,0,6,0,0,0,10,6,0
8506,REST_X4,8506,3,6,0,0,2,0,0,0,6,0,0,0,10,6,0
8507,REST_X4,8507,3,6,0,0,5,0,0,0,6,0,0,0,10,6,0
8508,[X4_X2_GET_req],8508,3,6,1,0,6,0,0,0,6,0,0,0,10,6,0
8509,REST_X2,8509,3,6,2,0,6,0,0,0,6,0,0,0,10,6,0
8510,REST_X2,8510,3,6,3,0,6,0,0,0,6,0,0,0,10,6,0
8511,[X4_X2_GET_resp_2xx],8511,3,6,0,0,3,0,0,0,6,0,0,0,10,6,0
8512,[X13_X4_GET_resp_2xx],8512,3,6,0,0,0,0,0,0,6,0,0,0,10,3,0
8513,[X12_X13_GET_resp_2xx],8513,3,6,0,0,0,0,0,0,6,0,0,0,3,0,0
8514,[X8_X12_GET_resp_2xx],8514,3,6,0,0,0,0,0,0,3,0,0,0,0,0,0
8515,[X1_X8_GET_resp_2xx],8515,3,3,0,0,0,0,0,0,0,0,0,0,0,0,0
8516,[X0_X1_GET_resp_2xx],8516,0,0,0,0,0,0,0,0,0,0,0,0,0,0,0
8517,REST_X0,8517,2,0,0,0,0,0,0,0,0,0,0,0,0,0,0
8518,[X0_X1_GET_req],8518,3,1,0,0,0,0,0,0,0,0,0,0,0,0,0
8519,REST_X1,8519,3,2,0,0,0,0,0,0,0,0,0,0,0,0,0
8520,REST_X1,8520,3,9,0,0,0,0,0,0,0,0,0,0,0,0,0
8521,[X1_X14_GET_req],8521,3,10,0,0,0,0,0,0,0,0,0,0,0,0,1
8522,REST_X14,8522,3,10,0,0,0,0,0,0,0,0,0,0,0,0,2
8523,REST_X14,8523,3,10,0,0,0,0,0,0,0,0,0,0,0,0,5
8524,[X14_X6_GET_req],8524,3,10,0,0,0,0,1,0,0,0,0,0,0,0,6
8525,REST_X6,8525,3,10,0,0,0,0,2,0,0,0,0,0,0,0,6
8526,REST_X6,8526,3,10,0,0,0,0,5,0,0,0,0,0,0,0,6
8527,[X6_X5_GET_req],8527,3,10,0,0,0,1,6,0,0,0,0,0,0,0,6
8528,REST_X5,8528,3,10,0,0,0,2,6,0,0,0,0,0,0,0,6
8529,REST_X5,8529,3,10,0,0,0,3,6,0,0,0,0,0,0,0,6
8530,[X6_X5_GET_resp_2xx],8530,3,10,0,0,0,0,3,0,0,0,0,0,0,0,6
8531,[X14_X6_GET_resp_2xx],8531,3,10,0,0,0,0,0,0,0,0,0,0,0,0,3
8532,[X1_X14_GET_resp_2xx],8532,3,3,0,0,0,0,0,0,0,0,0,0,0,0,0
8533,[X0_X1_GET_resp_2xx],8533,0,0,0,0,0,0,0,0,0,0,0,0,0,0,0
8534,REST_X0,8534,2,0,0,0,0,0,0,0,0,0,0,0,0,0,0
8535,[X0_X1_GET_req],8535,3,1,0,0,0,0,0,0,0,0,0,0,0,0,0
8536,REST_X1,8536,3,2,0,0,0,0,0,0,0,0,0,0,0,0,0
8537,REST_X1,8537,3,5,0,0,0,0,0,0,0,0,0,0,0,0,0
8538,[X1_X8_GET_req],8538,3,6,0,0,0,0,0,0,1,0,0,0,0,0,0
8539,REST_X8,8539,3,6,0,0,0,0,0,0,2,0,0,0,0,0,0
8540,REST_X8,8540,3,6,0,0,0,0,0,0,5,0,0,0,0,0,0
8541,[X8_X12_GET_req],8541,3,6,0,0,0,0,0,0,6,0,0,0,1,0,0
8542,REST_X12,8542,3,6,0,0,0,0,0,0,6,0,0,0,2,0,0
8543,REST_X12,8543,3,6,0,0,0,0,0,0,6,0,0,0,5,0,0
8544,[X12_X3_GET_req],8544,3,6,0,1,0,0,0,0,6,0,0,0,6,0,0
8545,REST_X3,8545,3,6,0,2,0,0,0,0,6,0,0,0,6,0,0
8546,REST_X3,8546,3,6,0,5,0,0,0,0,6,0,0,0,6,0,0
8547,[X3_X9_GET_req],8547,3,6,0,6,0,0,0,0,6,1,0,0,6,0,0
8548,REST_X9,8548,3,6,0,6,0,0,0,0,6,2,0,0,6,0,0
8549,REST_X9,8549,3,6,0,6,0,0,0,0,6,3,0,0,6,0,0
8550,[X3_X9_GET_resp_2xx],8550,3,6,0,3,0,0,0,0,6,0,0,0,6,0,0
8551,[X12_X3_GET_resp_2xx],8551,3,6,0,0,0,0,0,0,6,0,0,0,3,0,0
8552,[X8_X12_GET_resp_2xx],8552,3,6,0,0,0,0,0,0,3,0,0,0,0,0,0
8553,[X1_X8_GET_resp_2xx],8553,3,3,0,0,0,0,0,0,0,0,0,0,0,0,0
8554,[X0_X1_GET_resp_2xx],8554,0,0,0,0,0,0,0,0,0,0,0,0,0,0,0
8555,REST_X0,8555,2,0,0,0,0,0,0,0,0,0,0,0,0,0,0
8556,[X0_X1_GET_req],8556,3,1,0,0,0,0,0,0,0,0,0,0,0,0,0
8557,REST_X1,8557,3,2,0,0,0,0,0,0,0,0,0,0,0,0,0
8558,REST_X1,8558,3,5,0,0,0,0,0,0,0,0,0,0,0,0,0
8559,[X1_X8_GET_req],8559,3,6,0,0,0,0,0,0,1,0,0,0,0,0,0
8560,REST_X8,8560,3,6,0,0,0,0,0,0,2,0,0,0,0,0,0
8561,REST_X8,8561,3,6,0,0,0,0,0,0,5,0,0,0,0,0,0
8562,[X8_X12_GET_req],8562,3,6,0,0,0,0,0,0,6,0,0,0,1,0,0
8563,REST_X12,8563,3,6,0,0,0,0,0,0,6,0,0,0,2,0,0
8564,REST_X12,8564,3,6,0,0,0,0,0,0,6,0,0,0,9,0,0
8565,[X12_X13_GET_req],8565,3,6,0,0,0,0,0,0,6,0,0,0,10,1,0
8566,REST_X13,8566,3,6,0,0,0,0,0,0,6,0,0,0,10,2,0
8567,REST_X13,8567,3,6,0,0,0,0,0,0,6,0,0,0,10,5,0
8568,[X13_X4_GET_req],8568,3,6,0,0,1,0,0,0,6,0,0,0,10,6,0
8569,REST_X4,8569,3,6,0,0,2,0,0,0,6,0,0,0,10,6,0
8570,REST_X4,8570,3,6,0,0,13,0,0,0,6,0,0,0,10,6,0
8571,[X4_X11_GET_req],8571,3,6,0,0,14,0,0,0,6,0,0,1,10,6,0
8572,REST_X11,8572,3,6,0,0,14,0,0,0,6,0,0,2,10,6,0
8573,REST_X11,8573,3,6,0,0,14,0,0,0,6,0,0,3,10,6,0
8574,[X4_X11_GET_resp_2xx],8574,3,6,0,0,3,0,0,0,6,0,0,0,10,6,0
8575,[X13_X4_GET_resp_2xx],8575,3,6,0,0,0,0,0,0,6,0,0,0,10,3,0
8576,[X12_X13_GET_resp_2xx],8576,3,6,0,0,0,0,0,0,6,0,0,0,3,0,0
8577,[X8_X12_GET_resp_2xx],8577,3,6,0,0,0,0,0,0,3,0,0,0,0,0,0
8578,[X1_X8_GET_resp_2xx],8578,3,3,0,0,0,0,0,0,0,0,0,0,0,0,0
8579,[X0_X1_GET_resp_2xx],8579,0,0,0,0,0,0,0,0,0,0,0,0,0,0,0
8580,REST_X0,8580,2,0,0,0,0,0,0,0,0,0,0,0,0,0,0
8581,[X0_X1_GET_req],8581,3,1,0,0,0,0,0,0,0,0,0,0,0,0,0
8582,REST_X1,8582,3,2,0,0,0,0,0,0,0,0,0,0,0,0,0
8583,REST_X1,8583,3,9,0,0,0,0,0,0,0,0,0,0,0,0,0
8584,[X1_X14_GET_req],8584,3,10,0,0,0,0,0,0,0,0,0,0,0,0,1
8585,REST_X14,8585,3,10,0,0,0,0,0,0,0,0,0,0,0,0,2
8586,REST_X14,8586,3,10,0,0,0,0,0,0,0,0,0,0,0,0,5
8587,[X14_X6_GET_req],8587,3,10,0,0,0,0,1,0,0,0,0,0,0,0,6
8588,REST_X6,8588,3,10,0,0,0,0,2,0,0,0,0,0,0,0,6
8589,REST_X6,8589,3,10,0,0,0,0,5,0,0,0,0,0,0,0,6
8590,[X6_X5_GET_req],8590,3,10,0,0,0,1,6,0,0,0,0,0,0,0,6
8591,REST_X5,8591,3,10,0,0,0,2,6,0,0,0,0,0,0,0,6
8592,REST_X5,8592,3,10,0,0,0,3,6,0,0,0,0,0,0,0,6
8593,[X6_X5_GET_resp_2xx],8593,3,10,0,0,0,0,3,0,0,0,0,0,0,0,6
8594,[X14_X6_GET_resp_2xx],8594,3,10,0,0,0,0,0,0,0,0,0,0,0,0,3
8595,[X1_X14_GET_resp_2xx],8595,3,3,0,0,0,0,0,0,0,0,0,0,0,0,0
8596,[X0_X1_GET_resp_2xx],8596,0,0,0,0,0,0,0,0,0,0,0,0,0,0,0
8597,REST_X0,8597,2,0,0,0,0,0,0,0,0,0,0,0,0,0,0
8598,[X0_X1_GET_req],8598,3,1,0,0,0,0,0,0,0,0,0,0,0,0,0
8599,REST_X1,8599,3,2,0,0,0,0,0,0,0,0,0,0,0,0,0
8600,REST_X1,8600,3,9,0,0,0,0,0,0,0,0,0,0,0,0,0
8601,[X1_X14_GET_req],8601,3,10,0,0,0,0,0,0,0,0,0,0,0,0,1
8602,REST_X14,8602,3,10,0,0,0,0,0,0,0,0,0,0,0,0,2
8603,REST_X14,8603,3,10,0,0,0,0,0,0,0,0,0,0,0,0,5
8604,[X14_X6_GET_req],8604,3,10,0,0,0,0,1,0,0,0,0,0,0,0,6
8605,REST_X6,8605,3,10,0,0,0,0,2,0,0,0,0,0,0,0,6
8606,REST_X6,8606,3,10,0,0,0,0,5,0,0,0,0,0,0,0,6
8607,[X6_X5_GET_req],8607,3,10,0,0,0,1,6,0,0,0,0,0,0,0,6
8608,REST_X5,8608,3,10,0,0,0,2,6,0,0,0,0,0,0,0,6
8609,REST_X5,8609,3,10,0,0,0,3,6,0,0,0,0,0,0,0,6
8610,[X6_X5_GET_resp_2xx],8610,3,10,0,0,0,0,3,0,0,0,0,0,0,0,6
8611,[X14_X6_GET_resp_2xx],8611,3,10,0,0,0,0,0,0,0,0,0,0,0,0,3
8612,[X1_X14_GET_resp_2xx],8612,3,3,0,0,0,0,0,0,0,0,0,0,0,0,0
8613,[X0_X1_GET_resp_2xx],8613,0,0,0,0,0,0,0,0,0,0,0,0,0,0,0
8614,REST_X0,8614,2,0,0,0,0,0,0,0,0,0,0,0,0,0,0
8615,[X0_X1_GET_req],8615,3,1,0,0,0,0,0,0,0,0,0,0,0,0,0
8616,REST_X1,8616,3,2,0,0,0,0,0,0,0,0,0,0,0,0,0
8617,REST_X1,8617,3,9,0,0,0,0,0,0,0,0,0,0,0,0,0
8618,[X1_X14_GET_req],8618,3,10,0,0,0,0,0,0,0,0,0,0,0,0,1
8619,REST_X14,8619,3,10,0,0,0,0,0,0,0,0,0,0,0,0,2
8620,REST_X14,8620,3,10,0,0,0,0,0,0,0,0,0,0,0,0,5
8621,[X14_X6_GET_req],8621,3,10,0,0,0,0,1,0,0,0,0,0,0,0,6
8622,REST_X6,8622,3,10,0,0,0,0,2,0,0,0,0,0,0,0,6
8623,REST_X6,8623,3,10,0,0,0,0,5,0,0,0,0,0,0,0,6
8624,[X6_X5_GET_req],8624,3,10,0,0,0,1,6,0,0,0,0,0,0,0,6
8625,REST_X5,8625,3,10,0,0,0,2,6,0,0,0,0,0,0,0,6
8626,REST_X5,8626,3,10,0,0,0,3,6,0,0,0,0,0,0,0,6
8627,[X6_X5_GET_resp_2xx],8627,3,10,0,0,0,0,3,0,0,0,0,0,0,0,6
8628,[X14_X6_GET_resp_2xx],8628,3,10,0,0,0,0,0,0,0,0,0,0,0,0,3
8629,[X1_X14_GET_resp_2xx],8629,3,3,0,0,0,0,0,0,0,0,0,0,0,0,0
8630,[X0_X1_GET_resp_2xx],8630,0,0,0,0,0,0,0,0,0,0,0,0,0,0,0
8631,REST_X0,8631,2,0,0,0,0,0,0,0,0,0,0,0,0,0,0
8632,[X0_X1_GET_req],8632,3,1,0,0,0,0,0,0,0,0,0,0,0,0,0
8633,REST_X1,8633,3,2,0,0,0,0,0,0,0,0,0,0,0,0,0
8634,REST_X1,8634,3,5,0,0,0,0,0,0,0,0,0,0,0,0,0
8635,[X1_X8_GET_req],8635,3,6,0,0,0,0,0,0,1,0,0,0,0,0,0
8636,REST_X8,8636,3,6,0,0,0,0,0,0,2,0,0,0,0,0,0
8637,REST_X8,8637,3,6,0,0,0,0,0,0,5,0,0,0,0,0,0
8638,[X8_X12_GET_req],8638,3,6,0,0,0,0,0,0,6,0,0,0,1,0,0
8639,REST_X12,8639,3,6,0,0,0,0,0,0,6,0,0,0,2,0,0
8640,REST_X12,8640,3,6,0,0,0,0,0,0,6,0,0,0,9,0,0
8641,[X12_X13_GET_req],8641,3,6,0,0,0,0,0,0,6,0,0,0,10,1,0
8642,REST_X13,8642,3,6,0,0,0,0,0,0,6,0,0,0,10,2,0
8643,REST_X13,8643,3,6,0,0,0,0,0,0,6,0,0,0,10,5,0
8644,[X13_X4_GET_req],8644,3,6,0,0,1,0,0,0,6,0,0,0,10,6,0
8645,REST_X4,8645,3,6,0,0,2,0,0,0,6,0,0,0,10,6,0
8646,REST_X4,8646,3,6,0,0,5,0,0,0,6,0,0,0,10,6,0
8647,[X4_X2_GET_req],8647,3,6,1,0,6,0,0,0,6,0,0,0,10,6,0
8648,REST_X2,8648,3,6,2,0,6,0,0,0,6,0,0,0,10,6,0
8649,REST_X2,8649,3,6,4,0,6,0,0,0,6,0,0,0,10,6,0
8650,[X4_X2_GET_resp_5xx],8650,3,6,0,0,7,0,0,0,6,0,0,0,10,6,0
8651,[X4_X2_GET_req],8651,3,6,1,0,8,0,0,0,6,0,0,0,10,6,0
8652,REST_X2,8652,3,6,2,0,8,0,0,0,6,0,0,0,10,6,0
8653,REST_X2,8653,3,6,3,0,8,0,0,0,6,0,0,0,10,6,0
8654,[X4_X2_GET_resp_2xx],8654,3,6,0,0,3,0,0,0,6,0,0,0,10,6,0
8655,[X13_X4_GET_resp_2xx],8655,3,6,0,0,0,0,0,0,6,0,0,0,10,3,0
8656,[X12_X13_GET_resp_2xx],8656,3,6,0,0,0,0,0,0,6,0,0,0,3,0,0
8657,[X8_X12_GET_resp_2xx],8657,3,6,0,0,0,0,0,0,3,0,0,0,0,0,0
8658,[X1_X8_GET_resp_2xx],8658,3,3,0,0,0,0,0,0,0,0,0,0,0,0,0
8659,[X0_X1_GET_resp_2xx],8659,0,0,0,0,0,0,0,0,0,0,0,0,0,0,0
8660,REST_X0,8660,2,0,0,0,0,0,0,0,0,0,0,0,0,0,0
8661,[X0_X1_GET_req],8661,3,1,0,0,0,0,0,0,0,0,0,0,0,0,0
8662,REST_X1,8662,3,2,0,0,0,0,0,0,0,0,0,0,0,0,0
8663,REST_X1,8663,3,5,0,0,0,0,0,0,0,0,0,0,0,0,0
8664,[X1_X8_GET_req],8664,3,6,0,0,0,0,0,0,1,0,0,0,0,0,0
8665,REST_X8,8665,3,6,0,0,0,0,0,0,2,0,0,0,0,0,0
8666,REST_X8,8666,3,6,0,0,0,0,0,0,5,0,0,0,0,0,0
8667,[X8_X12_GET_req],8667,3,6,0,0,0,0,0,0,6,0,0,0,1,0,0
8668,REST_X12,8668,3,6,0,0,0,0,0,0,6,0,0,0,2,0,0
8669,REST_X12,8669,3,6,0,0,0,0,0,0,6,0,0,0,9,0,0
8670,[X12_X13_GET_req],8670,3,6,0,0,0,0,0,0,6,0,0,0,10,1,0
8671,REST_X13,8671,3,6,0,0,0,0,0,0,6,0,0,0,10,2,0
8672,REST_X13,8672,3,6,0,0,0,0,0,0,6,0,0,0,10,5,0
8673,[X13_X4_GET_req],8673,3,6,0,0,1,0,0,0,6,0,0,0,10,6,0
8674,REST_X4,8674,3,6,0,0,2,0,0,0,6,0,0,0,10,6,0
8675,REST_X4,8675,3,6,0,0,5,0,0,0,6,0,0,0,10,6,0
8676,[X4_X2_GET_req],8676,3,6,1,0,6,0,0,0,6,0,0,0,10,6,0
8677,REST_X2,8677,3,6,2,0,6,0,0,0,6,0,0,0,10,6,0
8678,REST_X2,8678,3,6,3,0,6,0,0,0,6,0,0,0,10,6,0
8679,[X4_X2_GET_resp_2xx],8679,3,6,0,0,3,0,0,0,6,0,0,0,10,6,0
8680,[X13_X4_GET_resp_2xx],8680,3,6,0,0,0,0,0,0,6,0,0,0,10,3,0
8681,[X12_X13_GET_resp_2xx],8681,3,6,0,0,0,0,0,0,6,0,0,0,3,0,0
8682,[X8_X12_GET_resp_2xx],8682,3,6,0,0,0,0,0,0,3,0,0,0,0,0,0
8683,[X1_X8_GET_resp_2xx],8683,3,3,0,0,0,0,0,0,0,0,0,0,0,0,0
8684,[X0_X1_GET_resp_2xx],8684,0,0,0,0,0,0,0,0,0,0,0,0,0,0,0
8685,REST_X0,8685,2,0,0,0,0,0,0,0,0,0,0,0,0,0,0
8686,[X0_X1_GET_req],8686,3,1,0,0,0,0,0,0,0,0,0,0,0,0,0
8687,REST_X1,8687,3,2,0,0,0,0,0,0,0,0,0,0,0,0,0
8688,REST_X1,8688,3,5,0,0,0,0,0,0,0,0,0,0,0,0,0
8689,[X1_X8_GET_req],8689,3,6,0,0,0,0,0,0,1,0,0,0,0,0,0
8690,REST_X8,8690,3,6,0,0,0,0,0,0,2,0,0,0,0,0,0
8691,REST_X8,8691,3,6,0,0,0,0,0,0,5,0,0,0,0,0,0
8692,[X8_X12_GET_req],8692,3,6,0,0,0,0,0,0,6,0,0,0,1,0,0
8693,REST_X12,8693,3,6,0,0,0,0,0,0,6,0,0,0,2,0,0
8694,REST_X12,8694,3,6,0,0,0,0,0,0,6,0,0,0,5,0,0
8695,[X12_X3_GET_req],8695,3,6,0,1,0,0,0,0,6,0,0,0,6,0,0
8696,REST_X3,8696,3,6,0,2,0,0,0,0,6,0,0,0,6,0,0
8697,REST_X3,8697,3,6,0,5,0,0,0,0,6,0,0,0,6,0,0
8698,[X3_X9_GET_req],8698,3,6,0,6,0,0,0,0,6,1,0,0,6,0,0
8699,REST_X9,8699,3,6,0,6,0,0,0,0,6,2,0,0,6,0,0
8700,REST_X9,8700,3,6,0,6,0,0,0,0,6,3,0,0,6,0,0
8701,[X3_X9_GET_resp_2xx],8701,3,6,0,3,0,0,0,0,6,0,0,0,6,0,0
8702,[X12_X3_GET_resp_2xx],8702,3,6,0,0,0,0,0,0,6,0,0,0,3,0,0
8703,[X8_X12_GET_resp_2xx],8703,3,6,0,0,0,0,0,0,3,0,0,0,0,0,0
8704,[X1_X8_GET_resp_2xx],8704,3,3,0,0,0,0,0,0,0,0,0,0,0,0,0
8705,[X0_X1_GET_resp_2xx],8705,0,0,0,0,0,0,0,0,0,0,0,0,0,0,0
8706,REST_X0,8706,2,0,0,0,0,0,0,0,0,0,0,0,0,0,0
8707,[X0_X1_GET_req],8707,3,1,0,0,0,0,0,0,0,0,0,0,0,0,0
8708,REST_X1,8708,3,2,0,0,0,0,0,0,0,0,0,0,0,0,0
8709,REST_X1,8709,3,5,0,0,0,0,0,0,0,0,0,0,0,0,0
8710,[X1_X8_GET_req],8710,3,6,0,0,0,0,0,0,1,0,0,0,0,0,0
8711,REST_X8,8711,3,6,0,0,0,0,0,0,2,0,0,0,0,0,0
8712,REST_X8,8712,3,6,0,0,0,0,0,0,5,0,0,0,0,0,0
8713,[X8_X12_GET_req],8713,3,6,0,0,0,0,0,0,6,0,0,0,1,0,0
8714,REST_X12,8714,3,6,0,0,0,0,0,0,6,0,0,0,2,0,0
8715,REST_X12,8715,3,6,0,0,0,0,0,0,6,0,0,0,5,0,0
8716,[X12_X3_GET_req],8716,3,6,0,1,0,0,0,0,6,0,0,0,6,0,0
8717,REST_X3,8717,3,6,0,2,0,0,0,0,6,0,0,0,6,0,0
8718,REST_X3,8718,3,6,0,5,0,0,0,0,6,0,0,0,6,0,0
8719,[X3_X9_GET_req],8719,3,6,0,6,0,0,0,0,6,1,0,0,6,0,0
8720,REST_X9,8720,3,6,0,6,0,0,0,0,6,2,0,0,6,0,0
8721,REST_X9,8721,3,6,0,6,0,0,0,0,6,3,0,0,6,0,0
8722,[X3_X9_GET_resp_2xx],8722,3,6,0,3,0,0,0,0,6,0,0,0,6,0,0
8723,[X12_X3_GET_resp_2xx],8723,3,6,0,0,0,0,0,0,6,0,0,0,3,0,0
8724,[X8_X12_GET_resp_2xx],8724,3,6,0,0,0,0,0,0,3,0,0,0,0,0,0
8725,[X1_X8_GET_resp_2xx],8725,3,3,0,0,0,0,0,0,0,0,0,0,0,0,0
8726,[X0_X1_GET_resp_2xx],8726,0,0,0,0,0,0,0,0,0,0,0,0,0,0,0
8727,REST_X0,8727,2,0,0,0,0,0,0,0,0,0,0,0,0,0,0
8728,[X0_X1_GET_req],8728,3,1,0,0,0,0,0,0,0,0,0,0,0,0,0
8729,REST_X1,8729,3,2,0,0,0,0,0,0,0,0,0,0,0,0,0
8730,REST_X1,8730,3,5,0,0,0,0,0,0,0,0,0,0,0,0,0
8731,[X1_X8_GET_req],8731,3,6,0,0,0,0,0,0,1,0,0,0,0,0,0
8732,REST_X8,8732,3,6,0,0,0,0,0,0,2,0,0,0,0,0,0
8733,REST_X8,8733,3,6,0,0,0,0,0,0,5,0,0,0,0,0,0
8734,[X8_X12_GET_req],8734,3,6,0,0,0,0,0,0,6,0,0,0,1,0,0
8735,REST_X12,8735,3,6,0,0,0,0,0,0,6,0,0,0,2,0,0
8736,REST_X12,8736,3,6,0,0,0,0,0,0,6,0,0,0,5,0,0
8737,[X12_X3_GET_req],8737,3,6,0,1,0,0,0,0,6,0,0,0,6,0,0
8738,REST_X3,8738,3,6,0,2,0,0,0,0,6,0,0,0,6,0,0
8739,REST_X3,8739,3,6,0,5,0,0,0,0,6,0,0,0,6,0,0
8740,[X3_X9_GET_req],8740,3,6,0,6,0,0,0,0,6,1,0,0,6,0,0
8741,REST_X9,8741,3,6,0,6,0,0,0,0,6,2,0,0,6,0,0
8742,REST_X9,8742,3,6,0,6,0,0,0,0,6,3,0,0,6,0,0
8743,[X3_X9_GET_resp_2xx],8743,3,6,0,3,0,0,0,0,6,0,0,0,6,0,0
8744,[X12_X3_GET_resp_2xx],8744,3,6,0,0,0,0,0,0,6,0,0,0,3,0,0
8745,[X8_X12_GET_resp_2xx],8745,3,6,0,0,0,0,0,0,3,0,0,0,0,0,0
8746,[X1_X8_GET_resp_2xx],8746,3,3,0,0,0,0,0,0,0,0,0,0,0,0,0
8747,[X0_X1_GET_resp_2xx],8747,0,0,0,0,0,0,0,0,0,0,0,0,0,0,0
8748,REST_X0,8748,2,0,0,0,0,0,0,0,0,0,0,0,0,0,0
8749,[X0_X1_GET_req],8749,3,1,0,0,0,0,0,0,0,0,0,0,0,0,0
8750,REST_X1,8750,3,2,0,0,0,0,0,0,0,0,0,0,0,0,0
8751,REST_X1,8751,3,9,0,0,0,0,0,0,0,0,0,0,0,0,0
8752,[X1_X14_GET_req],8752,3,10,0,0,0,0,0,0,0,0,0,0,0,0,1
8753,REST_X14,8753,3,10,0,0,0,0,0,0,0,0,0,0,0,0,2
8754,REST_X14,8754,3,10,0,0,0,0,0,0,0,0,0,0,0,0,5
8755,[X14_X6_GET_req],8755,3,10,0,0,0,0,1,0,0,0,0,0,0,0,6
8756,REST_X6,8756,3,10,0,0,0,0,2,0,0,0,0,0,0,0,6
8757,REST_X6,8757,3,10,0,0,0,0,5,0,0,0,0,0,0,0,6
8758,[X6_X5_GET_req],8758,3,10,0,0,0,1,6,0,0,0,0,0,0,0,6
8759,REST_X5,8759,3,10,0,0,0,2,6,0,0,0,0,0,0,0,6
8760,REST_X5,8760,3,10,0,0,0,3,6,0,0,0,0,0,0,0,6
8761,[X6_X5_GET_resp_2xx],8761,3,10,0,0,0,0,3,0,0,0,0,0,0,0,6
8762,[X14_X6_GET_resp_2xx],8762,3,10,0,0,0,0,0,0,0,0,0,0,0,0,3
8763,[X1_X14_GET_resp_2xx],8763,3,3,0,0,0,0,0,0,0,0,0,0,0,0,0
8764,[X0_X1_GET_resp_2xx],8764,0,0,0,0,0,0,0,0,0,0,0,0,0,0,0
8765,REST_X0,8765,2,0,0,0,0,0,0,0,0,0,0,0,0,0,0
8766,[X0_X1_GET_req],8766,3,1,0,0,0,0,0,0,0,0,0,0,0,0,0
8767,REST_X1,8767,3,2,0,0,0,0,0,0,0,0,0,0,0,0,0
8768,REST_X1,8768,3,5,0,0,0,0,0,0,0,0,0,0,0,0,0
8769,[X1_X8_GET_req],8769,3,6,0,0,0,0,0,0,1,0,0,0,0,0,0
8770,REST_X8,8770,3,6,0,0,0,0,0,0,2,0,0,0,0,0,0
8771,REST_X8,8771,3,6,0,0,0,0,0,0,5,0,0,0,0,0,0
8772,[X8_X12_GET_req],8772,3,6,0,0,0,0,0,0,6,0,0,0,1,0,0
8773,REST_X12,8773,3,6,0,0,0,0,0,0,6,0,0,0,2,0,0
8774,REST_X12,8774,3,6,0,0,0,0,0,0,6,0,0,0,9,0,0
8775,[X12_X13_GET_req],8775,3,6,0,0,0,0,0,0,6,0,0,0,10,1,0
8776,REST_X13,8776,3,6,0,0,0,0,0,0,6,0,0,0,10,2,0
8777,REST_X13,8777,3,6,0,0,0,0,0,0,6,0,0,0,10,5,0
8778,[X13_X4_GET_req],8778,3,6,0,0,1,0,0,0,6,0,0,0,10,6,0
8779,REST_X4,8779,3,6,0,0,2,0,0,0,6,0,0,0,10,6,0
8780,REST_X4,8780,3,6,0,0,5,0,0,0,6,0,0,0,10,6,0
8781,[X4_X2_GET_req],8781,3,6,1,0,6,0,0,0,6,0,0,0,10,6,0
8782,REST_X2,8782,3,6,2,0,6,0,0,0,6,0,0,0,10,6,0
8783,REST_X2,8783,3,6,3,0,6,0,0,0,6,0,0,0,10,6,0
8784,[X4_X2_GET_resp_2xx],8784,3,6,0,0,3,0,0,0,6,0,0,0,10,6,0
8785,[X13_X4_GET_resp_2xx],8785,3,6,0,0,0,0,0,0,6,0,0,0,10,3,0
8786,[X12_X13_GET_resp_2xx],8786,3,6,0,0,0,0,0,0,6,0,0,0,3,0,0
8787,[X8_X12_GET_resp_2xx],8787,3,6,0,0,0,0,0,0,3,0,0,0,0,0,0
8788,[X1_X8_GET_resp_2xx],8788,3,3,0,0,0,0,0,0,0,0,0,0,0,0,0
8789,[X0_X1_GET_resp_2xx],8789,0,0,0,0,0,0,0,0,0,0,0,0,0,0,0
8790,REST_X0,8790,2,0,0,0,0,0,0,0,0,0,0,0,0,0,0
8791,[X0_X1_GET_req],8791,3,1,0,0,0,0,0,0,0,0,0,0,0,0,0
8792,REST_X1,8792,3,2,0,0,0,0,0,0,0,0,0,0,0,0,0
8793,REST_X1,8793,3,9,0,0,0,0,0,0,0,0,0,0,0,0,0
8794,[X1_X14_GET_req],8794,3,10,0,0,0,0,0,0,0,0,0,0,0,0,1
8795,REST_X14,8795,3,10,0,0,0,0,0,0,0,0,0,0,0,0,2
8796,REST_X14,8796,3,10,0,0,0,0,0,0,0,0,0,0,0,0,5
8797,[X14_X6_GET_req],8797,3,10,0,0,0,0,1,0,0,0,0,0,0,0,6
8798,REST_X6,8798,3,10,0,0,0,0,2,0,0,0,0,0,0,0,6
8799,REST_X6,8799,3,10,0,0,0,0,5,0,0,0,0,0,0,0,6
8800,[X6_X5_GET_req],8800,3,10,0,0,0,1,6,0,0,0,0,0,0,0,6
8801,REST_X5,8801,3,10,0,0,0,2,6,0,0,0,0,0,0,0,6
8802,REST_X5,8802,3,10,0,0,0,3,6,0,0,0,0,0,0,0,6
8803,[X6_X5_GET_resp_2xx],8803,3,10,0,0,0,0,3,0,0,0,0,0,0,0,6
8804,[X14_X6_GET_resp_2xx],8804,3,10,0,0,0,0,0,0,0,0,0,0,0,0,3
8805,[X1_X14_GET_resp_2xx],8805,3,3,0,0,0,0,0,0,0,0,0,0,0,0,0
8806,[X0_X1_GET_resp_2xx],8806,0,0,0,0,0,0,0,0,0,0,0,0,0,0,0
8807,REST_X0,8807,2,0,0,0,0,0,0,0,0,0,0,0,0,0,0
8808,[X0_X1_GET_req],8808,3,1,0,0,0,0,0,0,0,0,0,0,0,0,0
8809,REST_X1,8809,3,2,0,0,0,0,0,0,0,0,0,0,0,0,0
8810,REST_X1,8810,3,5,0,0,0,0,0,0,0,0,0,0,0,0,0
8811,[X1_X8_GET_req],8811,3,6,0,0,0,0,0,0,1,0,0,0,0,0,0
8812,REST_X8,8812,3,6,0,0,0,0,0,0,2,0,0,0,0,0,0
8813,REST_X8,8813,3,6,0,0,0,0,0,0,5,0,0,0,0,0,0
8814,[X8_X12_GET_req],8814,3,6,0,0,0,0,0,0,6,0,0,0,1,0,0
8815,REST_X12,8815,3,6,0,0,0,0,0,0,6,0,0,0,2,0,0
8816,REST_X12,8816,3,6,0,0,0,0,0,0,6,0,0,0,9,0,0
8817,[X12_X13_GET_req],8817,3,6,0,0,0,0,0,0,6,0,0,0,10,1,0
8818,REST_X13,8818,3,6,0,0,0,0,0,0,6,0,0,0,10,2,0
8819,REST_X13,8819,3,6,0,0,0,0,0,0,6,0,0,0,10,5,0
8820,[X13_X4_GET_req],8820,3,6,0,0,1,0,0,0,6,0,0,0,10,6,0
8821,REST_X4,8821,3,6,0,0,2,0,0,0,6,0,0,0,10,6,0
8822,REST_X4,8822,3,6,0,0,9,0,0,0,6,0,0,0,10,6,0
8823,[X4_X7_GET_req],8823,3,6,0,0,10,0,0,1,6,0,0,0,10,6,0
8824,REST_X7,8824,3,6,0,0,10,0,0,2,6,0,0,0,10,6,0
8825,REST_X7,8825,3,6,0,0,10,0,0,5,6,0,0,0,10,6,0
8826,[X7_X10_GET_req],8826,3,6,0,0,10,0,0,6,6,0,1,0,10,6,0
8827,REST_X10,8827,3,6,0,0,10,0,0,6,6,0,2,0,10,6,0
8828,REST_X10,8828,3,6,0,0,10,0,0,6,6,0,3,0,10,6,0
8829,[X7_X10_GET_resp_2xx],8829,3,6,0,0,10,0,0,3,6,0,0,0,10,6,0
8830,[X4_X7_GET_resp_2xx],8830,3,6,0,0,3,0,0,0,6,0,0,0,10,6,0
8831,[X13_X4_GET_resp_2xx],8831,3,6,0,0,0,0,0,0,6,0,0,0,10,3,0
8832,[X12_X13_GET_resp_2xx],8832,3,6,0,0,0,0,0,0,6,0,0,0,3,0,0
8833,[X8_X12_GET_resp_2xx],8833,3,6,0,0,0,0,0,0,3,0,0,0,0,0,0
8834,[X1_X8_GET_resp_2xx],8834,3,3,0,0,0,0,0,0,0,0,0,0,0,0,0
8835,[X0_X1_GET_resp_2xx],8835,0,0,0,0,0,0,0,0,0,0,0,0,0,0,0
8836,REST_X0,8836,2,0,0,0,0,0,0,0,0,0,0,0,0,0,0
8837,[X0_X1_GET_req],8837,3,1,0,0,0,0,0,0,0,0,0,0,0,0,0
8838,REST_X1,8838,3,2,0,0,0,0,0,0,0,0,0,0,0,0,0
8839,REST_X1,8839,3,9,0,0,0,0,0,0,0,0,0,0,0,0,0
8840,[X1_X14_GET_req],8840,3,10,0,0,0,0,0,0,0,0,0,0,0,0,1
8841,REST_X14,8841,3,10,0,0,0,0,0,0,0,0,0,0,0,0,2
8842,REST_X14,8842,3,10,0,0,0,0,0,0,0,0,0,0,0,0,5
8843,[X14_X6_GET_req],8843,3,10,0,0,0,0,1,0,0,0,0,0,0,0,6
8844,REST_X6,8844,3,10,0,0,0,0,2,0,0,0,0,0,0,0,6
8845,REST_X6,8845,3,10,0,0,0,0,5,0,0,0,0,0,0,0,6
8846,[X6_X5_GET_req],8846,3,10,0,0,0,1,6,0,0,0,0,0,0,0,6
8847,REST_X5,8847,3,10,0,0,0,2,6,0,0,0,0,0,0,0,6
8848,REST_X5,8848,3,10,0,0,0,3,6,0,0,0,0,0,0,0,6
8849,[X6_X5_GET_resp_2xx],8849,3,10,0,0,0,0,3,0,0,0,0,0,0,0,6
8850,[X14_X6_GET_resp_2xx],8850,3,10,0,0,0,0,0,0,0,0,0,0,0,0,3
8851,[X1_X14_GET_resp_2xx],8851,3,3,0,0,0,0,0,0,0,0,0,0,0,0,0
8852,[X0_X1_GET_resp_2xx],8852,0,0,0,0,0,0,0,0,0,0,0,0,0,0,0
8853,REST_X0,8853,2,0,0,0,0,0,0,0,0,0,0,0,0,0,0
8854,[X0_X1_GET_req],8854,3,1,0,0,0,0,0,0,0,0,0,0,0,0,0
8855,REST_X1,8855,3,2,0,0,0,0,0,0,0,0,0,0,0,0,0
8856,REST_X1,8856,3,5,0,0,0,0,0,0,0,0,0,0,0,0,0
8857,[X1_X8_GET_req],8857,3,6,0,0,0,0,0,0,1,0,0,0,0,0,0
8858,REST_X8,8858,3,6,0,0,0,0,0,0,2,0,0,0,0,0,0
8859,REST_X8,8859,3,6,0,0,0,0,0,0,5,0,0,0,0,0,0
8860,[X8_X12_GET_req],8860,3,6,0,0,0,0,0,0,6,0,0,0,1,0,0
8861,REST_X12,8861,3,6,0,0,0,0,0,0,6,0,0,0,2,0,0
8862,REST_X12,8862,3,6,0,0,0,0,0,0,6,0,0,0,9,0,0
8863,[X12_X13_GET_req],8863,3,6,0,0,0,0,0,0,6,0,0,0,10,1,0
8864,REST_X13,8864,3,6,0,0,0,0,0,0,6,0,0,0,10,2,0
8865,REST_X13,8865,3,6,0,0,0,0,0,0,6,0,0,0,10,5,0
8866,[X13_X4_GET_req],8866,3,6,0,0,1,0,0,0,6,0,0,0,10,6,0
8867,REST_X4,8867,3,6,0,0,2,0,0,0,6,0,0,0,10,6,0
8868,REST_X4,8868,3,6,0,0,9,0,0,0,6,0,0,0,10,6,0
8869,[X4_X7_GET_req],8869,3,6,0,0,10,0,0,1,6,0,0,0,10,6,0
8870,REST_X7,8870,3,6,0,0,10,0,0,2,6,0,0,0,10,6,0
8871,REST_X7,8871,3,6,0,0,10,0,0,5,6,0,0,0,10,6,0
8872,[X7_X10_GET_req],8872,3,6,0,0,10,0,0,6,6,0,1,0,10,6,0
8873,REST_X10,8873,3,6,0,0,10,0,0,6,6,0,2,0,10,6,0
8874,REST_X10,8874,3,6,0,0,10,0,0,6,6,0,3,0,10,6,0
8875,[X7_X10_GET_resp_2xx],8875,3,6,0,0,10,0,0,3,6,0,0,0,10,6,0
8876,[X4_X7_GET_resp_2xx],8876,3,6,0,0,3,0,0,0,6,0,0,0,10,6,0
8877,[X13_X4_GET_resp_2xx],8877,3,6,0,0,0,0,0,0,6,0,0,0,10,3,0
8878,[X12_X13_GET_resp_2xx],8878,3,6,0,0,0,0,0,0,6,0,0,0,3,0,0
8879,[X8_X12_GET_resp_2xx],8879,3,6,0,0,0,0,0,0,3,0,0,0,0,0,0
8880,[X1_X8_GET_resp_2xx],8880,3,3,0,0,0,0,0,0,0,0,0,0,0,0,0
8881,[X0_X1_GET_resp_2xx],8881,0,0,0,0,0,0,0,0,0,0,0,0,0,0,0
8882,REST_X0,8882,2,0,0,0,0,0,0,0,0,0,0,0,0,0,0
8883,[X0_X1_GET_req],8883,3,1,0,0,0,0,0,0,0,0,0,0,0,0,0
8884,REST_X1,8884,3,2,0,0,0,0,0,0,0,0,0,0,0,0,0
8885,REST_X1,8885,3,9,0,0,0,0,0,0,0,0,0,0,0,0,0
8886,[X1_X14_GET_req],8886,3,10,0,0,0,0,0,0,0,0,0,0,0,0,1
8887,REST_X14,8887,3,10,0,0,0,0,0,0,0,0,0,0,0,0,2
8888,REST_X14,8888,3,10,0,0,0,0,0,0,0,0,0,0,0,0,5
8889,[X14_X6_GET_req],8889,3,10,0,0,0,0,1,0,0,0,0,0,0,0,6
8890,REST_X6,8890,3,10,0,0,0,0,2,0,0,0,0,0,0,0,6
8891,REST_X6,8891,3,10,0,0,0,0,5,0,0,0,0,0,0,0,6
8892,[X6_X5_GET_req],8892,3,10,0,0,0,1,6,0,0,0,0,0,0,0,6
8893,REST_X5,8893,3,10,0,0,0,2,6,0,0,0,0,0,0,0,6
8894,REST_X5,8894,3,10,0,0,0,4,6,0,0,0,0,0,0,0,6
8895,[X6_X5_GET_resp_5xx],8895,3,10,0,0,0,0,7,0,0,0,0,0,0,0,6
8896,[X6_X5_GET_req],8896,3,10,0,0,0,1,8,0,0,0,0,0,0,0,6
8897,REST_X5,8897,3,10,0,0,0,2,8,0,0,0,0,0,0,0,6
8898,REST_X5,8898,3,10,0,0,0,3,8,0,0,0,0,0,0,0,6
8899,[X6_X5_GET_resp_2xx],8899,3,10,0,0,0,0,3,0,0,0,0,0,0,0,6
8900,[X14_X6_GET_resp_2xx],8900,3,10,0,0,0,0,0,0,0,0,0,0,0,0,3
8901,[X1_X14_GET_resp_2xx],8901,3,3,0,0,0,0,0,0,0,0,0,0,0,0,0
8902,[X0_X1_GET_resp_2xx],8902,0,0,0,0,0,0,0,0,0,0,0,0,0,0,0
8903,REST_X0,8903,2,0,0,0,0,0,0,0,0,0,0,0,0,0,0
8904,[X0_X1_GET_req],8904,3,1,0,0,0,0,0,0,0,0,0,0,0,0,0
8905,REST_X1,8905,3,2,0,0,0,0,0,0,0,0,0,0,0,0,0
8906,REST_X1,8906,3,9,0,0,0,0,0,0,0,0,0,0,0,0,0
8907,[X1_X14_GET_req],8907,3,10,0,0,0,0,0,0,0,0,0,0,0,0,1
8908,REST_X14,8908,3,10,0,0,0,0,0,0,0,0,0,0,0,0,2
8909,REST_X14,8909,3,10,0,0,0,0,0,0,0,0,0,0,0,0,5
8910,[X14_X6_GET_req],8910,3,10,0,0,0,0,1,0,0,0,0,0,0,0,6
8911,REST_X6,8911,3,10,0,0,0,0,2,0,0,0,0,0,0,0,6
8912,REST_X6,8912,3,10,0,0,0,0,5,0,0,0,0,0,0,0,6
8913,[X6_X5_GET_req],8913,3,10,0,0,0,1,6,0,0,0,0,0,0,0,6
8914,REST_X5,8914,3,10,0,0,0,2,6,0,0,0,0,0,0,0,6
8915,REST_X5,8915,3,10,0,0,0,3,6,0,0,0,0,0,0,0,6
8916,[X6_X5_GET_resp_2xx],8916,3,10,0,0,0,0,3,0,0,0,0,0,0,0,6
8917,[X14_X6_GET_resp_2xx],8917,3,10,0,0,0,0,0,0,0,0,0,0,0,0,3
8918,[X1_X14_GET_resp_2xx],8918,3,3,0,0,0,0,0,0,0,0,0,0,0,0,0
8919,[X0_X1_GET_resp_2xx],8919,0,0,0,0,0,0,0,0,0,0,0,0,0,0,0
8920,REST_X0,8920,2,0,0,0,0,0,0,0,0,0,0,0,0,0,0
8921,[X0_X1_GET_req],8921,3,1,0,0,0,0,0,0,0,0,0,0,0,0,0
8922,REST_X1,8922,3,2,0,0,0,0,0,0,0,0,0,0,0,0,0
8923,REST_X1,8923,3,5,0,0,0,0,0,0,0,0,0,0,0,0,0
8924,[X1_X8_GET_req],8924,3,6,0,0,0,0,0,0,1,0,0,0,0,0,0
8925,REST_X8,8925,3,6,0,0,0,0,0,0,2,0,0,0,0,0,0
8926,REST_X8,8926,3,6,0,0,0,0,0,0,5,0,0,0,0,0,0
8927,[X8_X12_GET_req],8927,3,6,0,0,0,0,0,0,6,0,0,0,1,0,0
8928,REST_X12,8928,3,6,0,0,0,0,0,0,6,0,0,0,2,0,0
8929,REST_X12,8929,3,6,0,0,0,0,0,0,6,0,0,0,5,0,0
8930,[X12_X3_GET_req],8930,3,6,0,1,0,0,0,0,6,0,0,0,6,0,0
8931,REST_X3,8931,3,6,0,2,0,0,0,0,6,0,0,0,6,0,0
8932,REST_X3,8932,3,6,0,5,0,0,0,0,6,0,0,0,6,0,0
8933,[X3_X9_GET_req],8933,3,6,0,6,0,0,0,0,6,1,0,0,6,0,0
8934,REST_X9,8934,3,6,0,6,0,0,0,0,6,2,0,0,6,0,0
8935,REST_X9,8935,3,6,0,6,0,0,0,0,6,3,0,0,6,0,0
8936,[X3_X9_GET_resp_2xx],8936,3,6,0,3,0,0,0,0,6,0,0,0,6,0,0
8937,[X12_X3_GET_resp_2xx],8937,3,6,0,0,0,0,0,0,6,0,0,0,3,0,0
8938,[X8_X12_GET_resp_2xx],8938,3,6,0,0,0,0,0,0,3,0,0,0,0,0,0
8939,[X1_X8_GET_resp_2xx],8939,3,3,0,0,0,0,0,0,0,0,0,0,0,0,0
8940,[X0_X1_GET_resp_2xx],8940,0,0,0,0,0,0,0,0,0,0,0,0,0,0,0
8941,REST_X0,8941,2,0,0,0,0,0,0,0,0,0,0,0,0,0,0
8942,[X0_X1_GET_req],8942,3,1,0,0,0,0,0,0,0,0,0,0,0,0,0
8943,REST_X1,8943,3,2,0,0,0,0,0,0,0,0,0,0,0,0,0
8944,REST_X1,8944,3,5,0,0,0,0,0,0,0,0,0,0,0,0,0
8945,[X1_X8_GET_req],8945,3,6,0,0,0,0,0,0,1,0,0,0,0,0,0
8946,REST_X8,8946,3,6,0,0,0,0,0,0,2,0,0,0,0,0,0
8947,REST_X8,8947,3,6,0,0,0,0,0,0,5,0,0,0,0,0,0
8948,[X8_X12_GET_req],8948,3,6,0,0,0,0,0,0,6,0,0,0,1,0,0
8949,REST_X12,8949,3,6,0,0,0,0,0,0,6,0,0,0,2,0,0
8950,REST_X12,8950,3,6,0,0,0,0,0,0,6,0,0,0,9,0,0
8951,[X12_X13_GET_req],8951,3,6,0,0,0,0,0,0,6,0,0,0,10,1,0
8952,REST_X13,8952,3,6,0,0,0,0,0,0,6,0,0,0,10,2,0
8953,REST_X13,8953,3,6,0,0,0,0,0,0,6,0,0,0,10,5,0
8954,[X13_X4_GET_req],8954,3,6,0,0,1,0,0,0,6,0,0,0,10,6,0
8955,REST_X4,8955,3,6,0,0,2,0,0,0,6,0,0,0,10,6,0
8956,REST_X4,8956,3,6,0,0,9,0,0,0,6,0,0,0,10,6,0
8957,[X4_X7_GET_req],8957,3,6,0,0,10,0,0,1,6,0,0,0,10,6,0
8958,REST_X7,8958,3,6,0,0,10,0,0,2,6,0,0,0,10,6,0
8959,REST_X7,8959,3,6,0,0,10,0,0,5,6,0,0,0,10,6,0
8960,[X7_X10_GET_req],8960,3,6,0,0,10,0,0,6,6,0,1,0,10,6,0
8961,REST_X10,8961,3,6,0,0,10,0,0,6,6,0,2,0,10,6,0
8962,REST_X10,8962,3,6,0,0,10,0,0,6,6,0,3,0,10,6,0
8963,[X7_X10_GET_resp_2xx],8963,3,6,0,0,10,0,0,3,6,0,0,0,10,6,0
8964,[X4_X7_GET_resp_2xx],8964,3,6,0,0,3,0,0,0,6,0,0,0,10,6,0
8965,[X13_X4_GET_resp_2xx],8965,3,6,0,0,0,0,0,0,6,0,0,0,10,3,0
8966,[X12_X13_GET_resp_2xx],8966,3,6,0,0,0,0,0,0,6,0,0,0,3,0,0
8967,[X8_X12_GET_resp_2xx],8967,3,6,0,0,0,0,0,0,3,0,0,0,0,0,0
8968,[X1_X8_GET_resp_2xx],8968,3,3,0,0,0,0,0,0,0,0,0,0,0,0,0
8969,[X0_X1_GET_resp_2xx],8969,0,0,0,0,0,0,0,0,0,0,0,0,0,0,0
8970,REST_X0,8970,2,0,0,0,0,0,0,0,0,0,0,0,0,0,0
8971,[X0_X1_GET_req],8971,3,1,0,0,0,0,0,0,0,0,0,0,0,0,0
8972,REST_X1,8972,3,2,0,0,0,0,0,0,0,0,0,0,0,0,0
8973,REST_X1,8973,3,5,0,0,0,0,0,0,0,0,0,0,0,0,0
8974,[X1_X8_GET_req],8974,3,6,0,0,0,0,0,0,1,0,0,0,0,0,0
8975,REST_X8,8975,3,6,0,0,0,0,0,0,2,0,0,0,0,0,0
8976,REST_X8,8976,3,6,0,0,0,0,0,0,5,0,0,0,0,0,0
8977,[X8_X12_GET_req],8977,3,6,0,0,0,0,0,0,6,0,0,0,1,0,0
8978,REST_X12,8978,3,6,0,0,0,0,0,0,6,0,0,0,2,0,0
8979,REST_X12,8979,3,6,0,0,0,0,0,0,6,0,0,0,9,0,0
8980,[X12_X13_GET_req],8980,3,6,0,0,0,0,0,0,6,0,0,0,10,1,0
8981,REST_X13,8981,3,6,0,0,0,0,0,0,6,0,0,0,10,2,0
8982,REST_X13,8982,3,6,0,0,0,0,0,0,6,0,0,0,10,5,0
8983,[X13_X4_GET_req],8983,3,6,0,0,1,0,0,0,6,0,0,0,10,6,0
8984,REST_X4,8984,3,6,0,0,2,0,0,0,6,0,0,0,10,6,0
8985,REST_X4,8985,3,6,0,0,13,0,0,0,6,0,0,0,10,6,0
8986,[X4_X11_GET_req],8986,3,6,0,0,14,0,0,0,6,0,0,1,10,6,0
8987,REST_X11,8987,3,6,0,0,14,0,0,0,6,0,0,2,10,6,0
8988,REST_X11,8988,3,6,0,0,14,0,0,0,6,0,0,3,10,6,0
8989,[X4_X11_GET_resp_2xx],8989,3,6,0,0,3,0,0,0,6,0,0,0,10,6,0
8990,[X13_X4_GET_resp_2xx],8990,3,6,0,0,0,0,0,0,6,0,0,0,10,3,0
8991,[X12_X13_GET_resp_2xx],8991,3,6,0,0,0,0,0,0,6,0,0,0,3,0,0
8992,[X8_X12_GET_resp_2xx],8992,3,6,0,0,0,0,0,0,3,0,0,0,0,0,0
8993,[X1_X8_GET_resp_2xx],8993,3,3,0,0,0,0,0,0,0,0,0,0,0,0,0
8994,[X0_X1_GET_resp_2xx],8994,0,0,0,0,0,0,0,0,0,0,0,0,0,0,0
8995,REST_X0,8995,2,0,0,0,0,0,0,0,0,0,0,0,0,0,0
8996,[X0_X1_GET_req],8996,3,1,0,0,0,0,0,0,0,0,0,0,0,0,0
8997,REST_X1,8997,3,2,0,0,0,0,0,0,0,0,0,0,0,0,0
8998,REST_X1,8998,3,9,0,0,0,0,0,0,0,0,0,0,0,0,0
8999,[X1_X14_GET_req],8999,3,10,0,0,0,0,0,0,0,0,0,0,0,0,1
9000,REST_X14,9000,3,10,0,0,0,0,0,0,0,0,0,0,0,0,2
9001,REST_X14,9001,3,10,0,0,0,0,0,0,0,0,0,0,0,0,5
9002,[X14_X6_GET_req],9002,3,10,0,0,0,0,1,0,0,0,0,0,0,0,6
9003,REST_X6,9003,3,10,0,0,0,0,2,0,0,0,0,0,0,0,6
9004,REST_X6,9004,3,10,0,0,0,0,5,0,0,0,0,0,0,0,6
9005,[X6_X5_GET_req],9005,3,10,0,0,0,1,6,0,0,0,0,0,0,0,6
9006,REST_X5,9006,3,10,0,0,0,2,6,0,0,0,0,0,0,0,6
9007,REST_X5,9007,3,10,0,0,0,3,6,0,0,0,0,0,0,0,6
9008,[X6_X5_GET_resp_2xx],9008,3,10,0,0,0,0,3,0,0,0,0,0,0,0,6
9009,[X14_X6_GET_resp_2xx],9009,3,10,0,0,0,0,0,0,0,0,0,0,0,0,3
9010,[X1_X14_GET_resp_2xx],9010,3,3,0,0,0,0,0,0,0,0,0,0,0,0,0
9011,[X0_X1_GET_resp_2xx],9011,0,0,0,0,0,0,0,0,0,0,0,0,0,0,0
9012,REST_X0,9012,2,0,0,0,0,0,0,0,0,0,0,0,0,0,0
9013,[X0_X1_GET_req],9013,3,1,0,0,0,0,0,0,0,0,0,0,0,0,0
9014,REST_X1,9014,3,2,0,0,0,0,0,0,0,0,0,0,0,0,0
9015,REST_X1,9015,3,5,0,0,0,0,0,0,0,0,0,0,0,0,0
9016,[X1_X8_GET_req],9016,3,6,0,0,0,0,0,0,1,0,0,0,0,0,0
9017,REST_X8,9017,3,6,0,0,0,0,0,0,2,0,0,0,0,0,0
9018,REST_X8,9018,3,6,0,0,0,0,0,0,5,0,0,0,0,0,0
9019,[X8_X12_GET_req],9019,3,6,0,0,0,0,0,0,6,0,0,0,1,0,0
9020,REST_X12,9020,3,6,0,0,0,0,0,0,6,0,0,0,2,0,0
9021,REST_X12,9021,3,6,0,0,0,0,0,0,6,0,0,0,5,0,0
9022,[X12_X3_GET_req],9022,3,6,0,1,0,0,0,0,6,0,0,0,6,0,0
9023,REST_X3,9023,3,6,0,2,0,0,0,0,6,0,0,0,6,0,0
9024,REST_X3,9024,3,6,0,5,0,0,0,0,6,0,0,0,6,0,0
9025,[X3_X9_GET_req],9025,3,6,0,6,0,0,0,0,6,1,0,0,6,0,0
9026,REST_X9,9026,3,6,0,6,0,0,0,0,6,2,0,0,6,0,0
9027,REST_X9,9027,3,6,0,6,0,0,0,0,6,3,0,0,6,0,0
9028,[X3_X9_GET_resp_2xx],9028,3,6,0,3,0,0,0,0,6,0,0,0,6,0,0
9029,[X12_X3_GET_resp_2xx],9029,3,6,0,0,0,0,0,0,6,0,0,0,3,0,0
9030,[X8_X12_GET_resp_2xx],9030,3,6,0,0,0,0,0,0,3,0,0,0,0,0,0
9031,[X1_X8_GET_resp_2xx],9031,3,3,0,0,0,0,0,0,0,0,0,0,0,0,0
9032,[X0_X1_GET_resp_2xx],9032,0,0,0,0,0,0,0,0,0,0,0,0,0,0,0
9033,REST_X0,9033,2,0,0,0,0,0,0,0,0,0,0,0,0,0,0
9034,[X0_X1_GET_req],9034,3,1,0,0,0,0,0,0,0,0,0,0,0,0,0
9035,REST_X1,9035,3,2,0,0,0,0,0,0,0,0,0,0,0,0,0
9036,REST_X1,9036,3,5,0,0,0,0,0,0,0,0,0,0,0,0,0
9037,[X1_X8_GET_req],9037,3,6,0,0,0,0,0,0,1,0,0,0,0,0,0
9038,REST_X8,9038,3,6,0,0,0,0,0,0,2,0,0,0,0,0,0
9039,REST_X8,9039,3,6,0,0,0,0,0,0,5,0,0,0,0,0,0
9040,[X8_X12_GET_req],9040,3,6,0,0,0,0,0,0,6,0,0,0,1,0,0
9041,REST_X12,9041,3,6,0,0,0,0,0,0,6,0,0,0,2,0,0
9042,REST_X12,9042,3,6,0,0,0,0,0,0,6,0,0,0,9,0,0
9043,[X12_X13_GET_req],9043,3,6,0,0,0,0,0,0,6,0,0,0,10,1,0
9044,REST_X13,9044,3,6,0,0,0,0,0,0,6,0,0,0,10,2,0
9045,REST_X13,9045,3,6,0,0,0,0,0,0,6,0,0,0,10,5,0
9046,[X13_X4_GET_req],9046,3,6,0,0,1,0,0,0,6,0,0,0,10,6,0
9047,REST_X4,9047,3,6,0,0,2,0,0,0,6,0,0,0,10,6,0
9048,REST_X4,9048,3,6,0,0,5,0,0,0,6,0,0,0,10,6,0
9049,[X4_X2_GET_req],9049,3,6,1,0,6,0,0,0,6,0,0,0,10,6,0
9050,REST_X2,9050,3,6,2,0,6,0,0,0,6,0,0,0,10,6,0
9051,REST_X2,9051,3,6,3,0,6,0,0,0,6,0,0,0,10,6,0
9052,[X4_X2_GET_resp_2xx],9052,3,6,0,0,3,0,0,0,6,0,0,0,10,6,0
9053,[X13_X4_GET_resp_2xx],9053,3,6,0,0,0,0,0,0,6,0,0,0,10,3,0
9054,[X12_X13_GET_resp_2xx],9054,3,6,0,0,0,0,0,0,6,0,0,0,3,0,0
9055,[X8_X12_GET_resp_2xx],9055,3,6,0,0,0,0,0,0,3,0,0,0,0,0,0
9056,[X1_X8_GET_resp_2xx],9056,3,3,0,0,0,0,0,0,0,0,0,0,0,0,0
9057,[X0_X1_GET_resp_2xx],9057,0,0,0,0,0,0,0,0,0,0,0,0,0,0,0
9058,REST_X0,9058,2,0,0,0,0,0,0,0,0,0,0,0,0,0,0
9059,[X0_X1_GET_req],9059,3,1,0,0,0,0,0,0,0,0,0,0,0,0,0
9060,REST_X1,9060,3,2,0,0,0,0,0,0,0,0,0,0,0,0,0
9061,REST_X1,9061,3,5,0,0,0,0,0,0,0,0,0,0,0,0,0
9062,[X1_X8_GET_req],9062,3,6,0,0,0,0,0,0,1,0,0,0,0,0,0
9063,REST_X8,9063,3,6,0,0,0,0,0,0,2,0,0,0,0,0,0
9064,REST_X8,9064,3,6,0,0,0,0,0,0,5,0,0,0,0,0,0
9065,[X8_X12_GET_req],9065,3,6,0,0,0,0,0,0,6,0,0,0,1,0,0
9066,REST_X12,9066,3,6,0,0,0,0,0,0,6,0,0,0,2,0,0
9067,REST_X12,9067,3,6,0,0,0,0,0,0,6,0,0,0,9,0,0
9068,[X12_X13_GET_req],9068,3,6,0,0,0,0,0,0,6,0,0,0,10,1,0
9069,REST_X13,9069,3,6,0,0,0,0,0,0,6,0,0,0,10,2,0
9070,REST_X13,9070,3,6,0,0,0,0,0,0,6,0,0,0,10,5,0
9071,[X13_X4_GET_req],9071,3,6,0,0,1,0,0,0,6,0,0,0,10,6,0
9072,REST_X4,9072,3,6,0,0,2,0,0,0,6,0,0,0,10,6,0
9073,REST_X4,9073,3,6,0,0,5,0,0,0,6,0,0,0,10,6,0
9074,[X4_X2_GET_req],9074,3,6,1,0,6,0,0,0,6,0,0,0,10,6,0
9075,REST_X2,9075,3,6,2,0,6,0,0,0,6,0,0,0,10,6,0
9076,REST_X2,9076,3,6,3,0,6,0,0,0,6,0,0,0,10,6,0
9077,[X4_X2_GET_resp_2xx],9077,3,6,0,0,3,0,0,0,6,0,0,0,10,6,0
9078,[X13_X4_GET_resp_2xx],9078,3,6,0,0,0,0,0,0,6,0,0,0,10,3,0
9079,[X12_X13_GET_resp_2xx],9079,3,6,0,0,0,0,0,0,6,0,0,0,3,0,0
9080,[X8_X12_GET_resp_2xx],9080,3,6,0,0,0,0,0,0,3,0,0,0,0,0,0
9081,[X1_X8_GET_resp_2xx],9081,3,3,0,0,0,0,0,0,0,0,0,0,0,0,0
9082,[X0_X1_GET_resp_2xx],9082,0,0,0,0,0,0,0,0,0,0,0,0,0,0,0
9083,REST_X0,9083,2,0,0,0,0,0,0,0,0,0,0,0,0,0,0
9084,[X0_X1_GET_req],9084,3,1,0,0,0,0,0,0,0,0,0,0,0,0,0
9085,REST_X1,9085,3,2,0,0,0,0,0,0,0,0,0,0,0,0,0
9086,REST_X1,9086,3,9,0,0,0,0,0,0,0,0,0,0,0,0,0
9087,[X1_X14_GET_req],9087,3,10,0,0,0,0,0,0,0,0,0,0,0,0,1
9088,REST_X14,9088,3,10,0,0,0,0,0,0,0,0,0,0,0,0,2
9089,REST_X14,9089,3,10,0,0,0,0,0,0,0,0,0,0,0,0,5
9090,[X14_X6_GET_req],9090,3,10,0,0,0,0,1,0,0,0,0,0,0,0,6
9091,REST_X6,9091,3,10,0,0,0,0,2,0,0,0,0,0,0,0,6
9092,REST_X6,9092,3,10,0,0,0,0,5,0,0,0,0,0,0,0,6
9093,[X6_X5_GET_req],9093,3,10,0,0,0,1,6,0,0,0,0,0,0,0,6
9094,REST_X5,9094,3,10,0,0,0,2,6,0,0,0,0,0,0,0,6
9095,REST_X5,9095,3,10,0,0,0,3,6,0,0,0,0,0,0,0,6
9096,[X6_X5_GET_resp_2xx],9096,3,10,0,0,0,0,3,0,0,0,0,0,0,0,6
9097,[X14_X6_GET_resp_2xx],9097,3,10,0,0,0,0,0,0,0,0,0,0,0,0,3
9098,[X1_X14_GET_resp_2xx],9098,3,3,0,0,0,0,0,0,0,0,0,0,0,0,0
9099,[X0_X1_GET_resp_2xx],9099,0,0,0,0,0,0,0,0,0,0,0,0,0,0,0
9100,REST_X0,9100,2,0,0,0,0,0,0,0,0,0,0,0,0,0,0
9101,[X0_X1_GET_req],9101,3,1,0,0,0,0,0,0,0,0,0,0,0,0,0
9102,REST_X1,9102,3,2,0,0,0,0,0,0,0,0,0,0,0,0,0
9103,REST_X1,9103,3,5,0,0,0,0,0,0,0,0,0,0,0,0,0
9104,[X1_X8_GET_req],9104,3,6,0,0,0,0,0,0,1,0,0,0,0,0,0
9105,REST_X8,9105,3,6,0,0,0,0,0,0,2,0,0,0,0,0,0
9106,REST_X8,9106,3,6,0,0,0,0,0,0,5,0,0,0,0,0,0
9107,[X8_X12_GET_req],9107,3,6,0,0,0,0,0,0,6,0,0,0,1,0,0
9108,REST_X12,9108,3,6,0,0,0,0,0,0,6,0,0,0,2,0,0
9109,REST_X12,9109,3,6,0,0,0,0,0,0,6,0,0,0,5,0,0
9110,[X12_X3_GET_req],9110,3,6,0,1,0,0,0,0,6,0,0,0,6,0,0
9111,REST_X3,9111,3,6,0,2,0,0,0,0,6,0,0,0,6,0,0
9112,REST_X3,9112,3,6,0,5,0,0,0,0,6,0,0,0,6,0,0
9113,[X3_X9_GET_req],9113,3,6,0,6,0,0,0,0,6,1,0,0,6,0,0
9114,REST_X9,9114,3,6,0,6,0,0,0,0,6,2,0,0,6,0,0
9115,REST_X9,9115,3,6,0,6,0,0,0,0,6,3,0,0,6,0,0
9116,[X3_X9_GET_resp_2xx],9116,3,6,0,3,0,0,0,0,6,0,0,0,6,0,0
9117,[X12_X3_GET_resp_2xx],9117,3,6,0,0,0,0,0,0,6,0,0,0,3,0,0
9118,[X8_X12_GET_resp_2xx],9118,3,6,0,0,0,0,0,0,3,0,0,0,0,0,0
9119,[X1_X8_GET_resp_2xx],9119,3,3,0,0,0,0,0,0,0,0,0,0,0,0,0
9120,[X0_X1_GET_resp_2xx],9120,0,0,0,0,0,0,0,0,0,0,0,0,0,0,0
9121,REST_X0,9121,2,0,0,0,0,0,0,0,0,0,0,0,0,0,0
9122,[X0_X1_GET_req],9122,3,1,0,0,0,0,0,0,0,0,0,0,0,0,0
9123,REST_X1,9123,3,2,0,0,0,0,0,0,0,0,0,0,0,0,0
9124,REST_X1,9124,3,9,0,0,0,0,0,0,0,0,0,0,0,0,0
9125,[X1_X14_GET_req],9125,3,10,0,0,0,0,0,0,0,0,0,0,0,0,1
9126,REST_X14,9126,3,10,0,0,0,0,0,0,0,0,0,0,0,0,2
9127,REST_X14,9127,3,10,0,0,0,0,0,0,0,0,0,0,0,0,5
9128,[X14_X6_GET_req],9128,3,10,0,0,0,0,1,0,0,0,0,0,0,0,6
9129,REST_X6,9129,3,10,0,0,0,0,2,0,0,0,0,0,0,0,6
9130,REST_X6,9130,3,10,0,0,0,0,5,0,0,0,0,0,0,0,6
9131,[X6_X5_GET_req],9131,3,10,0,0,0,1,6,0,0,0,0,0,0,0,6
9132,REST_X5,9132,3,10,0,0,0,2,6,0,0,0,0,0,0,0,6
9133,REST_X5,9133,3,10,0,0,0,3,6,0,0,0,0,0,0,0,6
9134,[X6_X5_GET_resp_2xx],9134,3,10,0,0,0,0,3,0,0,0,0,0,0,0,6
9135,[X14_X6_GET_resp_2xx],9135,3,10,0,0,0,0,0,0,0,0,0,0,0,0,3
9136,[X1_X14_GET_resp_2xx],9136,3,3,0,0,0,0,0,0,0,0,0,0,0,0,0
9137,[X0_X1_GET_resp_2xx],9137,0,0,0,0,0,0,0,0,0,0,0,0,0,0,0
9138,REST_X0,9138,2,0,0,0,0,0,0,0,0,0,0,0,0,0,0
9139,[X0_X1_GET_req],9139,3,1,0,0,0,0,0,0,0,0,0,0,0,0,0
9140,REST_X1,9140,3,2,0,0,0,0,0,0,0,0,0,0,0,0,0
9141,REST_X1,9141,3,5,0,0,0,0,0,0,0,0,0,0,0,0,0
9142,[X1_X8_GET_req],9142,3,6,0,0,0,0,0,0,1,0,0,0,0,0,0
9143,REST_X8,9143,3,6,0,0,0,0,0,0,2,0,0,0,0,0,0
9144,REST_X8,9144,3,6,0,0,0,0,0,0,5,0,0,0,0,0,0
9145,[X8_X12_GET_req],9145,3,6,0,0,0,0,0,0,6,0,0,0,1,0,0
9146,REST_X12,9146,3,6,0,0,0,0,0,0,6,0,0,0,2,0,0
9147,REST_X12,9147,3,6,0,0,0,0,0,0,6,0,0,0,5,0,0
9148,[X12_X3_GET_req],9148,3,6,0,1,0,0,0,0,6,0,0,0,6,0,0
9149,REST_X3,9149,3,6,0,2,0,0,0,0,6,0,0,0,6,0,0
9150,REST_X3,9150,3,6,0,5,0,0,0,0,6,0,0,0,6,0,0
9151,[X3_X9_GET_req],9151,3,6,0,6,0,0,0,0,6,1,0,0,6,0,0
9152,REST_X9,9152,3,6,0,6,0,0,0,0,6,2,0,0,6,0,0
9153,REST_X9,9153,3,6,0,6,0,0,0,0,6,4,0,0,6,0,0
9154,[X3_X9_GET_resp_5xx],9154,3,6,0,7,0,0,0,0,6,0,0,0,6,0,0
9155,[X3_X9_GET_req],9155,3,6,0,8,0,0,0,0,6,1,0,0,6,0,0
9156,REST_X9,9156,3,6,0,8,0,0,0,0,6,2,0,0,6,0,0
9157,REST_X9,9157,3,6,0,8,0,0,0,0,6,4,0,0,6,0,0
9158,[X3_X9_GET_resp_5xx],9158,3,6,0,4,0,0,0,0,6,0,0,0,6,0,0
9159,[X12_X3_GET_resp_5xx],9159,3,6,0,0,0,0,0,0,6,0,0,0,7,0,0
9160,[X12_X3_GET_req],9160,3,6,0,1,0,0,0,0,6,0,0,0,8,0,0
9161,REST_X3,9161,3,6,0,2,0,0,0,0,6,0,0,0,8,0,0
9162,REST_X3,9162,3,6,0,5,0,0,0,0,6,0,0,0,8,0,0
9163,[X3_X9_GET_req],9163,3,6,0,6,0,0,0,0,6,1,0,0,8,0,0
9164,REST_X9,9164,3,6,0,6,0,0,0,0,6,2,0,0,8,0,0
9165,REST_X9,9165,3,6,0,6,0,0,0,0,6,3,0,0,8,0,0
9166,[X3_X9_GET_resp_2xx],9166,3,6,0,3,0,0,0,0,6,0,0,0,8,0,0
9167,[X12_X3_GET_resp_2xx],9167,3,6,0,0,0,0,0,0,6,0,0,0,3,0,0
9168,[X8_X12_GET_resp_2xx],9168,3,6,0,0,0,0,0,0,3,0,0,0,0,0,0
9169,[X1_X8_GET_resp_2xx],9169,3,3,0,0,0,0,0,0,0,0,0,0,0,0,0
9170,[X0_X1_GET_resp_2xx],9170,0,0,0,0,0,0,0,0,0,0,0,0,0,0,0
9171,REST_X0,9171,2,0,0,0,0,0,0,0,0,0,0,0,0,0,0
9172,[X0_X1_GET_req],9172,3,1,0,0,0,0,0,0,0,0,0,0,0,0,0
9173,REST_X1,9173,3,2,0,0,0,0,0,0,0,0,0,0,0,0,0
9174,REST_X1,9174,3,9,0,0,0,0,0,0,0,0,0,0,0,0,0
9175,[X1_X14_GET_req],9175,3,10,0,0,0,0,0,0,0,0,0,0,0,0,1
9176,REST_X14,9176,3,10,0,0,0,0,0,0,0,0,0,0,0,0,2
9177,REST_X14,9177,3,10,0,0,0,0,0,0,0,0,0,0,0,0,5
9178,[X14_X6_GET_req],9178,3,10,0,0,0,0,1,0,0,0,0,0,0,0,6
9179,REST_X6,9179,3,10,0,0,0,0,2,0,0,0,0,0,0,0,6
9180,REST_X6,9180,3,10,0,0,0,0,5,0,0,0,0,0,0,0,6
9181,[X6_X5_GET_req],9181,3,10,0,0,0,1,6,0,0,0,0,0,0,0,6
9182,REST_X5,9182,3,10,0,0,0,2,6,0,0,0,0,0,0,0,6
9183,REST_X5,9183,3,10,0,0,0,3,6,0,0,0,0,0,0,0,6
9184,[X6_X5_GET_resp_2xx],9184,3,10,0,0,0,0,3,0,0,0,0,0,0,0,6
9185,[X14_X6_GET_resp_2xx],9185,3,10,0,0,0,0,0,0,0,0,0,0,0,0,3
9186,[X1_X14_GET_resp_2xx],9186,3,3,0,0,0,0,0,0,0,0,0,0,0,0,0
9187,[X0_X1_GET_resp_2xx],9187,0,0,0,0,0,0,0,0,0,0,0,0,0,0,0
9188,REST_X0,9188,2,0,0,0,0,0,0,0,0,0,0,0,0,0,0
9189,[X0_X1_GET_req],9189,3,1,0,0,0,0,0,0,0,0,0,0,0,0,0
9190,REST_X1,9190,3,2,0,0,0,0,0,0,0,0,0,0,0,0,0
9191,REST_X1,9191,3,9,0,0,0,0,0,0,0,0,0,0,0,0,0
9192,[X1_X14_GET_req],9192,3,10,0,0,0,0,0,0,0,0,0,0,0,0,1
9193,REST_X14,9193,3,10,0,0,0,0,0,0,0,0,0,0,0,0,2
9194,REST_X14,9194,3,10,0,0,0,0,0,0,0,0,0,0,0,0,5
9195,[X14_X6_GET_req],9195,3,10,0,0,0,0,1,0,0,0,0,0,0,0,6
9196,REST_X6,9196,3,10,0,0,0,0,2,0,0,0,0,0,0,0,6
9197,REST_X6,9197,3,10,0,0,0,0,5,0,0,0,0,0,0,0,6
9198,[X6_X5_GET_req],9198,3,10,0,0,0,1,6,0,0,0,0,0,0,0,6
9199,REST_X5,9199,3,10,0,0,0,2,6,0,0,0,0,0,0,0,6
9200,REST_X5,9200,3,10,0,0,0,3,6,0,0,0,0,0,0,0,6
9201,[X6_X5_GET_resp_2xx],9201,3,10,0,0,0,0,3,0,0,0,0,0,0,0,6
9202,[X14_X6_GET_resp_2xx],9202,3,10,0,0,0,0,0,0,0,0,0,0,0,0,3
9203,[X1_X14_GET_resp_2xx],9203,3,3,0,0,0,0,0,0,0,0,0,0,0,0,0
9204,[X0_X1_GET_resp_2xx],9204,0,0,0,0,0,0,0,0,0,0,0,0,0,0,0
9205,REST_X0,9205,2,0,0,0,0,0,0,0,0,0,0,0,0,0,0
9206,[X0_X1_GET_req],9206,3,1,0,0,0,0,0,0,0,0,0,0,0,0,0
9207,REST_X1,9207,3,2,0,0,0,0,0,0,0,0,0,0,0,0,0
9208,REST_X1,9208,3,9,0,0,0,0,0,0,0,0,0,0,0,0,0
9209,[X1_X14_GET_req],9209,3,10,0,0,0,0,0,0,0,0,0,0,0,0,1
9210,REST_X14,9210,3,10,0,0,0,0,0,0,0,0,0,0,0,0,2
9211,REST_X14,9211,3,10,0,0,0,0,0,0,0,0,0,0,0,0,5
9212,[X14_X6_GET_req],9212,3,10,0,0,0,0,1,0,0,0,0,0,0,0,6
9213,REST_X6,9213,3,10,0,0,0,0,2,0,0,0,0,0,0,0,6
9214,REST_X6,9214,3,10,0,0,0,0,5,0,0,0,0,0,0,0,6
9215,[X6_X5_GET_req],9215,3,10,0,0,0,1,6,0,0,0,0,0,0,0,6
9216,REST_X5,9216,3,10,0,0,0,2,6,0,0,0,0,0,0,0,6
9217,REST_X5,9217,3,10,0,0,0,4,6,0,0,0,0,0,0,0,6
9218,[X6_X5_GET_resp_5xx],9218,3,10,0,0,0,0,7,0,0,0,0,0,0,0,6
9219,[X6_X5_GET_req],9219,3,10,0,0,0,1,8,0,0,0,0,0,0,0,6
9220,REST_X5,9220,3,10,0,0,0,2,8,0,0,0,0,0,0,0,6
9221,REST_X5,9221,3,10,0,0,0,4,8,0,0,0,0,0,0,0,6
9222,[X6_X5_GET_resp_5xx],9222,3,10,0,0,0,0,4,0,0,0,0,0,0,0,6
9223,[X14_X6_GET_resp_5xx],9223,3,10,0,0,0,0,0,0,0,0,0,0,0,0,7
9224,[X14_X6_GET_req],9224,3,10,0,0,0,0,1,0,0,0,0,0,0,0,8
9225,REST_X6,9225,3,10,0,0,0,0,2,0,0,0,0,0,0,0,8
9226,REST_X6,9226,3,10,0,0,0,0,5,0,0,0,0,0,0,0,8
9227,[X6_X5_GET_req],9227,3,10,0,0,0,1,6,0,0,0,0,0,0,0,8
9228,REST_X5,9228,3,10,0,0,0,2,6,0,0,0,0,0,0,0,8
9229,REST_X5,9229,3,10,0,0,0,4,6,0,0,0,0,0,0,0,8
9230,[X6_X5_GET_resp_5xx],9230,3,10,0,0,0,0,7,0,0,0,0,0,0,0,8
9231,[X6_X5_GET_req],9231,3,10,0,0,0,1,8,0,0,0,0,0,0,0,8
9232,REST_X5,9232,3,10,0,0,0,2,8,0,0,0,0,0,0,0,8
9233,REST_X5,9233,3,10,0,0,0,3,8,0,0,0,0,0,0,0,8
9234,[X6_X5_GET_resp_2xx],9234,3,10,0,0,0,0,3,0,0,0,0,0,0,0,8
9235,[X14_X6_GET_resp_2xx],9235,3,10,0,0,0,0,0,0,0,0,0,0,0,0,3
9236,[X1_X14_GET_resp_2xx],9236,3,3,0,0,0,0,0,0,0,0,0,0,0,0,0
9237,[X0_X1_GET_resp_2xx],9237,0,0,0,0,0,0,0,0,0,0,0,0,0,0,0
9238,REST_X0,9238,2,0,0,0,0,0,0,0,0,0,0,0,0,0,0
9239,[X0_X1_GET_req],9239,3,1,0,0,0,0,0,0,0,0,0,0,0,0,0
9240,REST_X1,9240,3,2,0,0,0,0,0,0,0,0,0,0,0,0,0
9241,REST_X1,9241,3,5,0,0,0,0,0,0,0,0,0,0,0,0,0
9242,[X1_X8_GET_req],9242,3,6,0,0,0,0,0,0,1,0,0,0,0,0,0
9243,REST_X8,9243,3,6,0,0,0,0,0,0,2,0,0,0,0,0,0
9244,REST_X8,9244,3,6,0,0,0,0,0,0,5,0,0,0,0,0,0
9245,[X8_X12_GET_req],9245,3,6,0,0,0,0,0,0,6,0,0,0,1,0,0
9246,REST_X12,9246,3,6,0,0,0,0,0,0,6,0,0,0,2,0,0
9247,REST_X12,9247,3,6,0,0,0,0,0,0,6,0,0,0,9,0,0
9248,[X12_X13_GET_req],9248,3,6,0,0,0,0,0,0,6,0,0,0,10,1,0
9249,REST_X13,9249,3,6,0,0,0,0,0,0,6,0,0,0,10,2,0
9250,REST_X13,9250,3,6,0,0,0,0,0,0,6,0,0,0,10,5,0
9251,[X13_X4_GET_req],9251,3,6,0,0,1,0,0,0,6,0,0,0,10,6,0
9252,REST_X4,9252,3,6,0,0,2,0,0,0,6,0,0,0,10,6,0
9253,REST_X4,9253,3,6,0,0,5,0,0,0,6,0,0,0,10,6,0
9254,[X4_X2_GET_req],9254,3,6,1,0,6,0,0,0,6,0,0,0,10,6,0
9255,REST_X2,9255,3,6,2,0,6,0,0,0,6,0,0,0,10,6,0
9256,REST_X2,9256,3,6,3,0,6,0,0,0,6,0,0,0,10,6,0
9257,[X4_X2_GET_resp_2xx],9257,3,6,0,0,3,0,0,0,6,0,0,0,10,6,0
9258,[X13_X4_GET_resp_2xx],9258,3,6,0,0,0,0,0,0,6,0,0,0,10,3,0
9259,[X12_X13_GET_resp_2xx],9259,3,6,0,0,0,0,0,0,6,0,0,0,3,0,0
9260,[X8_X12_GET_resp_2xx],9260,3,6,0,0,0,0,0,0,3,0,0,0,0,0,0
9261,[X1_X8_GET_resp_2xx],9261,3,3,0,0,0,0,0,0,0,0,0,0,0,0,0
9262,[X0_X1_GET_resp_2xx],9262,0,0,0,0,0,0,0,0,0,0,0,0,0,0,0
9263,REST_X0,9263,2,0,0,0,0,0,0,0,0,0,0,0,0,0,0
9264,[X0_X1_GET_req],9264,3,1,0,0,0,0,0,0,0,0,0,0,0,0,0
9265,REST_X1,9265,3,2,0,0,0,0,0,0,0,0,0,0,0,0,0
9266,REST_X1,9266,3,5,0,0,0,0,0,0,0,0,0,0,0,0,0
9267,[X1_X8_GET_req],9267,3,6,0,0,0,0,0,0,1,0,0,0,0,0,0
9268,REST_X8,9268,3,6,0,0,0,0,0,0,2,0,0,0,0,0,0
9269,REST_X8,9269,3,6,0,0,0,0,0,0,5,0,0,0,0,0,0
9270,[X8_X12_GET_req],9270,3,6,0,0,0,0,0,0,6,0,0,0,1,0,0
9271,REST_X12,9271,3,6,0,0,0,0,0,0,6,0,0,0,2,0,0
9272,REST_X12,9272,3,6,0,0,0,0,0,0,6,0,0,0,9,0,0
9273,[X12_X13_GET_req],9273,3,6,0,0,0,0,0,0,6,0,0,0,10,1,0
9274,REST_X13,9274,3,6,0,0,0,0,0,0,6,0,0,0,10,2,0
9275,REST_X13,9275,3,6,0,0,0,0,0,0,6,0,0,0,10,5,0
9276,[X13_X4_GET_req],9276,3,6,0,0,1,0,0,0,6,0,0,0,10,6,0
9277,REST_X4,9277,3,6,0,0,2,0,0,0,6,0,0,0,10,6,0
9278,REST_X4,9278,3,6,0,0,9,0,0,0,6,0,0,0,10,6,0
9279,[X4_X7_GET_req],9279,3,6,0,0,10,0,0,1,6,0,0,0,10,6,0
9280,REST_X7,9280,3,6,0,0,10,0,0,2,6,0,0,0,10,6,0
9281,REST_X7,9281,3,6,0,0,10,0,0,5,6,0,0,0,10,6,0
9282,[X7_X10_GET_req],9282,3,6,0,0,10,0,0,6,6,0,1,0,10,6,0
9283,REST_X10,9283,3,6,0,0,10,0,0,6,6,0,2,0,10,6,0
9284,REST_X10,9284,3,6,0,0,10,0,0,6,6,0,3,0,10,6,0
9285,[X7_X10_GET_resp_2xx],9285,3,6,0,0,10,0,0,3,6,0,0,0,10,6,0
9286,[X4_X7_GET_resp_2xx],9286,3,6,0,0,3,0,0,0,6,0,0,0,10,6,0
9287,[X13_X4_GET_resp_2xx],9287,3,6,0,0,0,0,0,0,6,0,0,0,10,3,0
9288,[X12_X13_GET_resp_2xx],9288,3,6,0,0,0,0,0,0,6,0,0,0,3,0,0
9289,[X8_X12_GET_resp_2xx],9289,3,6,0,0,0,0,0,0,3,0,0,0,0,0,0
9290,[X1_X8_GET_resp_2xx],9290,3,3,0,0,0,0,0,0,0,0,0,0,0,0,0
9291,[X0_X1_GET_resp_2xx],9291,0,0,0,0,0,0,0,0,0,0,0,0,0,0,0
9292,REST_X0,9292,2,0,0,0,0,0,0,0,0,0,0,0,0,0,0
9293,[X0_X1_GET_req],9293,3,1,0,0,0,0,0,0,0,0,0,0,0,0,0
9294,REST_X1,9294,3,2,0,0,0,0,0,0,0,0,0,0,0,0,0
9295,REST_X1,9295,3,5,0,0,0,0,0,0,0,0,0,0,0,0,0
9296,[X1_X8_GET_req],9296,3,6,0,0,0,0,0,0,1,0,0,0,0,0,0
9297,REST_X8,9297,3,6,0,0,0,0,0,0,2,0,0,0,0,0,0
9298,REST_X8,9298,3,6,0,0,0,0,0,0,5,0,0,0,0,0,0
9299,[X8_X12_GET_req],9299,3,6,0,0,0,0,0,0,6,0,0,0,1,0,0
9300,REST_X12,9300,3,6,0,0,0,0,0,0,6,0,0,0,2,0,0
9301,REST_X12,9301,3,6,0,0,0,0,0,0,6,0,0,0,5,0,0
9302,[X12_X3_GET_req],9302,3,6,0,1,0,0,0,0,6,0,0,0,6,0,0
9303,REST_X3,9303,3,6,0,2,0,0,0,0,6,0,0,0,6,0,0
9304,REST_X3,9304,3,6,0,5,0,0,0,0,6,0,0,0,6,0,0
9305,[X3_X9_GET_req],9305,3,6,0,6,0,0,0,0,6,1,0,0,6,0,0
9306,REST_X9,9306,3,6,0,6,0,0,0,0,6,2,0,0,6,0,0
9307,REST_X9,9307,3,6,0,6,0,0,0,0,6,3,0,0,6,0,0
9308,[X3_X9_GET_resp_2xx],9308,3,6,0,3,0,0,0,0,6,0,0,0,6,0,0
9309,[X12_X3_GET_resp_2xx],9309,3,6,0,0,0,0,0,0,6,0,0,0,3,0,0
9310,[X8_X12_GET_resp_2xx],9310,3,6,0,0,0,0,0,0,3,0,0,0,0,0,0
9311,[X1_X8_GET_resp_2xx],9311,3,3,0,0,0,0,0,0,0,0,0,0,0,0,0
9312,[X0_X1_GET_resp_2xx],9312,0,0,0,0,0,0,0,0,0,0,0,0,0,0,0
9313,REST_X0,9313,2,0,0,0,0,0,0,0,0,0,0,0,0,0,0
9314,[X0_X1_GET_req],9314,3,1,0,0,0,0,0,0,0,0,0,0,0,0,0
9315,REST_X1,9315,3,2,0,0,0,0,0,0,0,0,0,0,0,0,0
9316,REST_X1,9316,3,5,0,0,0,0,0,0,0,0,0,0,0,0,0
9317,[X1_X8_GET_req],9317,3,6,0,0,0,0,0,0,1,0,0,0,0,0,0
9318,REST_X8,9318,3,6,0,0,0,0,0,0,2,0,0,0,0,0,0
9319,REST_X8,9319,3,6,0,0,0,0,0,0,5,0,0,0,0,0,0
9320,[X8_X12_GET_req],9320,3,6,0,0,0,0,0,0,6,0,0,0,1,0,0
9321,REST_X12,9321,3,6,0,0,0,0,0,0,6,0,0,0,2,0,0
9322,REST_X12,9322,3,6,0,0,0,0,0,0,6,0,0,0,9,0,0
9323,[X12_X13_GET_req],9323,3,6,0,0,0,0,0,0,6,0,0,0,10,1,0
9324,REST_X13,9324,3,6,0,0,0,0,0,0,6,0,0,0,10,2,0
9325,REST_X13,9325,3,6,0,0,0,0,0,0,6,0,0,0,10,5,0
9326,[X13_X4_GET_req],9326,3,6,0,0,1,0,0,0,6,0,0,0,10,6,0
9327,REST_X4,9327,3,6,0,0,2,0,0,0,6,0,0,0,10,6,0
9328,REST_X4,9328,3,6,0,0,9,0,0,0,6,0,0,0,10,6,0
9329,[X4_X7_GET_req],9329,3,6,0,0,10,0,0,1,6,0,0,0,10,6,0
9330,REST_X7,9330,3,6,0,0,10,0,0,2,6,0,0,0,10,6,0
9331,REST_X7,9331,3,6,0,0,10,0,0,5,6,0,0,0,10,6,0
9332,[X7_X10_GET_req],9332,3,6,0,0,10,0,0,6,6,0,1,0,10,6,0
9333,REST_X10,9333,3,6,0,0,10,0,0,6,6,0,2,0,10,6,0
9334,REST_X10,9334,3,6,0,0,10,0,0,6,6,0,3,0,10,6,0
9335,[X7_X10_GET_resp_2xx],9335,3,6,0,0,10,0,0,3,6,0,0,0,10,6,0
9336,[X4_X7_GET_resp_2xx],9336,3,6,0,0,3,0,0,0,6,0,0,0,10,6,0
9337,[X13_X4_GET_resp_2xx],9337,3,6,0,0,0,0,0,0,6,0,0,0,10,3,0
9338,[X12_X13_GET_resp_2xx],9338,3,6,0,0,0,0,0,0,6,0,0,0,3,0,0
9339,[X8_X12_GET_resp_2xx],9339,3,6,0,0,0,0,0,0,3,0,0,0,0,0,0
9340,[X1_X8_GET_resp_2xx],9340,3,3,0,0,0,0,0,0,0,0,0,0,0,0,0
9341,[X0_X1_GET_resp_2xx],9341,0,0,0,0,0,0,0,0,0,0,0,0,0,0,0
9342,REST_X0,9342,2,0,0,0,0,0,0,0,0,0,0,0,0,0,0
9343,[X0_X1_GET_req],9343,3,1,0,0,0,0,0,0,0,0,0,0,0,0,0
9344,REST_X1,9344,3,2,0,0,0,0,0,0,0,0,0,0,0,0,0
9345,REST_X1,9345,3,5,0,0,0,0,0,0,0,0,0,0,0,0,0
9346,[X1_X8_GET_req],9346,3,6,0,0,0,0,0,0,1,0,0,0,0,0,0
9347,REST_X8,9347,3,6,0,0,0,0,0,0,2,0,0,0,0,0,0
9348,REST_X8,9348,3,6,0,0,0,0,0,0,5,0,0,0,0,0,0
9349,[X8_X12_GET_req],9349,3,6,0,0,0,0,0,0,6,0,0,0,1,0,0
9350,REST_X12,9350,3,6,0,0,0,0,0,0,6,0,0,0,2,0,0
9351,REST_X12,9351,3,6,0,0,0,0,0,0,6,0,0,0,5,0,0
9352,[X12_X3_GET_req],9352,3,6,0,1,0,0,0,0,6,0,0,0,6,0,0
9353,REST_X3,9353,3,6,0,2,0,0,0,0,6,0,0,0,6,0,0
9354,REST_X3,9354,3,6,0,5,0,0,0,0,6,0,0,0,6,0,0
9355,[X3_X9_GET_req],9355,3,6,0,6,0,0,0,0,6,1,0,0,6,0,0
9356,REST_X9,9356,3,6,0,6,0,0,0,0,6,2,0,0,6,0,0
9357,REST_X9,9357,3,6,0,6,0,0,0,0,6,3,0,0,6,0,0
9358,[X3_X9_GET_resp_2xx],9358,3,6,0,3,0,0,0,0,6,0,0,0,6,0,0
9359,[X12_X3_GET_resp_2xx],9359,3,6,0,0,0,0,0,0,6,0,0,0,3,0,0
9360,[X8_X12_GET_resp_2xx],9360,3,6,0,0,0,0,0,0,3,0,0,0,0,0,0
9361,[X1_X8_GET_resp_2xx],9361,3,3,0,0,0,0,0,0,0,0,0,0,0,0,0
9362,[X0_X1_GET_resp_2xx],9362,0,0,0,0,0,0,0,0,0,0,0,0,0,0,0
9363,REST_X0,9363,2,0,0,0,0,0,0,0,0,0,0,0,0,0,0
9364,[X0_X1_GET_req],9364,3,1,0,0,0,0,0,0,0,0,0,0,0,0,0
9365,REST_X1,9365,3,2,0,0,0,0,0,0,0,0,0,0,0,0,0
9366,REST_X1,9366,3,9,0,0,0,0,0,0,0,0,0,0,0,0,0
9367,[X1_X14_GET_req],9367,3,10,0,0,0,0,0,0,0,0,0,0,0,0,1
9368,REST_X14,9368,3,10,0,0,0,0,0,0,0,0,0,0,0,0,2
9369,REST_X14,9369,3,10,0,0,0,0,0,0,0,0,0,0,0,0,5
9370,[X14_X6_GET_req],9370,3,10,0,0,0,0,1,0,0,0,0,0,0,0,6
9371,REST_X6,9371,3,10,0,0,0,0,2,0,0,0,0,0,0,0,6
9372,REST_X6,9372,3,10,0,0,0,0,5,0,0,0,0,0,0,0,6
9373,[X6_X5_GET_req],9373,3,10,0,0,0,1,6,0,0,0,0,0,0,0,6
9374,REST_X5,9374,3,10,0,0,0,2,6,0,0,0,0,0,0,0,6
9375,REST_X5,9375,3,10,0,0,0,3,6,0,0,0,0,0,0,0,6
9376,[X6_X5_GET_resp_2xx],9376,3,10,0,0,0,0,3,0,0,0,0,0,0,0,6
9377,[X14_X6_GET_resp_2xx],9377,3,10,0,0,0,0,0,0,0,0,0,0,0,0,3
9378,[X1_X14_GET_resp_2xx],9378,3,3,0,0,0,0,0,0,0,0,0,0,0,0,0
9379,[X0_X1_GET_resp_2xx],9379,0,0,0,0,0,0,0,0,0,0,0,0,0,0,0
9380,REST_X0,9380,2,0,0,0,0,0,0,0,0,0,0,0,0,0,0
9381,[X0_X1_GET_req],9381,3,1,0,0,0,0,0,0,0,0,0,0,0,0,0
9382,REST_X1,9382,3,2,0,0,0,0,0,0,0,0,0,0,0,0,0
9383,REST_X1,9383,3,9,0,0,0,0,0,0,0,0,0,0,0,0,0
9384,[X1_X14_GET_req],9384,3,10,0,0,0,0,0,0,0,0,0,0,0,0,1
9385,REST_X14,9385,3,10,0,0,0,0,0,0,0,0,0,0,0,0,2
9386,REST_X14,9386,3,10,0,0,0,0,0,0,0,0,0,0,0,0,5
9387,[X14_X6_GET_req],9387,3,10,0,0,0,0,1,0,0,0,0,0,0,0,6
9388,REST_X6,9388,3,10,0,0,0,0,2,0,0,0,0,0,0,0,6
9389,REST_X6,9389,3,10,0,0,0,0,5,0,0,0,0,0,0,0,6
9390,[X6_X5_GET_req],9390,3,10,0,0,0,1,6,0,0,0,0,0,0,0,6
9391,REST_X5,9391,3,10,0,0,0,2,6,0,0,0,0,0,0,0,6
9392,REST_X5,9392,3,10,0,0,0,3,6,0,0,0,0,0,0,0,6
9393,[X6_X5_GET_resp_2xx],9393,3,10,0,0,0,0,3,0,0,0,0,0,0,0,6
9394,[X14_X6_GET_resp_2xx],9394,3,10,0,0,0,0,0,0,0,0,0,0,0,0,3
9395,[X1_X14_GET_resp_2xx],9395,3,3,0,0,0,0,0,0,0,0,0,0,0,0,0
9396,[X0_X1_GET_resp_2xx],9396,0,0,0,0,0,0,0,0,0,0,0,0,0,0,0
9397,REST_X0,9397,2,0,0,0,0,0,0,0,0,0,0,0,0,0,0
9398,[X0_X1_GET_req],9398,3,1,0,0,0,0,0,0,0,0,0,0,0,0,0
9399,REST_X1,9399,3,2,0,0,0,0,0,0,0,0,0,0,0,0,0
9400,REST_X1,9400,3,9,0,0,0,0,0,0,0,0,0,0,0,0,0
9401,[X1_X14_GET_req],9401,3,10,0,0,0,0,0,0,0,0,0,0,0,0,1
9402,REST_X14,9402,3,10,0,0,0,0,0,0,0,0,0,0,0,0,2
9403,REST_X14,9403,3,10,0,0,0,0,0,0,0,0,0,0,0,0,5
9404,[X14_X6_GET_req],9404,3,10,0,0,0,0,1,0,0,0,0,0,0,0,6
9405,REST_X6,9405,3,10,0,0,0,0,2,0,0,0,0,0,0,0,6
9406,REST_X6,9406,3,10,0,0,0,0,5,0,0,0,0,0,0,0,6
9407,[X6_X5_GET_req],9407,3,10,0,0,0,1,6,0,0,0,0,0,0,0,6
9408,REST_X5,9408,3,10,0,0,0,2,6,0,0,0,0,0,0,0,6
9409,REST_X5,9409,3,10,0,0,0,3,6,0,0,0,0,0,0,0,6
9410,[X6_X5_GET_resp_2xx],9410,3,10,0,0,0,0,3,0,0,0,0,0,0,0,6
9411,[X14_X6_GET_resp_2xx],9411,3,10,0,0,0,0,0,0,0,0,0,0,0,0,3
9412,[X1_X14_GET_resp_2xx],9412,3,3,0,0,0,0,0,0,0,0,0,0,0,0,0
9413,[X0_X1_GET_resp_2xx],9413,0,0,0,0,0,0,0,0,0,0,0,0,0,0,0
9414,REST_X0,9414,2,0,0,0,0,0,0,0,0,0,0,0,0,0,0
9415,[X0_X1_GET_req],9415,3,1,0,0,0,0,0,0,0,0,0,0,0,0,0
9416,REST_X1,9416,3,2,0,0,0,0,0,0,0,0,0,0,0,0,0
9417,REST_X1,9417,3,5,0,0,0,0,0,0,0,0,0,0,0,0,0
9418,[X1_X8_GET_req],9418,3,6,0,0,0,0,0,0,1,0,0,0,0,0,0
9419,REST_X8,9419,3,6,0,0,0,0,0,0,2,0,0,0,0,0,0
9420,REST_X8,9420,3,6,0,0,0,0,0,0,5,0,0,0,0,0,0
9421,[X8_X12_GET_req],9421,3,6,0,0,0,0,0,0,6,0,0,0,1,0,0
9422,REST_X12,9422,3,6,0,0,0,0,0,0,6,0,0,0,2,0,0
9423,REST_X12,9423,3,6,0,0,0,0,0,0,6,0,0,0,5,0,0
9424,[X12_X3_GET_req],9424,3,6,0,1,0,0,0,0,6,0,0,0,6,0,0
9425,REST_X3,9425,3,6,0,2,0,0,0,0,6,0,0,0,6,0,0
9426,REST_X3,9426,3,6,0,5,0,0,0,0,6,0,0,0,6,0,0
9427,[X3_X9_GET_req],9427,3,6,0,6,0,0,0,0,6,1,0,0,6,0,0
9428,REST_X9,9428,3,6,0,6,0,0,0,0,6,2,0,0,6,0,0
9429,REST_X9,9429,3,6,0,6,0,0,0,0,6,4,0,0,6,0,0
9430,[X3_X9_GET_resp_5xx],9430,3,6,0,7,0,0,0,0,6,0,0,0,6,0,0
9431,[X3_X9_GET_req],9431,3,6,0,8,0,0,0,0,6,1,0,0,6,0,0
9432,REST_X9,9432,3,6,0,8,0,0,0,0,6,2,0,0,6,0,0
9433,REST_X9,9433,3,6,0,8,0,0,0,0,6,3,0,0,6,0,0
9434,[X3_X9_GET_resp_2xx],9434,3,6,0,3,0,0,0,0,6,0,0,0,6,0,0
9435,[X12_X3_GET_resp_2xx],9435,3,6,0,0,0,0,0,0,6,0,0,0,3,0,0
9436,[X8_X12_GET_resp_2xx],9436,3,6,0,0,0,0,0,0,3,0,0,0,0,0,0
9437,[X1_X8_GET_resp_2xx],9437,3,3,0,0,0,0,0,0,0,0,0,0,0,0,0
9438,[X0_X1_GET_resp_2xx],9438,0,0,0,0,0,0,0,0,0,0,0,0,0,0,0
9439,REST_X0,9439,2,0,0,0,0,0,0,0,0,0,0,0,0,0,0
9440,[X0_X1_GET_req],9440,3,1,0,0,0,0,0,0,0,0,0,0,0,0,0
9441,REST_X1,9441,3,2,0,0,0,0,0,0,0,0,0,0,0,0,0
9442,REST_X1,9442,3,9,0,0,0,0,0,0,0,0,0,0,0,0,0
9443,[X1_X14_GET_req],9443,3,10,0,0,0,0,0,0,0,0,0,0,0,0,1
9444,REST_X14,9444,3,10,0,0,0,0,0,0,0,0,0,0,0,0,2
9445,REST_X14,9445,3,10,0,0,0,0,0,0,0,0,0,0,0,0,5
9446,[X14_X6_GET_req],9446,3,10,0,0,0,0,1,0,0,0,0,0,0,0,6
9447,REST_X6,9447,3,10,0,0,0,0,2,0,0,0,0,0,0,0,6
9448,REST_X6,9448,3,10,0,0,0,0,5,0,0,0,0,0,0,0,6
9449,[X6_X5_GET_req],9449,3,10,0,0,0,1,6,0,0,0,0,0,0,0,6
9450,REST_X5,9450,3,10,0,0,0,2,6,0,0,0,0,0,0,0,6
9451,REST_X5,9451,3,10,0,0,0,3,6,0,0,0,0,0,0,0,6
9452,[X6_X5_GET_resp_2xx],9452,3,10,0,0,0,0,3,0,0,0,0,0,0,0,6
9453,[X14_X6_GET_resp_2xx],9453,3,10,0,0,0,0,0,0,0,0,0,0,0,0,3
9454,[X1_X14_GET_resp_2xx],9454,3,3,0,0,0,0,0,0,0,0,0,0,0,0,0
9455,[X0_X1_GET_resp_2xx],9455,0,0,0,0,0,0,0,0,0,0,0,0,0,0,0
9456,REST_X0,9456,2,0,0,0,0,0,0,0,0,0,0,0,0,0,0
9457,[X0_X1_GET_req],9457,3,1,0,0,0,0,0,0,0,0,0,0,0,0,0
9458,REST_X1,9458,3,2,0,0,0,0,0,0,0,0,0,0,0,0,0
9459,REST_X1,9459,3,5,0,0,0,0,0,0,0,0,0,0,0,0,0
9460,[X1_X8_GET_req],9460,3,6,0,0,0,0,0,0,1,0,0,0,0,0,0
9461,REST_X8,9461,3,6,0,0,0,0,0,0,2,0,0,0,0,0,0
9462,REST_X8,9462,3,6,0,0,0,0,0,0,5,0,0,0,0,0,0
9463,[X8_X12_GET_req],9463,3,6,0,0,0,0,0,0,6,0,0,0,1,0,0
9464,REST_X12,9464,3,6,0,0,0,0,0,0,6,0,0,0,2,0,0
9465,REST_X12,9465,3,6,0,0,0,0,0,0,6,0,0,0,9,0,0
9466,[X12_X13_GET_req],9466,3,6,0,0,0,0,0,0,6,0,0,0,10,1,0
9467,REST_X13,9467,3,6,0,0,0,0,0,0,6,0,0,0,10,2,0
9468,REST_X13,9468,3,6,0,0,0,0,0,0,6,0,0,0,10,5,0
9469,[X13_X4_GET_req],9469,3,6,0,0,1,0,0,0,6,0,0,0,10,6,0
9470,REST_X4,9470,3,6,0,0,2,0,0,0,6,0,0,0,10,6,0
9471,REST_X4,9471,3,6,0,0,13,0,0,0,6,0,0,0,10,6,0
9472,[X4_X11_GET_req],9472,3,6,0,0,14,0,0,0,6,0,0,1,10,6,0
9473,REST_X11,9473,3,6,0,0,14,0,0,0,6,0,0,2,10,6,0
9474,REST_X11,9474,3,6,0,0,14,0,0,0,6,0,0,3,10,6,0
9475,[X4_X11_GET_resp_2xx],9475,3,6,0,0,3,0,0,0,6,0,0,0,10,6,0
9476,[X13_X4_GET_resp_2xx],9476,3,6,0,0,0,0,0,0,6,0,0,0,10,3,0
9477,[X12_X13_GET_resp_2xx],9477,3,6,0,0,0,0,0,0,6,0,0,0,3,0,0
9478,[X8_X12_GET_resp_2xx],9478,3,6,0,0,0,0,0,0,3,0,0,0,0,0,0
9479,[X1_X8_GET_resp_2xx],9479,3,3,0,0,0,0,0,0,0,0,0,0,0,0,0
9480,[X0_X1_GET_resp_2xx],9480,0,0,0,0,0,0,0,0,0,0,0,0,0,0,0
9481,REST_X0,9481,2,0,0,0,0,0,0,0,0,0,0,0,0,0,0
9482,[X0_X1_GET_req],9482,3,1,0,0,0,0,0,0,0,0,0,0,0,0,0
9483,REST_X1,9483,3,2,0,0,0,0,0,0,0,0,0,0,0,0,0
9484,REST_X1,9484,3,9,0,0,0,0,0,0,0,0,0,0,0,0,0
9485,[X1_X14_GET_req],9485,3,10,0,0,0,0,0,0,0,0,0,0,0,0,1
9486,REST_X14,9486,3,10,0,0,0,0,0,0,0,0,0,0,0,0,2
9487,REST_X14,9487,3,10,0,0,0,0,0,0,0,0,0,0,0,0,5
9488,[X14_X6_GET_req],9488,3,10,0,0,0,0,1,0,0,0,0,0,0,0,6
9489,REST_X6,9489,3,10,0,0,0,0,2,0,0,0,0,0,0,0,6
9490,REST_X6,9490,3,10,0,0,0,0,5,0,0,0,0,0,0,0,6
9491,[X6_X5_GET_req],9491,3,10,0,0,0,1,6,0,0,0,0,0,0,0,6
9492,REST_X5,9492,3,10,0,0,0,2,6,0,0,0,0,0,0,0,6
9493,REST_X5,9493,3,10,0,0,0,3,6,0,0,0,0,0,0,0,6
9494,[X6_X5_GET_resp_2xx],9494,3,10,0,0,0,0,3,0,0,0,0,0,0,0,6
9495,[X14_X6_GET_resp_2xx],9495,3,10,0,0,0,0,0,0,0,0,0,0,0,0,3
9496,[X1_X14_GET_resp_2xx],9496,3,3,0,0,0,0,0,0,0,0,0,0,0,0,0
9497,[X0_X1_GET_resp_2xx],9497,0,0,0,0,0,0,0,0,0,0,0,0,0,0,0
9498,REST_X0,9498,2,0,0,0,0,0,0,0,0,0,0,0,0,0,0
9499,[X0_X1_GET_req],9499,3,1,0,0,0,0,0,0,0,0,0,0,0,0,0
9500,REST_X1,9500,3,2,0,0,0,0,0,0,0,0,0,0,0,0,0
9501,REST_X1,9501,3,5,0,0,0,0,0,0,0,0,0,0,0,0,0
9502,[X1_X8_GET_req],9502,3,6,0,0,0,0,0,0,1,0,0,0,0,0,0
9503,REST_X8,9503,3,6,0,0,0,0,0,0,2,0,0,0,0,0,0
9504,REST_X8,9504,3,6,0,0,0,0,0,0,5,0,0,0,0,0,0
9505,[X8_X12_GET_req],9505,3,6,0,0,0,0,0,0,6,0,0,0,1,0,0
9506,REST_X12,9506,3,6,0,0,0,0,0,0,6,0,0,0,2,0,0
9507,REST_X12,9507,3,6,0,0,0,0,0,0,6,0,0,0,9,0,0
9508,[X12_X13_GET_req],9508,3,6,0,0,0,0,0,0,6,0,0,0,10,1,0
9509,REST_X13,9509,3,6,0,0,0,0,0,0,6,0,0,0,10,2,0
9510,REST_X13,9510,3,6,0,0,0,0,0,0,6,0,0,0,10,5,0
9511,[X13_X4_GET_req],9511,3,6,0,0,1,0,0,0,6,0,0,0,10,6,0
9512,REST_X4,9512,3,6,0,0,2,0,0,0,6,0,0,0,10,6,0
9513,REST_X4,9513,3,6,0,0,13,0,0,0,6,0,0,0,10,6,0
9514,[X4_X11_GET_req],9514,3,6,0,0,14,0,0,0,6,0,0,1,10,6,0
9515,REST_X11,9515,3,6,0,0,14,0,0,0,6,0,0,2,10,6,0
9516,REST_X11,9516,3,6,0,0,14,0,0,0,6,0,0,3,10,6,0
9517,[X4_X11_GET_resp_2xx],9517,3,6,0,0,3,0,0,0,6,0,0,0,10,6,0
9518,[X13_X4_GET_resp_2xx],9518,3,6,0,0,0,0,0,0,6,0,0,0,10,3,0
9519,[X12_X13_GET_resp_2xx],9519,3,6,0,0,0,0,0,0,6,0,0,0,3,0,0
9520,[X8_X12_GET_resp_2xx],9520,3,6,0,0,0,0,0,0,3,0,0,0,0,0,0
9521,[X1_X8_GET_resp_2xx],9521,3,3,0,0,0,0,0,0,0,0,0,0,0,0,0
9522,[X0_X1_GET_resp_2xx],9522,0,0,0,0,0,0,0,0,0,0,0,0,0,0,0
9523,REST_X0,9523,2,0,0,0,0,0,0,0,0,0,0,0,0,0,0
9524,[X0_X1_GET_req],9524,3,1,0,0,0,0,0,0,0,0,0,0,0,0,0
9525,REST_X1,9525,3,2,0,0,0,0,0,0,0,0,0,0,0,0,0
9526,REST_X1,9526,3,9,0,0,0,0,0,0,0,0,0,0,0,0,0
9527,[X1_X14_GET_req],9527,3,10,0,0,0,0,0,0,0,0,0,0,0,0,1
9528,REST_X14,9528,3,10,0,0,0,0,0,0,0,0,0,0,0,0,2
9529,REST_X14,9529,3,10,0,0,0,0,0,0,0,0,0,0,0,0,5
9530,[X14_X6_GET_req],9530,3,10,0,0,0,0,1,0,0,0,0,0,0,0,6
9531,REST_X6,9531,3,10,0,0,0,0,2,0,0,0,0,0,0,0,6
9532,REST_X6,9532,3,10,0,0,0,0,5,0,0,0,0,0,0,0,6
9533,[X6_X5_GET_req],9533,3,10,0,0,0,1,6,0,0,0,0,0,0,0,6
9534,REST_X5,9534,3,10,0,0,0,2,6,0,0,0,0,0,0,0,6
9535,REST_X5,9535,3,10,0,0,0,3,6,0,0,0,0,0,0,0,6
9536,[X6_X5_GET_resp_2xx],9536,3,10,0,0,0,0,3,0,0,0,0,0,0,0,6
9537,[X14_X6_GET_resp_2xx],9537,3,10,0,0,0,0,0,0,0,0,0,0,0,0,3
9538,[X1_X14_GET_resp_2xx],9538,3,3,0,0,0,0,0,0,0,0,0,0,0,0,0
9539,[X0_X1_GET_resp_2xx],9539,0,0,0,0,0,0,0,0,0,0,0,0,0,0,0
9540,REST_X0,9540,2,0,0,0,0,0,0,0,0,0,0,0,0,0,0
9541,[X0_X1_GET_req],9541,3,1,0,0,0,0,0,0,0,0,0,0,0,0,0
9542,REST_X1,9542,3,2,0,0,0,0,0,0,0,0,0,0,0,0,0
9543,REST_X1,9543,3,9,0,0,0,0,0,0,0,0,0,0,0,0,0
9544,[X1_X14_GET_req],9544,3,10,0,0,0,0,0,0,0,0,0,0,0,0,1
9545,REST_X14,9545,3,10,0,0,0,0,0,0,0,0,0,0,0,0,2
9546,REST_X14,9546,3,10,0,0,0,0,0,0,0,0,0,0,0,0,5
9547,[X14_X6_GET_req],9547,3,10,0,0,0,0,1,0,0,0,0,0,0,0,6
9548,REST_X6,9548,3,10,0,0,0,0,2,0,0,0,0,0,0,0,6
9549,REST_X6,9549,3,10,0,0,0,0,5,0,0,0,0,0,0,0,6
9550,[X6_X5_GET_req],9550,3,10,0,0,0,1,6,0,0,0,0,0,0,0,6
9551,REST_X5,9551,3,10,0,0,0,2,6,0,0,0,0,0,0,0,6
9552,REST_X5,9552,3,10,0,0,0,3,6,0,0,0,0,0,0,0,6
9553,[X6_X5_GET_resp_2xx],9553,3,10,0,0,0,0,3,0,0,0,0,0,0,0,6
9554,[X14_X6_GET_resp_2xx],9554,3,10,0,0,0,0,0,0,0,0,0,0,0,0,3
9555,[X1_X14_GET_resp_2xx],9555,3,3,0,0,0,0,0,0,0,0,0,0,0,0,0
9556,[X0_X1_GET_resp_2xx],9556,0,0,0,0,0,0,0,0,0,0,0,0,0,0,0
9557,REST_X0,9557,2,0,0,0,0,0,0,0,0,0,0,0,0,0,0
9558,[X0_X1_GET_req],9558,3,1,0,0,0,0,0,0,0,0,0,0,0,0,0
9559,REST_X1,9559,3,2,0,0,0,0,0,0,0,0,0,0,0,0,0
9560,REST_X1,9560,3,9,0,0,0,0,0,0,0,0,0,0,0,0,0
9561,[X1_X14_GET_req],9561,3,10,0,0,0,0,0,0,0,0,0,0,0,0,1
9562,REST_X14,9562,3,10,0,0,0,0,0,0,0,0,0,0,0,0,2
9563,REST_X14,9563,3,10,0,0,0,0,0,0,0,0,0,0,0,0,5
9564,[X14_X6_GET_req],9564,3,10,0,0,0,0,1,0,0,0,0,0,0,0,6
9565,REST_X6,9565,3,10,0,0,0,0,2,0,0,0,0,0,0,0,6
9566,REST_X6,9566,3,10,0,0,0,0,5,0,0,0,0,0,0,0,6
9567,[X6_X5_GET_req],9567,3,10,0,0,0,1,6,0,0,0,0,0,0,0,6
9568,REST_X5,9568,3,10,0,0,0,2,6,0,0,0,0,0,0,0,6
9569,REST_X5,9569,3,10,0,0,0,4,6,0,0,0,0,0,0,0,6
9570,[X6_X5_GET_resp_5xx],9570,3,10,0,0,0,0,7,0,0,0,0,0,0,0,6
9571,[X6_X5_GET_req],9571,3,10,0,0,0,1,8,0,0,0,0,0,0,0,6
9572,REST_X5,9572,3,10,0,0,0,2,8,0,0,0,0,0,0,0,6
9573,REST_X5,9573,3,10,0,0,0,4,8,0,0,0,0,0,0,0,6
9574,[X6_X5_GET_resp_5xx],9574,3,10,0,0,0,0,4,0,0,0,0,0,0,0,6
9575,[X14_X6_GET_resp_5xx],9575,3,10,0,0,0,0,0,0,0,0,0,0,0,0,7
9576,[X14_X6_GET_req],9576,3,10,0,0,0,0,1,0,0,0,0,0,0,0,8
9577,REST_X6,9577,3,10,0,0,0,0,2,0,0,0,0,0,0,0,8
9578,REST_X6,9578,3,10,0,0,0,0,5,0,0,0,0,0,0,0,8
9579,[X6_X5_GET_req],9579,3,10,0,0,0,1,6,0,0,0,0,0,0,0,8
9580,REST_X5,9580,3,10,0,0,0,2,6,0,0,0,0,0,0,0,8
9581,REST_X5,9581,3,10,0,0,0,3,6,0,0,0,0,0,0,0,8
9582,[X6_X5_GET_resp_2xx],9582,3,10,0,0,0,0,3,0,0,0,0,0,0,0,8
9583,[X14_X6_GET_resp_2xx],9583,3,10,0,0,0,0,0,0,0,0,0,0,0,0,3
9584,[X1_X14_GET_resp_2xx],9584,3,3,0,0,0,0,0,0,0,0,0,0,0,0,0
9585,[X0_X1_GET_resp_2xx],9585,0,0,0,0,0,0,0,0,0,0,0,0,0,0,0
9586,REST_X0,9586,2,0,0,0,0,0,0,0,0,0,0,0,0,0,0
9587,[X0_X1_GET_req],9587,3,1,0,0,0,0,0,0,0,0,0,0,0,0,0
9588,REST_X1,9588,3,2,0,0,0,0,0,0,0,0,0,0,0,0,0
9589,REST_X1,9589,3,5,0,0,0,0,0,0,0,0,0,0,0,0,0
9590,[X1_X8_GET_req],9590,3,6,0,0,0,0,0,0,1,0,0,0,0,0,0
9591,REST_X8,9591,3,6,0,0,0,0,0,0,2,0,0,0,0,0,0
9592,REST_X8,9592,3,6,0,0,0,0,0,0,5,0,0,0,0,0,0
9593,[X8_X12_GET_req],9593,3,6,0,0,0,0,0,0,6,0,0,0,1,0,0
9594,REST_X12,9594,3,6,0,0,0,0,0,0,6,0,0,0,2,0,0
9595,REST_X12,9595,3,6,0,0,0,0,0,0,6,0,0,0,5,0,0
9596,[X12_X3_GET_req],9596,3,6,0,1,0,0,0,0,6,0,0,0,6,0,0
9597,REST_X3,9597,3,6,0,2,0,0,0,0,6,0,0,0,6,0,0
9598,REST_X3,9598,3,6,0,5,0,0,0,0,6,0,0,0,6,0,0
9599,[X3_X9_GET_req],9599,3,6,0,6,0,0,0,0,6,1,0,0,6,0,0
9600,REST_X9,9600,3,6,0,6,0,0,0,0,6,2,0,0,6,0,0
9601,REST_X9,9601,3,6,0,6,0,0,0,0,6,3,0,0,6,0,0
9602,[X3_X9_GET_resp_2xx],9602,3,6,0,3,0,0,0,0,6,0,0,0,6,0,0
9603,[X12_X3_GET_resp_2xx],9603,3,6,0,0,0,0,0,0,6,0,0,0,3,0,0
9604,[X8_X12_GET_resp_2xx],9604,3,6,0,0,0,0,0,0,3,0,0,0,0,0,0
9605,[X1_X8_GET_resp_2xx],9605,3,3,0,0,0,0,0,0,0,0,0,0,0,0,0
9606,[X0_X1_GET_resp_2xx],9606,0,0,0,0,0,0,0,0,0,0,0,0,0,0,0
9607,REST_X0,9607,2,0,0,0,0,0,0,0,0,0,0,0,0,0,0
9608,[X0_X1_GET_req],9608,3,1,0,0,0,0,0,0,0,0,0,0,0,0,0
9609,REST_X1,9609,3,2,0,0,0,0,0,0,0,0,0,0,0,0,0
9610,REST_X1,9610,3,9,0,0,0,0,0,0,0,0,0,0,0,0,0
9611,[X1_X14_GET_req],9611,3,10,0,0,0,0,0,0,0,0,0,0,0,0,1
9612,REST_X14,9612,3,10,0,0,0,0,0,0,0,0,0,0,0,0,2
9613,REST_X14,9613,3,10,0,0,0,0,0,0,0,0,0,0,0,0,5
9614,[X14_X6_GET_req],9614,3,10,0,0,0,0,1,0,0,0,0,0,0,0,6
9615,REST_X6,9615,3,10,0,0,0,0,2,0,0,0,0,0,0,0,6
9616,REST_X6,9616,3,10,0,0,0,0,5,0,0,0,0,0,0,0,6
9617,[X6_X5_GET_req],9617,3,10,0,0,0,1,6,0,0,0,0,0,0,0,6
9618,REST_X5,9618,3,10,0,0,0,2,6,0,0,0,0,0,0,0,6
9619,REST_X5,9619,3,10,0,0,0,3,6,0,0,0,0,0,0,0,6
9620,[X6_X5_GET_resp_2xx],9620,3,10,0,0,0,0,3,0,0,0,0,0,0,0,6
9621,[X14_X6_GET_resp_2xx],9621,3,10,0,0,0,0,0,0,0,0,0,0,0,0,3
9622,[X1_X14_GET_resp_2xx],9622,3,3,0,0,0,0,0,0,0,0,0,0,0,0,0
9623,[X0_X1_GET_resp_2xx],9623,0,0,0,0,0,0,0,0,0,0,0,0,0,0,0
9624,REST_X0,9624,2,0,0,0,0,0,0,0,0,0,0,0,0,0,0
9625,[X0_X1_GET_req],9625,3,1,0,0,0,0,0,0,0,0,0,0,0,0,0
9626,REST_X1,9626,3,2,0,0,0,0,0,0,0,0,0,0,0,0,0
9627,REST_X1,9627,3,9,0,0,0,0,0,0,0,0,0,0,0,0,0
9628,[X1_X14_GET_req],9628,3,10,0,0,0,0,0,0,0,0,0,0,0,0,1
9629,REST_X14,9629,3,10,0,0,0,0,0,0,0,0,0,0,0,0,2
9630,REST_X14,9630,3,10,0,0,0,0,0,0,0,0,0,0,0,0,5
9631,[X14_X6_GET_req],9631,3,10,0,0,0,0,1,0,0,0,0,0,0,0,6
9632,REST_X6,9632,3,10,0,0,0,0,2,0,0,0,0,0,0,0,6
9633,REST_X6,9633,3,10,0,0,0,0,5,0,0,0,0,0,0,0,6
9634,[X6_X5_GET_req],9634,3,10,0,0,0,1,6,0,0,0,0,0,0,0,6
9635,REST_X5,9635,3,10,0,0,0,2,6,0,0,0,0,0,0,0,6
9636,REST_X5,9636,3,10,0,0,0,3,6,0,0,0,0,0,0,0,6
9637,[X6_X5_GET_resp_2xx],9637,3,10,0,0,0,0,3,0,0,0,0,0,0,0,6
9638,[X14_X6_GET_resp_2xx],9638,3,10,0,0,0,0,0,0,0,0,0,0,0,0,3
9639,[X1_X14_GET_resp_2xx],9639,3,3,0,0,0,0,0,0,0,0,0,0,0,0,0
9640,[X0_X1_GET_resp_2xx],9640,0,0,0,0,0,0,0,0,0,0,0,0,0,0,0
9641,REST_X0,9641,2,0,0,0,0,0,0,0,0,0,0,0,0,0,0
9642,[X0_X1_GET_req],9642,3,1,0,0,0,0,0,0,0,0,0,0,0,0,0
9643,REST_X1,9643,3,2,0,0,0,0,0,0,0,0,0,0,0,0,0
9644,REST_X1,9644,3,9,0,0,0,0,0,0,0,0,0,0,0,0,0
9645,[X1_X14_GET_req],9645,3,10,0,0,0,0,0,0,0,0,0,0,0,0,1
9646,REST_X14,9646,3,10,0,0,0,0,0,0,0,0,0,0,0,0,2
9647,REST_X14,9647,3,10,0,0,0,0,0,0,0,0,0,0,0,0,5
9648,[X14_X6_GET_req],9648,3,10,0,0,0,0,1,0,0,0,0,0,0,0,6
9649,REST_X6,9649,3,10,0,0,0,0,2,0,0,0,0,0,0,0,6
9650,REST_X6,9650,3,10,0,0,0,0,5,0,0,0,0,0,0,0,6
9651,[X6_X5_GET_req],9651,3,10,0,0,0,1,6,0,0,0,0,0,0,0,6
9652,REST_X5,9652,3,10,0,0,0,2,6,0,0,0,0,0,0,0,6
9653,REST_X5,9653,3,10,0,0,0,3,6,0,0,0,0,0,0,0,6
9654,[X6_X5_GET_resp_2xx],9654,3,10,0,0,0,0,3,0,0,0,0,0,0,0,6
9655,[X14_X6_GET_resp_2xx],9655,3,10,0,0,0,0,0,0,0,0,0,0,0,0,3
9656,[X1_X14_GET_resp_2xx],9656,3,3,0,0,0,0,0,0,0,0,0,0,0,0,0
9657,[X0_X1_GET_resp_2xx],9657,0,0,0,0,0,0,0,0,0,0,0,0,0,0,0
9658,REST_X0,9658,2,0,0,0,0,0,0,0,0,0,0,0,0,0,0
9659,[X0_X1_GET_req],9659,3,1,0,0,0,0,0,0,0,0,0,0,0,0,0
9660,REST_X1,9660,3,2,0,0,0,0,0,0,0,0,0,0,0,0,0
9661,REST_X1,9661,3,5,0,0,0,0,0,0,0,0,0,0,0,0,0
9662,[X1_X8_GET_req],9662,3,6,0,0,0,0,0,0,1,0,0,0,0,0,0
9663,REST_X8,9663,3,6,0,0,0,0,0,0,2,0,0,0,0,0,0
9664,REST_X8,9664,3,6,0,0,0,0,0,0,5,0,0,0,0,0,0
9665,[X8_X12_GET_req],9665,3,6,0,0,0,0,0,0,6,0,0,0,1,0,0
9666,REST_X12,9666,3,6,0,0,0,0,0,0,6,0,0,0,2,0,0
9667,REST_X12,9667,3,6,0,0,0,0,0,0,6,0,0,0,9,0,0
9668,[X12_X13_GET_req],9668,3,6,0,0,0,0,0,0,6,0,0,0,10,1,0
9669,REST_X13,9669,3,6,0,0,0,0,0,0,6,0,0,0,10,2,0
9670,REST_X13,9670,3,6,0,0,0,0,0,0,6,0,0,0,10,5,0
9671,[X13_X4_GET_req],9671,3,6,0,0,1,0,0,0,6,0,0,0,10,6,0
9672,REST_X4,9672,3,6,0,0,2,0,0,0,6,0,0,0,10,6,0
9673,REST_X4,9673,3,6,0,0,13,0,0,0,6,0,0,0,10,6,0
9674,[X4_X11_GET_req],9674,3,6,0,0,14,0,0,0,6,0,0,1,10,6,0
9675,REST_X11,9675,3,6,0,0,14,0,0,0,6,0,0,2,10,6,0
9676,REST_X11,9676,3,6,0,0,14,0,0,0,6,0,0,3,10,6,0
9677,[X4_X11_GET_resp_2xx],9677,3,6,0,0,3,0,0,0,6,0,0,0,10,6,0
9678,[X13_X4_GET_resp_2xx],9678,3,6,0,0,0,0,0,0,6,0,0,0,10,3,0
9679,[X12_X13_GET_resp_2xx],9679,3,6,0,0,0,0,0,0,6,0,0,0,3,0,0
9680,[X8_X12_GET_resp_2xx],9680,3,6,0,0,0,0,0,0,3,0,0,0,0,0,0
9681,[X1_X8_GET_resp_2xx],9681,3,3,0,0,0,0,0,0,0,0,0,0,0,0,0
9682,[X0_X1_GET_resp_2xx],9682,0,0,0,0,0,0,0,0,0,0,0,0,0,0,0
9683,REST_X0,9683,2,0,0,0,0,0,0,0,0,0,0,0,0,0,0
9684,[X0_X1_GET_req],9684,3,1,0,0,0,0,0,0,0,0,0,0,0,0,0
9685,REST_X1,9685,3,2,0,0,0,0,0,0,0,0,0,0,0,0,0
9686,REST_X1,9686,3,9,0,0,0,0,0,0,0,0,0,0,0,0,0
9687,[X1_X14_GET_req],9687,3,10,0,0,0,0,0,0,0,0,0,0,0,0,1
9688,REST_X14,9688,3,10,0,0,0,0,0,0,0,0,0,0,0,0,2
9689,REST_X14,9689,3,10,0,0,0,0,0,0,0,0,0,0,0,0,5
9690,[X14_X6_GET_req],9690,3,10,0,0,0,0,1,0,0,0,0,0,0,0,6
9691,REST_X6,9691,3,10,0,0,0,0,2,0,0,0,0,0,0,0,6
9692,REST_X6,9692,3,10,0,0,0,0,5,0,0,0,0,0,0,0,6
9693,[X6_X5_GET_req],9693,3,10,0,0,0,1,6,0,0,0,0,0,0,0,6
9694,REST_X5,9694,3,10,0,0,0,2,6,0,0,0,0,0,0,0,6
9695,REST_X5,9695,3,10,0,0,0,3,6,0,0,0,0,0,0,0,6
9696,[X6_X5_GET_resp_2xx],9696,3,10,0,0,0,0,3,0,0,0,0,0,0,0,6
9697,[X14_X6_GET_resp_2xx],9697,3,10,0,0,0,0,0,0,0,0,0,0,0,0,3
9698,[X1_X14_GET_resp_2xx],9698,3,3,0,0,0,0,0,0,0,0,0,0,0,0,0
9699,[X0_X1_GET_resp_2xx],9699,0,0,0,0,0,0,0,0,0,0,0,0,0,0,0
9700,REST_X0,9700,2,0,0,0,0,0,0,0,0,0,0,0,0,0,0
9701,[X0_X1_GET_req],9701,3,1,0,0,0,0,0,0,0,0,0,0,0,0,0
9702,REST_X1,9702,3,2,0,0,0,0,0,0,0,0,0,0,0,0,0
9703,REST_X1,9703,3,5,0,0,0,0,0,0,0,0,0,0,0,0,0
9704,[X1_X8_GET_req],9704,3,6,0,0,0,0,0,0,1,0,0,0,0,0,0
9705,REST_X8,9705,3,6,0,0,0,0,0,0,2,0,0,0,0,0,0
9706,REST_X8,9706,3,6,0,0,0,0,0,0,5,0,0,0,0,0,0
9707,[X8_X12_GET_req],9707,3,6,0,0,0,0,0,0,6,0,0,0,1,0,0
9708,REST_X12,9708,3,6,0,0,0,0,0,0,6,0,0,0,2,0,0
9709,REST_X12,9709,3,6,0,0,0,0,0,0,6,0,0,0,9,0,0
9710,[X12_X13_GET_req],9710,3,6,0,0,0,0,0,0,6,0,0,0,10,1,0
9711,REST_X13,9711,3,6,0,0,0,0,0,0,6,0,0,0,10,2,0
9712,REST_X13,9712,3,6,0,0,0,0,0,0,6,0,0,0,10,5,0
9713,[X13_X4_GET_req],9713,3,6,0,0,1,0,0,0,6,0,0,0,10,6,0
9714,REST_X4,9714,3,6,0,0,2,0,0,0,6,0,0,0,10,6,0
9715,REST_X4,9715,3,6,0,0,13,0,0,0,6,0,0,0,10,6,0
9716,[X4_X11_GET_req],9716,3,6,0,0,14,0,0,0,6,0,0,1,10,6,0
9717,REST_X11,9717,3,6,0,0,14,0,0,0,6,0,0,2,10,6,0
9718,REST_X11,9718,3,6,0,0,14,0,0,0,6,0,0,3,10,6,0
9719,[X4_X11_GET_resp_2xx],9719,3,6,0,0,3,0,0,0,6,0,0,0,10,6,0
9720,[X13_X4_GET_resp_2xx],9720,3,6,0,0,0,0,0,0,6,0,0,0,10,3,0
9721,[X12_X13_GET_resp_2xx],9721,3,6,0,0,0,0,0,0,6,0,0,0,3,0,0
9722,[X8_X12_GET_resp_2xx],9722,3,6,0,0,0,0,0,0,3,0,0,0,0,0,0
9723,[X1_X8_GET_resp_2xx],9723,3,3,0,0,0,0,0,0,0,0,0,0,0,0,0
9724,[X0_X1_GET_resp_2xx],9724,0,0,0,0,0,0,0,0,0,0,0,0,0,0,0
9725,REST_X0,9725,2,0,0,0,0,0,0,0,0,0,0,0,0,0,0
9726,[X0_X1_GET_req],9726,3,1,0,0,0,0,0,0,0,0,0,0,0,0,0
9727,REST_X1,9727,3,2,0,0,0,0,0,0,0,0,0,0,0,0,0
9728,REST_X1,9728,3,9,0,0,0,0,0,0,0,0,0,0,0,0,0
9729,[X1_X14_GET_req],9729,3,10,0,0,0,0,0,0,0,0,0,0,0,0,1
9730,REST_X14,9730,3,10,0,0,0,0,0,0,0,0,0,0,0,0,2
9731,REST_X14,9731,3,10,0,0,0,0,0,0,0,0,0,0,0,0,5
9732,[X14_X6_GET_req],9732,3,10,0,0,0,0,1,0,0,0,0,0,0,0,6
9733,REST_X6,9733,3,10,0,0,0,0,2,0,0,0,0,0,0,0,6
9734,REST_X6,9734,3,10,0,0,0,0,5,0,0,0,0,0,0,0,6
9735,[X6_X5_GET_req],9735,3,10,0,0,0,1,6,0,0,0,0,0,0,0,6
9736,REST_X5,9736,3,10,0,0,0,2,6,0,0,0,0,0,0,0,6
9737,REST_X5,9737,3,10,0,0,0,3,6,0,0,0,0,0,0,0,6
9738,[X6_X5_GET_resp_2xx],9738,3,10,0,0,0,0,3,0,0,0,0,0,0,0,6
9739,[X14_X6_GET_resp_2xx],9739,3,10,0,0,0,0,0,0,0,0,0,0,0,0,3
9740,[X1_X14_GET_resp_2xx],9740,3,3,0,0,0,0,0,0,0,0,0,0,0,0,0
9741,[X0_X1_GET_resp_2xx],9741,0,0,0,0,0,0,0,0,0,0,0,0,0,0,0
9742,REST_X0,9742,2,0,0,0,0,0,0,0,0,0,0,0,0,0,0
9743,[X0_X1_GET_req],9743,3,1,0,0,0,0,0,0,0,0,0,0,0,0,0
9744,REST_X1,9744,3,2,0,0,0,0,0,0,0,0,0,0,0,0,0
9745,REST_X1,9745,3,5,0,0,0,0,0,0,0,0,0,0,0,0,0
9746,[X1_X8_GET_req],9746,3,6,0,0,0,0,0,0,1,0,0,0,0,0,0
9747,REST_X8,9747,3,6,0,0,0,0,0,0,2,0,0,0,0,0,0
9748,REST_X8,9748,3,6,0,0,0,0,0,0,5,0,0,0,0,0,0
9749,[X8_X12_GET_req],9749,3,6,0,0,0,0,0,0,6,0,0,0,1,0,0
9750,REST_X12,9750,3,6,0,0,0,0,0,0,6,0,0,0,2,0,0
9751,REST_X12,9751,3,6,0,0,0,0,0,0,6,0,0,0,9,0,0
9752,[X12_X13_GET_req],9752,3,6,0,0,0,0,0,0,6,0,0,0,10,1,0
9753,REST_X13,9753,3,6,0,0,0,0,0,0,6,0,0,0,10,2,0
9754,REST_X13,9754,3,6,0,0,0,0,0,0,6,0,0,0,10,5,0
9755,[X13_X4_GET_req],9755,3,6,0,0,1,0,0,0,6,0,0,0,10,6,0
9756,REST_X4,9756,3,6,0,0,2,0,0,0,6,0,0,0,10,6,0
9757,REST_X4,9757,3,6,0,0,9,0,0,0,6,0,0,0,10,6,0
9758,[X4_X7_GET_req],9758,3,6,0,0,10,0,0,1,6,0,0,0,10,6,0
9759,REST_X7,9759,3,6,0,0,10,0,0,2,6,0,0,0,10,6,0
9760,REST_X7,9760,3,6,0,0,10,0,0,5,6,0,0,0,10,6,0
9761,[X7_X10_GET_req],9761,3,6,0,0,10,0,0,6,6,0,1,0,10,6,0
9762,REST_X10,9762,3,6,0,0,10,0,0,6,6,0,2,0,10,6,0
9763,REST_X10,9763,3,6,0,0,10,0,0,6,6,0,3,0,10,6,0
9764,[X7_X10_GET_resp_2xx],9764,3,6,0,0,10,0,0,3,6,0,0,0,10,6,0
9765,[X4_X7_GET_resp_2xx],9765,3,6,0,0,3,0,0,0,6,0,0,0,10,6,0
9766,[X13_X4_GET_resp_2xx],9766,3,6,0,0,0,0,0,0,6,0,0,0,10,3,0
9767,[X12_X13_GET_resp_2xx],9767,3,6,0,0,0,0,0,0,6,0,0,0,3,0,0
9768,[X8_X12_GET_resp_2xx],9768,3,6,0,0,0,0,0,0,3,0,0,0,0,0,0
9769,[X1_X8_GET_resp_2xx],9769,3,3,0,0,0,0,0,0,0,0,0,0,0,0,0
9770,[X0_X1_GET_resp_2xx],9770,0,0,0,0,0,0,0,0,0,0,0,0,0,0,0
9771,REST_X0,9771,2,0,0,0,0,0,0,0,0,0,0,0,0,0,0
9772,[X0_X1_GET_req],9772,3,1,0,0,0,0,0,0,0,0,0,0,0,0,0
9773,REST_X1,9773,3,2,0,0,0,0,0,0,0,0,0,0,0,0,0
9774,REST_X1,9774,3,9,0,0,0,0,0,0,0,0,0,0,0,0,0
9775,[X1_X14_GET_req],9775,3,10,0,0,0,0,0,0,0,0,0,0,0,0,1
9776,REST_X14,9776,3,10,0,0,0,0,0,0,0,0,0,0,0,0,2
9777,REST_X14,9777,3,10,0,0,0,0,0,0,0,0,0,0,0,0,5
9778,[X14_X6_GET_req],9778,3,10,0,0,0,0,1,0,0,0,0,0,0,0,6
9779,REST_X6,9779,3,10,0,0,0,0,2,0,0,0,0,0,0,0,6
9780,REST_X6,9780,3,10,0,0,0,0,5,0,0,0,0,0,0,0,6
9781,[X6_X5_GET_req],9781,3,10,0,0,0,1,6,0,0,0,0,0,0,0,6
9782,REST_X5,9782,3,10,0,0,0,2,6,0,0,0,0,0,0,0,6
9783,REST_X5,9783,3,10,0,0,0,4,6,0,0,0,0,0,0,0,6
9784,[X6_X5_GET_resp_5xx],9784,3,10,0,0,0,0,7,0,0,0,0,0,0,0,6
9785,[X6_X5_GET_req],9785,3,10,0,0,0,1,8,0,0,0,0,0,0,0,6
9786,REST_X5,9786,3,10,0,0,0,2,8,0,0,0,0,0,0,0,6
9787,REST_X5,9787,3,10,0,0,0,3,8,0,0,0,0,0,0,0,6
9788,[X6_X5_GET_resp_2xx],9788,3,10,0,0,0,0,3,0,0,0,0,0,0,0,6
9789,[X14_X6_GET_resp_2xx],9789,3,10,0,0,0,0,0,0,0,0,0,0,0,0,3
9790,[X1_X14_GET_resp_2xx],9790,3,3,0,0,0,0,0,0,0,0,0,0,0,0,0
9791,[X0_X1_GET_resp_2xx],9791,0,0,0,0,0,0,0,0,0,0,0,0,0,0,0
9792,REST_X0,9792,2,0,0,0,0,0,0,0,0,0,0,0,0,0,0
9793,[X0_X1_GET_req],9793,3,1,0,0,0,0,0,0,0,0,0,0,0,0,0
9794,REST_X1,9794,3,2,0,0,0,0,0,0,0,0,0,0,0,0,0
9795,REST_X1,9795,3,5,0,0,0,0,0,0,0,0,0,0,0,0,0
9796,[X1_X8_GET_req],9796,3,6,0,0,0,0,0,0,1,0,0,0,0,0,0
9797,REST_X8,9797,3,6,0,0,0,0,0,0,2,0,0,0,0,0,0
9798,REST_X8,9798,3,6,0,0,0,0,0,0,5,0,0,0,0,0,0
9799,[X8_X12_GET_req],9799,3,6,0,0,0,0,0,0,6,0,0,0,1,0,0
9800,REST_X12,9800,3,6,0,0,0,0,0,0,6,0,0,0,2,0,0
9801,REST_X12,9801,3,6,0,0,0,0,0,0,6,0,0,0,5,0,0
9802,[X12_X3_GET_req],9802,3,6,0,1,0,0,0,0,6,0,0,0,6,0,0
9803,REST_X3,9803,3,6,0,2,0,0,0,0,6,0,0,0,6,0,0
9804,REST_X3,9804,3,6,0,5,0,0,0,0,6,0,0,0,6,0,0
9805,[X3_X9_GET_req],9805,3,6,0,6,0,0,0,0,6,1,0,0,6,0,0
9806,REST_X9,9806,3,6,0,6,0,0,0,0,6,2,0,0,6,0,0
9807,REST_X9,9807,3,6,0,6,0,0,0,0,6,3,0,0,6,0,0
9808,[X3_X9_GET_resp_2xx],9808,3,6,0,3,0,0,0,0,6,0,0,0,6,0,0
9809,[X12_X3_GET_resp_2xx],9809,3,6,0,0,0,0,0,0,6,0,0,0,3,0,0
9810,[X8_X12_GET_resp_2xx],9810,3,6,0,0,0,0,0,0,3,0,0,0,0,0,0
9811,[X1_X8_GET_resp_2xx],9811,3,3,0,0,0,0,0,0,0,0,0,0,0,0,0
9812,[X0_X1_GET_resp_2xx],9812,0,0,0,0,0,0,0,0,0,0,0,0,0,0,0
9813,REST_X0,9813,2,0,0,0,0,0,0,0,0,0,0,0,0,0,0
9814,[X0_X1_GET_req],9814,3,1,0,0,0,0,0,0,0,0,0,0,0,0,0
9815,REST_X1,9815,3,2,0,0,0,0,0,0,0,0,0,0,0,0,0
9816,REST_X1,9816,3,9,0,0,0,0,0,0,0,0,0,0,0,0,0
9817,[X1_X14_GET_req],9817,3,10,0,0,0,0,0,0,0,0,0,0,0,0,1
9818,REST_X14,9818,3,10,0,0,0,0,0,0,0,0,0,0,0,0,2
9819,REST_X14,9819,3,10,0,0,0,0,0,0,0,0,0,0,0,0,5
9820,[X14_X6_GET_req],9820,3,10,0,0,0,0,1,0,0,0,0,0,0,0,6
9821,REST_X6,9821,3,10,0,0,0,0,2,0,0,0,0,0,0,0,6
9822,REST_X6,9822,3,10,0,0,0,0,5,0,0,0,0,0,0,0,6
9823,[X6_X5_GET_req],9823,3,10,0,0,0,1,6,0,0,0,0,0,0,0,6
9824,REST_X5,9824,3,10,0,0,0,2,6,0,0,0,0,0,0,0,6
9825,REST_X5,9825,3,10,0,0,0,3,6,0,0,0,0,0,0,0,6
9826,[X6_X5_GET_resp_2xx],9826,3,10,0,0,0,0,3,0,0,0,0,0,0,0,6
9827,[X14_X6_GET_resp_2xx],9827,3,10,0,0,0,0,0,0,0,0,0,0,0,0,3
9828,[X1_X14_GET_resp_2xx],9828,3,3,0,0,0,0,0,0,0,0,0,0,0,0,0
9829,[X0_X1_GET_resp_2xx],9829,0,0,0,0,0,0,0,0,0,0,0,0,0,0,0
9830,REST_X0,9830,2,0,0,0,0,0,0,0,0,0,0,0,0,0,0
9831,[X0_X1_GET_req],9831,3,1,0,0,0,0,0,0,0,0,0,0,0,0,0
9832,REST_X1,9832,3,2,0,0,0,0,0,0,0,0,0,0,0,0,0
9833,REST_X1,9833,3,5,0,0,0,0,0,0,0,0,0,0,0,0,0
9834,[X1_X8_GET_req],9834,3,6,0,0,0,0,0,0,1,0,0,0,0,0,0
9835,REST_X8,9835,3,6,0,0,0,0,0,0,2,0,0,0,0,0,0
9836,REST_X8,9836,3,6,0,0,0,0,0,0,5,0,0,0,0,0,0
9837,[X8_X12_GET_req],9837,3,6,0,0,0,0,0,0,6,0,0,0,1,0,0
9838,REST_X12,9838,3,6,0,0,0,0,0,0,6,0,0,0,2,0,0
9839,REST_X12,9839,3,6,0,0,0,0,0,0,6,0,0,0,5,0,0
9840,[X12_X3_GET_req],9840,3,6,0,1,0,0,0,0,6,0,0,0,6,0,0
9841,REST_X3,9841,3,6,0,2,0,0,0,0,6,0,0,0,6,0,0
9842,REST_X3,9842,3,6,0,5,0,0,0,0,6,0,0,0,6,0,0
9843,[X3_X9_GET_req],9843,3,6,0,6,0,0,0,0,6,1,0,0,6,0,0
9844,REST_X9,9844,3,6,0,6,0,0,0,0,6,2,0,0,6,0,0
9845,REST_X9,9845,3,6,0,6,0,0,0,0,6,3,0,0,6,0,0
9846,[X3_X9_GET_resp_2xx],9846,3,6,0,3,0,0,0,0,6,0,0,0,6,0,0
9847,[X12_X3_GET_resp_2xx],9847,3,6,0,0,0,0,0,0,6,0,0,0,3,0,0
9848,[X8_X12_GET_resp_2xx],9848,3,6,0,0,0,0,0,0,3,0,0,0,0,0,0
9849,[X1_X8_GET_resp_2xx],9849,3,3,0,0,0,0,0,0,0,0,0,0,0,0,0
9850,[X0_X1_GET_resp_2xx],9850,0,0,0,0,0,0,0,0,0,0,0,0,0,0,0
9851,REST_X0,9851,2,0,0,0,0,0,0,0,0,0,0,0,0,0,0
9852,[X0_X1_GET_req],9852,3,1,0,0,0,0,0,0,0,0,0,0,0,0,0
9853,REST_X1,9853,3,2,0,0,0,0,0,0,0,0,0,0,0,0,0
9854,REST_X1,9854,3,9,0,0,0,0,0,0,0,0,0,0,0,0,0
9855,[X1_X14_GET_req],9855,3,10,0,0,0,0,0,0,0,0,0,0,0,0,1
9856,REST_X14,9856,3,10,0,0,0,0,0,0,0,0,0,0,0,0,2
9857,REST_X14,9857,3,10,0,0,0,0,0,0,0,0,0,0,0,0,5
9858,[X14_X6_GET_req],9858,3,10,0,0,0,0,1,0,0,0,0,0,0,0,6
9859,REST_X6,9859,3,10,0,0,0,0,2,0,0,0,0,0,0,0,6
9860,REST_X6,9860,3,10,0,0,0,0,5,0,0,0,0,0,0,0,6
9861,[X6_X5_GET_req],9861,3,10,0,0,0,1,6,0,0,0,0,0,0,0,6
9862,REST_X5,9862,3,10,0,0,0,2,6,0,0,0,0,0,0,0,6
9863,REST_X5,9863,3,10,0,0,0,3,6,0,0,0,0,0,0,0,6
9864,[X6_X5_GET_resp_2xx],9864,3,10,0,0,0,0,3,0,0,0,0,0,0,0,6
9865,[X14_X6_GET_resp_2xx],9865,3,10,0,0,0,0,0,0,0,0,0,0,0,0,3
9866,[X1_X14_GET_resp_2xx],9866,3,3,0,0,0,0,0,0,0,0,0,0,0,0,0
9867,[X0_X1_GET_resp_2xx],9867,0,0,0,0,0,0,0,0,0,0,0,0,0,0,0
9868,REST_X0,9868,2,0,0,0,0,0,0,0,0,0,0,0,0,0,0
9869,[X0_X1_GET_req],9869,3,1,0,0,0,0,0,0,0,0,0,0,0,0,0
9870,REST_X1,9870,3,2,0,0,0,0,0,0,0,0,0,0,0,0,0
9871,REST_X1,9871,3,9,0,0,0,0,0,0,0,0,0,0,0,0,0
9872,[X1_X14_GET_req],9872,3,10,0,0,0,0,0,0,0,0,0,0,0,0,1
9873,REST_X14,9873,3,10,0,0,0,0,0,0,0,0,0,0,0,0,2
9874,REST_X14,9874,3,10,0,0,0,0,0,0,0,0,0,0,0,0,5
9875,[X14_X6_GET_req],9875,3,10,0,0,0,0,1,0,0,0,0,0,0,0,6
9876,REST_X6,9876,3,10,0,0,0,0,2,0,0,0,0,0,0,0,6
9877,REST_X6,9877,3,10,0,0,0,0,5,0,0,0,0,0,0,0,6
9878,[X6_X5_GET_req],9878,3,10,0,0,0,1,6,0,0,0,0,0,0,0,6
9879,REST_X5,9879,3,10,0,0,0,2,6,0,0,0,0,0,0,0,6
9880,REST_X5,9880,3,10,0,0,0,3,6,0,0,0,0,0,0,0,6
9881,[X6_X5_GET_resp_2xx],9881,3,10,0,0,0,0,3,0,0,0,0,0,0,0,6
9882,[X14_X6_GET_resp_2xx],9882,3,10,0,0,0,0,0,0,0,0,0,0,0,0,3
9883,[X1_X14_GET_resp_2xx],9883,3,3,0,0,0,0,0,0,0,0,0,0,0,0,0
9884,[X0_X1_GET_resp_2xx],9884,0,0,0,0,0,0,0,0,0,0,0,0,0,0,0
9885,REST_X0,9885,2,0,0,0,0,0,0,0,0,0,0,0,0,0,0
9886,[X0_X1_GET_req],9886,3,1,0,0,0,0,0,0,0,0,0,0,0,0,0
9887,REST_X1,9887,3,2,0,0,0,0,0,0,0,0,0,0,0,0,0
9888,REST_X1,9888,3,5,0,0,0,0,0,0,0,0,0,0,0,0,0
9889,[X1_X8_GET_req],9889,3,6,0,0,0,0,0,0,1,0,0,0,0,0,0
9890,REST_X8,9890,3,6,0,0,0,0,0,0,2,0,0,0,0,0,0
9891,REST_X8,9891,3,6,0,0,0,0,0,0,5,0,0,0,0,0,0
9892,[X8_X12_GET_req],9892,3,6,0,0,0,0,0,0,6,0,0,0,1,0,0
9893,REST_X12,9893,3,6,0,0,0,0,0,0,6,0,0,0,2,0,0
9894,REST_X12,9894,3,6,0,0,0,0,0,0,6,0,0,0,9,0,0
9895,[X12_X13_GET_req],9895,3,6,0,0,0,0,0,0,6,0,0,0,10,1,0
9896,REST_X13,9896,3,6,0,0,0,0,0,0,6,0,0,0,10,2,0
9897,REST_X13,9897,3,6,0,0,0,0,0,0,6,0,0,0,10,5,0
9898,[X13_X4_GET_req],9898,3,6,0,0,1,0,0,0,6,0,0,0,10,6,0
9899,REST_X4,9899,3,6,0,0,2,0,0,0,6,0,0,0,10,6,0
9900,REST_X4,9900,3,6,0,0,5,0,0,0,6,0,0,0,10,6,0
9901,[X4_X2_GET_req],9901,3,6,1,0,6,0,0,0,6,0,0,0,10,6,0
9902,REST_X2,9902,3,6,2,0,6,0,0,0,6,0,0,0,10,6,0
9903,REST_X2,9903,3,6,3,0,6,0,0,0,6,0,0,0,10,6,0
9904,[X4_X2_GET_resp_2xx],9904,3,6,0,0,3,0,0,0,6,0,0,0,10,6,0
9905,[X13_X4_GET_resp_2xx],9905,3,6,0,0,0,0,0,0,6,0,0,0,10,3,0
9906,[X12_X13_GET_resp_2xx],9906,3,6,0,0,0,0,0,0,6,0,0,0,3,0,0
9907,[X8_X12_GET_resp_2xx],9907,3,6,0,0,0,0,0,0,3,0,0,0,0,0,0
9908,[X1_X8_GET_resp_2xx],9908,3,3,0,0,0,0,0,0,0,0,0,0,0,0,0
9909,[X0_X1_GET_resp_2xx],9909,0,0,0,0,0,0,0,0,0,0,0,0,0,0,0
9910,REST_X0,9910,2,0,0,0,0,0,0,0,0,0,0,0,0,0,0
9911,[X0_X1_GET_req],9911,3,1,0,0,0,0,0,0,0,0,0,0,0,0,0
9912,REST_X1,9912,3,2,0,0,0,0,0,0,0,0,0,0,0,0,0
9913,REST_X1,9913,3,9,0,0,0,0,0,0,0,0,0,0,0,0,0
9914,[X1_X14_GET_req],9914,3,10,0,0,0,0,0,0,0,0,0,0,0,0,1
9915,REST_X14,9915,3,10,0,0,0,0,0,0,0,0,0,0,0,0,2
9916,REST_X14,9916,3,10,0,0,0,0,0,0,0,0,0,0,0,0,5
9917,[X14_X6_GET_req],9917,3,10,0,0,0,0,1,0,0,0,0,0,0,0,6
9918,REST_X6,9918,3,10,0,0,0,0,2,0,0,0,0,0,0,0,6
9919,REST_X6,9919,3,10,0,0,0,0,5,0,0,0,0,0,0,0,6
9920,[X6_X5_GET_req],9920,3,10,0,0,0,1,6,0,0,0,0,0,0,0,6
9921,REST_X5,9921,3,10,0,0,0,2,6,0,0,0,0,0,0,0,6
9922,REST_X5,9922,3,10,0,0,0,3,6,0,0,0,0,0,0,0,6
9923,[X6_X5_GET_resp_2xx],9923,3,10,0,0,0,0,3,0,0,0,0,0,0,0,6
9924,[X14_X6_GET_resp_2xx],9924,3,10,0,0,0,0,0,0,0,0,0,0,0,0,3
9925,[X1_X14_GET_resp_2xx],9925,3,3,0,0,0,0,0,0,0,0,0,0,0,0,0
9926,[X0_X1_GET_resp_2xx],9926,0,0,0,0,0,0,0,0,0,0,0,0,0,0,0
9927,REST_X0,9927,2,0,0,0,0,0,0,0,0,0,0,0,0,0,0
9928,[X0_X1_GET_req],9928,3,1,0,0,0,0,0,0,0,0,0,0,0,0,0
9929,REST_X1,9929,3,2,0,0,0,0,0,0,0,0,0,0,0,0,0
9930,REST_X1,9930,3,5,0,0,0,0,0,0,0,0,0,0,0,0,0
9931,[X1_X8_GET_req],9931,3,6,0,0,0,0,0,0,1,0,0,0,0,0,0
9932,REST_X8,9932,3,6,0,0,0,0,0,0,2,0,0,0,0,0,0
9933,REST_X8,9933,3,6,0,0,0,0,0,0,5,0,0,0,0,0,0
9934,[X8_X12_GET_req],9934,3,6,0,0,0,0,0,0,6,0,0,0,1,0,0
9935,REST_X12,9935,3,6,0,0,0,0,0,0,6,0,0,0,2,0,0
9936,REST_X12,9936,3,6,0,0,0,0,0,0,6,0,0,0,5,0,0
9937,[X12_X3_GET_req],9937,3,6,0,1,0,0,0,0,6,0,0,0,6,0,0
9938,REST_X3,9938,3,6,0,2,0,0,0,0,6,0,0,0,6,0,0
9939,REST_X3,9939,3,6,0,5,0,0,0,0,6,0,0,0,6,0,0
9940,[X3_X9_GET_req],9940,3,6,0,6,0,0,0,0,6,1,0,0,6,0,0
9941,REST_X9,9941,3,6,0,6,0,0,0,0,6,2,0,0,6,0,0
9942,REST_X9,9942,3,6,0,6,0,0,0,0,6,3,0,0,6,0,0
9943,[X3_X9_GET_resp_2xx],9943,3,6,0,3,0,0,0,0,6,0,0,0,6,0,0
9944,[X12_X3_GET_resp_2xx],9944,3,6,0,0,0,0,0,0,6,0,0,0,3,0,0
9945,[X8_X12_GET_resp_2xx],9945,3,6,0,0,0,0,0,0,3,0,0,0,0,0,0
9946,[X1_X8_GET_resp_2xx],9946,3,3,0,0,0,0,0,0,0,0,0,0,0,0,0
9947,[X0_X1_GET_resp_2xx],9947,0,0,0,0,0,0,0,0,0,0,0,0,0,0,0
9948,REST_X0,9948,2,0,0,0,0,0,0,0,0,0,0,0,0,0,0
9949,[X0_X1_GET_req],9949,3,1,0,0,0,0,0,0,0,0,0,0,0,0,0
9950,REST_X1,9950,3,2,0,0,0,0,0,0,0,0,0,0,0,0,0
9951,REST_X1,9951,3,5,0,0,0,0,0,0,0,0,0,0,0,0,0
9952,[X1_X8_GET_req],9952,3,6,0,0,0,0,0,0,1,0,0,0,0,0,0
9953,REST_X8,9953,3,6,0,0,0,0,0,0,2,0,0,0,0,0,0
9954,REST_X8,9954,3,6,0,0,0,0,0,0,5,0,0,0,0,0,0
9955,[X8_X12_GET_req],9955,3,6,0,0,0,0,0,0,6,0,0,0,1,0,0
9956,REST_X12,9956,3,6,0,0,0,0,0,0,6,0,0,0,2,0,0
9957,REST_X12,9957,3,6,0,0,0,0,0,0,6,0,0,0,5,0,0
9958,[X12_X3_GET_req],9958,3,6,0,1,0,0,0,0,6,0,0,0,6,0,0
9959,REST_X3,9959,3,6,0,2,0,0,0,0,6,0,0,0,6,0,0
9960,REST_X3,9960,3,6,0,5,0,0,0,0,6,0,0,0,6,0,0
9961,[X3_X9_GET_req],9961,3,6,0,6,0,0,0,0,6,1,0,0,6,0,0
9962,REST_X9,9962,3,6,0,6,0,0,0,0,6,2,0,0,6,0,0
9963,REST_X9,9963,3,6,0,6,0,0,0,0,6,3,0,0,6,0,0
9964,[X3_X9_GET_resp_2xx],9964,3,6,0,3,0,0,0,0,6,0,0,0,6,0,0
9965,[X12_X3_GET_resp_2xx],9965,3,6,0,0,0,0,0,0,6,0,0,0,3,0,0
9966,[X8_X12_GET_resp_2xx],9966,3,6,0,0,0,0,0,0,3,0,0,0,0,0,0
9967,[X1_X8_GET_resp_2xx],9967,3,3,0,0,0,0,0,0,0,0,0,0,0,0,0
9968,[X0_X1_GET_resp_2xx],9968,0,0,0,0,0,0,0,0,0,0,0,0,0,0,0
9969,REST_X0,9969,2,0,0,0,0,0,0,0,0,0,0,0,0,0,0
9970,[X0_X1_GET_req],9970,3,1,0,0,0,0,0,0,0,0,0,0,0,0,0
9971,REST_X1,9971,3,2,0,0,0,0,0,0,0,0,0,0,0,0,0
9972,REST_X1,9972,3,9,0,0,0,0,0,0,0,0,0,0,0,0,0
9973,[X1_X14_GET_req],9973,3,10,0,0,0,0,0,0,0,0,0,0,0,0,1
9974,REST_X14,9974,3,10,0,0,0,0,0,0,0,0,0,0,0,0,2
9975,REST_X14,9975,3,10,0,0,0,0,0,0,0,0,0,0,0,0,5
9976,[X14_X6_GET_req],9976,3,10,0,0,0,0,1,0,0,0,0,0,0,0,6
9977,REST_X6,9977,3,10,0,0,0,0,2,0,0,0,0,0,0,0,6
9978,REST_X6,9978,3,10,0,0,0,0,5,0,0,0,0,0,0,0,6
9979,[X6_X5_GET_req],9979,3,10,0,0,0,1,6,0,0,0,0,0,0,0,6
9980,REST_X5,9980,3,10,0,0,0,2,6,0,0,0,0,0,0,0,6
9981,REST_X5,9981,3,10,0,0,0,4,6,0,0,0,0,0,0,0,6
9982,[X6_X5_GET_resp_5xx],9982,3,10,0,0,0,0,7,0,0,0,0,0,0,0,6
9983,[X6_X5_GET_req],9983,3,10,0,0,0,1,8,0,0,0,0,0,0,0,6
9984,REST_X5,9984,3,10,0,0,0,2,8,0,0,0,0,0,0,0,6
9985,REST_X5,9985,3,10,0,0,0,4,8,0,0,0,0,0,0,0,6
9986,[X6_X5_GET_resp_5xx],9986,3,10,0,0,0,0,4,0,0,0,0,0,0,0,6
9987,[X14_X6_GET_resp_5xx],9987,3,10,0,0,0,0,0,0,0,0,0,0,0,0,7
9988,[X14_X6_GET_req],9988,3,10,0,0,0,0,1,0,0,0,0,0,0,0,8
9989,REST_X6,9989,3,10,0,0,0,0,2,0,0,0,0,0,0,0,8
9990,REST_X6,9990,3,10,0,0,0,0,5,0,0,0,0,0,0,0,8
9991,[X6_X5_GET_req],9991,3,10,0,0,0,1,6,0,0,0,0,0,0,0,8
9992,REST_X5,9992,3,10,0,0,0,2,6,0,0,0,0,0,0,0,8
9993,REST_X5,9993,3,10,0,0,0,4,6,0,0,0,0,0,0,0,8
9994,[X6_X5_GET_resp_5xx],9994,3,10,0,0,0,0,7,0,0,0,0,0,0,0,8
9995,[X6_X5_GET_req],9995,3,10,0,0,0,1,8,0,0,0,0,0,0,0,8
9996,REST_X5,9996,3,10,0,0,0,2,8,0,0,0,0,0,0,0,8
9997,REST_X5,9997,3,10,0,0,0,3,8,0,0,0,0,0,0,0,8
9998,[X6_X5_GET_resp_2xx],9998,3,10,0,0,0,0,3,0,0,0,0,0,0,0,8
9999,[X14_X6_GET_resp_2xx],9999,3,10,0,0,0,0,0,0,0,0,0,0,0,0,3
10000,[X1_X14_GET_resp_2xx],10000,3,3,0,0,0,0,0,0,0,0,0,0,0,0,0
